0.4946456849575043,0.03896738588809967,0.1959022730588913
0.4946456849575043,0.07643727958202362,0.1845359057188034
0.4946456849575043,0.11096972972154617,0.16607792675495148
0.4946456849575043,0.14123767614364624,0.14123767614364624
0.4946456849575043,0.16607794165611267,0.11096971482038498
0.4946456849575043,0.1845359057188034,0.07643727958202362
0.4946456849575043,0.1959022730588913,0.03896739333868027
0.4946456849575043,0.1997402310371399,1.5079967496944846e-08
0.4946456849575043,0.1959022879600525,-0.03896736353635788
0.4946456849575043,0.11096971482038498,-0.16607794165611267
0.5022478103637695,0.03821863979101181,0.1959022730588913
0.5095579028129578,0.07496856153011322,0.1845359057188034
0.5162948369979858,0.10883747786283493,0.16607792675495148
0.522199809551239,0.13852381706237793,0.14123767614364624
0.5270459055900574,0.16288679838180542,0.11096971482038498
0.5306468605995178,0.1809900999069214,0.07643727958202362
0.5328643321990967,0.19213806092739105,0.03896739333868027
0.5336130857467651,0.1959022730588913,1.5079967496944846e-08
0.5328643321990967,0.19213806092739105,-0.03896736353635788
0.5306468605995178,0.1809900999069214,-0.07643724977970123
0.5270459055900574,0.16288679838180542,-0.11096971482038498
0.522199809551239,0.13852381706237793,-0.14123767614364624
0.5162948369979858,0.10883746296167374,-0.16607794165611267
0.5095579028129578,0.07496852427721024,-0.1845359355211258
0.5022478103637695,0.03821859136223793,-0.1959022879600525
0.5095579028129578,0.03600116819143295,0.1959022730588913
0.5238969922065735,0.07061883807182312,0.1845359057188034
0.5371119976043701,0.10252264887094498,0.16607792675495148
0.5486950278282166,0.13048657774925232,0.14123767614364624
0.558201014995575,0.15343599021434784,0.11096971482038498
0.5652645826339722,0.17048893868923187,0.07643727958202362
0.5696142911911011,0.1809900850057602,0.03896739333868027
0.5710830092430115,0.1845358908176422,1.5079967496944846e-08
0.5696142911911011,0.1809900850057602,-0.03896736353635788
0.5652645826339722,0.17048893868923187,-0.07643724977970123
0.558201014995575,0.15343599021434784,-0.11096971482038498
0.5486950278282166,0.13048657774925232,-0.14123767614364624
0.5371119976043701,0.10252263396978378,-0.16607794165611267
0.5238969922065735,0.07061880826950073,-0.1845359355211258
0.5095579028129578,0.03600111976265907,-0.1959022879600525
0.5162948369979858,0.032400187104940414,0.1959022730588913
0.5371119976043701,0.0635552704334259,0.1845359057188034
0.5562971830368042,0.09226793795824051,0.16607792675495148
0.573113203048706,0.11743481457233429,0.14123767614364624
0.5869137048721313,0.13808873295783997,0.11096971482038498
0.5971683859825134,0.15343597531318665,0.07643727958202362
0.6034832000732422,0.16288675367832184,0.03896739333868027
0.6056154370307922,0.16607791185379028,1.5079967496944846e-08
0.6034832000732422,0.16288675367832184,-0.03896736353635788
0.5971683859825134,0.15343599021434784,-0.07643724977970123
0.5869137048721313,0.13808873295783997,-0.11096971482038498
0.573113203048706,0.11743481457233429,-0.14123767614364624
0.5562971830368042,0.09226793050765991,-0.16607794165611267
0.5371119976043701,0.06355524063110352,-0.1845359355211258
0.5162948369979858,0.03240014985203743,-0.1959022879600525
0.5221998691558838,0.027554085478186607,0.1959022730588913
0.5486950278282166,0.0540492981672287,0.1845359057188034
0.573113203048706,0.07846742123365402,0.16607792675495148
0.594515860080719,0.09987009316682816,0.14123767614364624
0.6120805740356445,0.1174347996711731,0.11096971482038498
0.6251323223114014,0.13048656284809113,0.07643727958202362
0.6331695318222046,0.13852378726005554,0.03896739333868027
0.6358833909034729,0.14123763144016266,1.5079967496944846e-08
0.6331695318222046,0.13852378726005554,-0.03896736353635788
0.6251323223114014,0.13048657774925232,-0.07643724977970123
0.6120805740356445,0.1174347996711731,-0.11096971482038498
0.594515860080719,0.09987009316682816,-0.14123767614364624
0.573113203048706,0.07846741378307343,-0.16607794165611267
0.5486950278282166,0.054049283266067505,-0.1845359355211258
0.522199809551239,0.02755405195057392,-0.1959022879600525
0.5270459055900574,0.021649090573191643,0.1959022730588913
0.558201014995575,0.04246624931693077,0.1845359057188034
0.5869137048721313,0.06165144592523575,0.16607792675495148
0.6120805740356445,0.07846741378307343,0.14123767614364624
0.632734477519989,0.09226791560649872,0.11096971482038498
0.6480817198753357,0.10252262651920319,0.07643727958202362
0.6575325131416321,0.10883741825819016,0.03896739333868027
0.6607236266136169,0.11096968501806259,1.5079967496944846e-08
0.6575325131416321,0.10883741825819016,-0.03896736353635788
0.6480817198753357,0.10252263396978378,-0.07643724977970123
0.632734477519989,0.09226791560649872,-0.11096971482038498
0.6120805740356445,0.07846741378307343,-0.14123767614364624
0.5869137048721313,0.06165143474936485,-0.16607794165611267
0.558201014995575,0.04246623441576958,-0.1845359355211258
0.5270459055900574,0.021649066358804703,-0.1959022879600525
0.5306469202041626,0.014912131242454052,0.1959022730588913
0.5652645826339722,0.02925124205648899,0.1845359057188034
0.5971683859825134,0.04246623441576958,0.16607792675495148
0.6251323223114014,0.05404926836490631,0.14123767614364624
0.6480817198753357,0.06355521827936172,0.11096971482038498
0.6651346683502197,0.07061879336833954,0.07643727958202362
0.675635814666748,0.07496847957372665,0.03896739333868027
0.679181694984436,0.07643721997737885,1.5079967496944846e-08
0.675635814666748,0.07496847957372665,-0.03896736353635788
0.6651346683502197,0.07061880826950073,-0.07643724977970123
0.6480817198753357,0.06355521827936172,-0.11096971482038498
0.6251323223114014,0.05404926836490631,-0.14123767614364624
0.5971683859825134,0.04246622323989868,-0.16607794165611267
0.5652645826339722,0.029251232743263245,-0.1845359355211258
0.5306468605995178,0.014912116341292858,-0.1959022879600525
0.5328643918037415,0.007602106314152479,0.1959022730588913
0.5696143507957458,0.014912120997905731,0.1845359057188034
0.6034832000732422,0.021649068221449852,0.16607792675495148
0.6331695318222046,0.027554050087928772,0.14123767614364624
0.6575325131416321,0.032400138676166534,0.11096971482038498
0.675635814666748,0.03600111976265907,0.07643727958202362
0.6867837905883789,0.03821856528520584,0.03896739333868027
0.6905480027198792,0.0389673225581646,1.5079967496944846e-08
0.6867837905883789,0.03821856528520584,-0.03896736353635788
0.675635814666748,0.03600113093852997,-0.07643724977970123
0.6575325131416321,0.032400138676166534,-0.11096971482038498
0.6331695318222046,0.027554050087928772,-0.14123767614364624
0.6034832000732422,0.021649058908224106,-0.16607794165611267
0.5696142911911011,0.014912118203938007,-0.1845359355211258
0.5328643321990967,0.007602100260555744,-0.1959022879600525
0.5336131453514099,-6.524233242544142e-08,0.1959022730588913
0.5710830092430115,-6.375415750881075e-08,0.1845359057188034
0.6056154370307922,-6.226597548675272e-08,0.16607792675495148
0.6358833909034729,-6.375415750881075e-08,0.14123767614364624
0.6607236266136169,-6.673051444749944e-08,0.11096971482038498
0.6791816353797913,-5.482507248188995e-08,0.07643727958202362
0.6905479431152344,-7.86359635185363e-08,0.03896739333868027
0.6943859457969666,-7.565959947442025e-08,1.5079967496944846e-08
0.6905479431152344,-7.86359635185363e-08,-0.03896736353635788
0.6791816353797913,-4.5895987454969145e-08,-0.07643724977970123
0.6607236266136169,-6.673051444749944e-08,-0.11096971482038498
0.6358833909034729,-6.375415750881075e-08,-0.14123767614364624
0.6056154370307922,-6.821869646955747e-08,-0.16607794165611267
0.5710830092430115,-6.07777934646947e-08,-0.1845359355211258
0.5336130857467651,-6.152188092301003e-08,-0.1959022879600525
0.5328643918037415,-0.007602236233651638,0.1959022730588913
0.5696142911911011,-0.014912247657775879,0.1845359057188034
0.6034832000732422,-0.02164919301867485,0.16607792675495148
0.6331695318222046,-0.027554171159863472,0.14123767614364624
0.6575325131416321,-0.03240026906132698,0.11096971482038498
0.675635814666748,-0.03600123152136803,0.07643727958202362
0.6867837309837341,-0.03821871429681778,0.03896739333868027
0.6905480027198792,-0.03896746784448624,1.5079967496944846e-08
0.6867837309837341,-0.03821871429681778,-0.03896736353635788
0.675635814666748,-0.03600122034549713,-0.07643724977970123
0.6575325131416321,-0.03240026906132698,-0.11096971482038498
0.6331695318222046,-0.027554171159863472,-0.14123767614364624
0.6034832000732422,-0.02164919488132,-0.16607794165611267
0.5696142911911011,-0.014912238344550133,-0.1845359355211258
0.5328643321990967,-0.007602223660796881,-0.1959022879600525
0.5306469202041626,-0.014912259764969349,0.1959022730588913
0.5652645826339722,-0.02925136126577854,0.1845359057188034
0.5971683859825134,-0.04246635362505913,0.16607792675495148
0.6251323223114014,-0.05404938757419586,0.14123767614364624
0.6480816602706909,-0.06355535238981247,0.11096971482038498
0.6651346683502197,-0.0706188976764679,0.07643727958202362
0.6756357550621033,-0.07496862858533859,0.03896739333868027
0.6791816353797913,-0.07643736153841019,1.5079967496944846e-08
0.6756357550621033,-0.07496862858533859,-0.03896736353635788
0.6651346683502197,-0.0706188902258873,-0.07643724977970123
0.6480816602706909,-0.06355535238981247,-0.11096971482038498
0.6251323223114014,-0.05404938757419586,-0.14123767614364624
0.5971683859825134,-0.04246635362505913,-0.16607794165611267
0.5652645826339722,-0.029251350089907646,-0.1845359355211258
0.5306468605995178,-0.014912238344550133,-0.1959022879600525
0.5270459055900574,-0.02164921537041664,0.1959022730588913
0.558201014995575,-0.042466361075639725,0.1845359057188034
0.5869137048721313,-0.0616515576839447,0.16607792675495148
0.6120805740356445,-0.07846751809120178,0.14123767614364624
0.6327344179153442,-0.09226803481578827,0.11096971482038498
0.6480816602706909,-0.10252272337675095,0.07643727958202362
0.6575324535369873,-0.1088375374674797,0.03896739333868027
0.6607236266136169,-0.11096981167793274,1.5079967496944846e-08
0.6575324535369873,-0.1088375374674797,-0.03896736353635788
0.6480816602706909,-0.10252272337675095,-0.07643724977970123
0.6327344179153442,-0.09226803481578827,-0.11096971482038498
0.6120805740356445,-0.07846751809120178,-0.14123767614364624
0.5869136452674866,-0.061651550233364105,-0.16607794165611267
0.5582009553909302,-0.04246634989976883,-0.1845359355211258
0.5270459055900574,-0.021649187430739403,-0.1959022879600525
0.5221998691558838,-0.027554204687476158,0.1959022730588913
0.5486950278282166,-0.054049406200647354,0.1845359057188034
0.5731131434440613,-0.07846753299236298,0.16607792675495148
0.5945158004760742,-0.09987019002437592,0.14123767614364624
0.6120805144309998,-0.11743491142988205,0.11096971482038498
0.6251323223114014,-0.1304866522550583,0.07643727958202362
0.6331694722175598,-0.1385238766670227,0.03896739333868027
0.6358833909034729,-0.1412377655506134,1.5079967496944846e-08
0.6331694722175598,-0.1385238766670227,-0.03896736353635788
0.6251323223114014,-0.1304866522550583,-0.07643724977970123
0.6120805144309998,-0.11743491142988205,-0.11096971482038498
0.5945158004760742,-0.09987019002437592,-0.14123767614364624
0.5731131434440613,-0.07846751809120178,-0.16607794165611267
0.5486950278282166,-0.05404938757419586,-0.1845359355211258
0.522199809551239,-0.027554171159863472,-0.1959022879600525
0.5162948369979858,-0.03240030258893967,0.1959022730588913
0.5371119976043701,-0.06355536729097366,0.1845359057188034
0.5562971830368042,-0.09226803481578827,0.16607792675495148
0.5731131434440613,-0.11743491142988205,0.14123767614364624
0.5869136452674866,-0.13808882236480713,0.11096971482038498
0.5971683859825134,-0.153436079621315,0.07643727958202362
0.6034831404685974,-0.162886843085289,0.03896739333868027
0.6056154370307922,-0.16607803106307983,1.5079967496944846e-08
0.6034831404685974,-0.162886843085289,-0.03896736353635788
0.5971683859825134,-0.153436079621315,-0.07643724977970123
0.5869136452674866,-0.13808882236480713,-0.11096971482038498
0.5731131434440613,-0.11743491142988205,-0.14123767614364624
0.5562971830368042,-0.09226802736520767,-0.16607794165611267
0.5371119976043701,-0.06355533748865128,-0.1845359355211258
0.5162947773933411,-0.03240026533603668,-0.1959022879600525
0.4946456849575043,-6.50836327054094e-08,-0.1997402310371399
0.5095579028129578,-0.03600127622485161,0.1959022730588913
0.5238969922065735,-0.07061892747879028,0.1845359057188034
0.5371119976043701,-0.10252274572849274,0.16607792675495148
0.5486949682235718,-0.1304866522550583,0.14123767614364624
0.5582009553909302,-0.1534360647201538,0.11096971482038498
0.5652645826339722,-0.17048901319503784,0.07643727958202362
0.5696142315864563,-0.18099014461040497,0.03896739333868027
0.5710830092430115,-0.18453599512577057,1.5079967496944846e-08
0.5696142315864563,-0.18099014461040497,-0.03896736353635788
0.5652645826339722,-0.17048901319503784,-0.07643724977970123
0.5582009553909302,-0.1534360647201538,-0.11096971482038498
0.5486949682235718,-0.1304866522550583,-0.14123767614364624
0.5371119976043701,-0.10252272337675095,-0.16607794165611267
0.5238969922065735,-0.0706188976764679,-0.1845359355211258
0.5095579028129578,-0.036001235246658325,-0.1959022879600525
0.5022478103637695,-0.03821874409914017,0.1959022730588913
0.5095579028129578,-0.07496864348649979,0.1845359057188034
0.5162948369979858,-0.1088375598192215,0.16607792675495148
0.522199809551239,-0.1385238915681839,0.14123767614364624
0.5270459055900574,-0.1628868281841278,0.11096971482038498
0.5306468605995178,-0.18099015951156616,0.07643727958202362
0.5328643321990967,-0.19213810563087463,0.03896739333868027
0.5336130857467651,-0.19590236246585846,1.5079967496944846e-08
0.5328643321990967,-0.19213810563087463,-0.03896736353635788
0.5306468605995178,-0.18099015951156616,-0.07643724977970123
0.5270459055900574,-0.1628868281841278,-0.11096971482038498
0.522199809551239,-0.1385238915681839,-0.14123767614364624
0.5162947773933411,-0.1088375374674797,-0.16607794165611267
0.5095579028129578,-0.074968621134758,-0.1845359355211258
0.5022478103637695,-0.038218703120946884,-0.1959022879600525
0.4946456849575043,-0.03896749019622803,0.1959022730588913
0.4946456849575043,-0.07643736153841019,0.1845359057188034
0.4946456849575043,-0.11096981167793274,0.16607792675495148
0.4946456849575043,-0.14123773574829102,0.14123767614364624
0.4946456849575043,-0.16607795655727386,0.11096971482038498
0.4946456849575043,-0.18453598022460938,0.07643727958202362
0.4946456849575043,-0.19590230286121368,0.03896739333868027
0.4946456849575043,-0.19974030554294586,1.5079967496944846e-08
0.4946456849575043,-0.19590230286121368,-0.03896736353635788
0.4946456849575043,-0.18453598022460938,-0.07643724977970123
0.4946456849575043,-0.16607795655727386,-0.11096971482038498
0.4946456849575043,-0.14123773574829102,-0.14123767614364624
0.4946456849575043,-0.11096977442502975,-0.16607794165611267
0.4946456849575043,-0.0764373391866684,-0.1845359355211258
0.4946456849575043,-0.038967449218034744,-0.1959022879600525
0.4870435297489166,-0.03821874037384987,0.1959022730588913
0.47973349690437317,-0.07496862858533859,0.1845359057188034
0.4729965925216675,-0.1088375598192215,0.16607792675495148
0.4670915901660919,-0.1385238766670227,0.14123767614364624
0.46224549412727356,-0.16288679838180542,0.11096971482038498
0.4586445391178131,-0.18099015951156616,0.07643727958202362
0.45642706751823425,-0.19213807582855225,0.03896739333868027
0.455678254365921,-0.19590234756469727,1.5079967496944846e-08
0.45642706751823425,-0.19213807582855225,-0.03896736353635788
0.4586445391178131,-0.18099015951156616,-0.07643724977970123
0.46224549412727356,-0.16288679838180542,-0.11096971482038498
0.4670915901660919,-0.1385238766670227,-0.14123767614364624
0.4729965925216675,-0.10883752256631851,-0.16607794165611267
0.47973349690437317,-0.0749686062335968,-0.1845359355211258
0.4870435297489166,-0.038218699395656586,-0.1959022879600525
0.47973349690437317,-0.03600126504898071,0.1959022730588913
0.46539437770843506,-0.07061890512704849,0.1845359057188034
0.4521794021129608,-0.10252274572849274,0.16607792675495148
0.440596342086792,-0.1304866522550583,0.14123767614364624
0.43109041452407837,-0.15343600511550903,0.11096971482038498
0.42402687668800354,-0.17048901319503784,0.07643727958202362
0.41967713832855225,-0.1809900999069214,0.03896739333868027
0.41820839047431946,-0.18453596532344818,1.5079967496944846e-08
0.41967713832855225,-0.1809900999069214,-0.03896736353635788
0.42402687668800354,-0.17048901319503784,-0.07643724977970123
0.43109041452407837,-0.15343600511550903,-0.11096971482038498
0.440596342086792,-0.1304866522550583,-0.14123767614364624
0.4521794021129608,-0.10252270847558975,-0.16607794165611267
0.46539443731307983,-0.0706188827753067,-0.1845359355211258
0.47973349690437317,-0.03600122779607773,-0.1959022879600525
0.4729965329170227,-0.03240028768777847,0.1959022730588913
0.4521794021129608,-0.06355533748865128,0.1845359057188034
0.43299418687820435,-0.09226803481578827,0.16607792675495148
0.41617822647094727,-0.11743488907814026,0.14123767614364624
0.40237778425216675,-0.13808874785900116,0.11096971482038498
0.3921230435371399,-0.1534360647201538,0.07643727958202362
0.38580822944641113,-0.16288679838180542,0.03896739333868027
0.3836759328842163,-0.16607797145843506,1.5079967496944846e-08
0.38580822944641113,-0.16288679838180542,-0.03896736353635788
0.3921230435371399,-0.1534360647201538,-0.07643724977970123
0.40237778425216675,-0.13808874785900116,-0.11096971482038498
0.41617822647094727,-0.11743488907814026,-0.14123767614364624
0.43299418687820435,-0.09226799756288528,-0.16607794165611267
0.4521794319152832,-0.06355531513690948,-0.1845359355211258
0.4729965925216675,-0.03240025416016579,-0.1959022879600525
0.4946456551551819,-1.1110468278729968e-07,0.1997402310371399
0.4670915901660919,-0.027554189786314964,0.1959022730588913
0.440596342086792,-0.054049376398324966,0.1845359057188034
0.41617822647094727,-0.07846752554178238,0.16607792675495148
0.3947755694389343,-0.09987016022205353,0.14123767614364624
0.3772108852863312,-0.11743482947349548,0.11096971482038498
0.36415910720825195,-0.1304866522550583,0.07643727958202362
0.35612186789512634,-0.13852381706237793,0.03896739333868027
0.35340800881385803,-0.14123770594596863,1.5079967496944846e-08
0.35612186789512634,-0.13852381706237793,-0.03896736353635788
0.36415910720825195,-0.1304866522550583,-0.07643724977970123
0.3772108852863312,-0.11743482947349548,-0.11096971482038498
0.3947755694389343,-0.09987016022205353,-0.14123767614364624
0.41617828607559204,-0.0784674882888794,-0.16607794165611267
0.44059640169143677,-0.054049357771873474,-0.1845359355211258
0.4670915901660919,-0.027554159983992577,-0.1959022879600525
0.4622454345226288,-0.021649200469255447,0.1959022730588913
0.43109041452407837,-0.04246633127331734,0.1845359057188034
0.402377724647522,-0.06165154650807381,0.16607792675495148
0.3772108554840088,-0.07846749573945999,0.14123767614364624
0.3565569818019867,-0.0922679603099823,0.11096971482038498
0.34120967984199524,-0.10252272337675095,0.07643727958202362
0.33175894618034363,-0.10883746296167374,0.03896739333868027
0.3285677433013916,-0.11096975207328796,1.5079967496944846e-08
0.33175894618034363,-0.10883746296167374,-0.03896736353635788
0.34120967984199524,-0.10252272337675095,-0.07643724977970123
0.3565569818019867,-0.0922679603099823,-0.11096971482038498
0.3772108554840088,-0.07846749573945999,-0.14123767614364624
0.40237778425216675,-0.06165151670575142,-0.16607794165611267
0.43109041452407837,-0.042466312646865845,-0.1845359355211258
0.46224549412727356,-0.021649176254868507,-0.1959022879600525
0.45864447951316833,-0.014912247657775879,0.1959022730588913
0.42402687668800354,-0.029251331463456154,0.1845359057188034
0.3921230435371399,-0.042466338723897934,0.16607792675495148
0.36415910720825195,-0.054049357771873474,0.14123767614364624
0.34120973944664,-0.0635552778840065,0.11096971482038498
0.3241567611694336,-0.0706188976764679,0.07643727958202362
0.3136556148529053,-0.07496854662895203,0.03896739333868027
0.31010979413986206,-0.07643730193376541,1.5079967496944846e-08
0.3136556148529053,-0.07496854662895203,-0.03896736353635788
0.3241567611694336,-0.0706188976764679,-0.07643724977970123
0.34120973944664,-0.0635552778840065,-0.11096971482038498
0.36415910720825195,-0.054049357771873474,-0.14123767614364624
0.3921230435371399,-0.04246632009744644,-0.16607794165611267
0.42402687668800354,-0.02925132028758526,-0.1845359355211258
0.4586445391178131,-0.014912229962646961,-0.1959022879600525
0.4564270079135895,-0.007602228317409754,0.1959022730588913
0.41967713832855225,-0.014912227168679237,0.1845359057188034
0.38580819964408875,-0.021649178117513657,0.16607792675495148
0.35612186789512634,-0.027554141357541084,0.14123767614364624
0.33175894618034363,-0.032400213181972504,0.11096971482038498
0.3136555850505829,-0.036001235246658325,0.07643727958202362
0.3025076985359192,-0.03821864351630211,0.03896739333868027
0.29874342679977417,-0.03896741196513176,1.5079967496944846e-08
0.3025076985359192,-0.03821864351630211,-0.03896736353635788
0.3136555850505829,-0.036001235246658325,-0.07643724977970123
0.33175894618034363,-0.032400213181972504,-0.11096971482038498
0.35612186789512634,-0.027554141357541084,-0.14123767614364624
0.3858082592487335,-0.02164916880428791,-0.16607794165611267
0.41967713832855225,-0.014912217855453491,-0.1845359355211258
0.45642706751823425,-0.007602219935506582,-0.1959022879600525
0.455678254365921,-6.226597548675272e-08,0.1959022730588913
0.41820845007896423,-5.6313250951234295e-08,0.1845359057188034
0.3836759924888611,-5.6313250951234295e-08,0.16607792675495148
0.3534080386161804,-3.696690242804834e-08,0.14123767614364624
0.32856783270835876,-2.803781917748438e-08,0.11096971482038498
0.31010979413986206,-6.375415750881075e-08,0.07643727958202362
0.29874348640441895,-1.9108734150563578e-08,0.03896739333868027
0.29490551352500916,-2.803781917748438e-08,1.5079967496944846e-08
0.29874348640441895,-1.9108734150563578e-08,-0.03896736353635788
0.31010979413986206,-6.375415750881075e-08,-0.07643724977970123
0.32856783270835876,-2.803781917748438e-08,-0.11096971482038498
0.3534080386161804,-3.696690242804834e-08,-0.14123767614364624
0.3836759924888611,-5.1848708437773894e-08,-0.16607794165611267
0.41820845007896423,-5.0360529968429546e-08,-0.1845359355211258
0.4556783139705658,-6.301006294506806e-08,-0.1959022879600525
0.4564270079135895,0.007602102588862181,0.1959022730588913
0.41967713832855225,0.014912113547325134,0.1845359057188034
0.38580822944641113,0.021649060770869255,0.16607792675495148
0.35612186789512634,0.027554064989089966,0.14123767614364624
0.3317590057849884,0.03240015357732773,0.11096971482038498
0.3136556148529053,0.03600110486149788,0.07643727958202362
0.3025077283382416,0.038218602538108826,0.03896739333868027
0.29874345660209656,0.038967352360486984,1.5079967496944846e-08
0.3025077283382416,0.038218602538108826,-0.03896736353635788
0.3136556148529053,0.03600110486149788,-0.07643724977970123
0.3317590057849884,0.03240015357732773,-0.11096971482038498
0.35612186789512634,0.027554064989089966,-0.14123767614364624
0.3858082592487335,0.021649060770869255,-0.16607794165611267
0.41967713832855225,0.014912115409970284,-0.1845359355211258
0.45642706751823425,0.0076020932756364346,-0.1959022879600525
0.45864447951316833,0.014912120066583157,0.1959022730588913
0.42402687668800354,0.02925121784210205,0.1845359057188034
0.3921230435371399,0.04246621951460838,0.16607792675495148
0.36415913701057434,0.05404927581548691,0.14123767614364624
0.3412097692489624,0.06355521827936172,0.11096971482038498
0.3241567611694336,0.07061877101659775,0.07643727958202362
0.31365570425987244,0.07496849447488785,0.03896739333868027
0.31010985374450684,0.07643723487854004,1.5079967496944846e-08
0.31365570425987244,0.07496849447488785,-0.03896736353635788
0.3241567611694336,0.07061877101659775,-0.07643724977970123
0.3412097692489624,0.06355521827936172,-0.11096971482038498
0.36415913701057434,0.05404927581548691,-0.14123767614364624
0.3921230733394623,0.042466212064027786,-0.16607794165611267
0.42402687668800354,0.0292512159794569,-0.1845359355211258
0.4586445391178131,0.014912103302776814,-0.1959022879600525
0.46224549412727356,0.021649070084095,0.1959022730588913
0.43109041452407837,0.042466212064027786,0.1845359057188034
0.40237778425216675,0.06165141612291336,0.16607792675495148
0.3772108852863312,0.07846739888191223,0.14123767614364624
0.35655704140663147,0.09226787835359573,0.11096971482038498
0.3412097096443176,0.1025225892663002,0.07643727958202362
0.3317590057849884,0.10883739590644836,0.03896739333868027
0.32856783270835876,0.1109696701169014,1.5079967496944846e-08
0.3317590057849884,0.10883739590644836,-0.03896736353635788
0.3412097096443176,0.1025225892663002,-0.07643724977970123
0.35655704140663147,0.09226787835359573,-0.11096971482038498
0.3772108852863312,0.07846739888191223,-0.14123767614364624
0.40237778425216675,0.061651404947042465,-0.16607794165611267
0.43109047412872314,0.04246620461344719,-0.1845359355211258
0.46224549412727356,0.02164904586970806,-0.1959022879600525
0.4670915901660919,0.02755405753850937,0.1959022730588913
0.44059640169143677,0.05404924601316452,0.1845359057188034
0.41617828607559204,0.07846738398075104,0.16607792675495148
0.3947755992412567,0.09987006336450577,0.14123767614364624
0.37721094489097595,0.11743474006652832,0.11096971482038498
0.36415910720825195,0.13048651814460754,0.07643727958202362
0.3561219871044159,0.13852371275424957,0.03896739333868027
0.3534080982208252,0.14123760163784027,1.5079967496944846e-08
0.3561219871044159,0.13852371275424957,-0.03896736353635788
0.36415910720825195,0.13048651814460754,-0.07643724977970123
0.37721094489097595,0.11743474006652832,-0.11096971482038498
0.3947755992412567,0.09987006336450577,-0.14123767614364624
0.41617828607559204,0.07846736162900925,-0.16607794165611267
0.44059640169143677,0.054049234837293625,-0.1845359355211258
0.4670915901660919,0.02755402773618698,-0.1959022879600525
0.4729965329170227,0.03240015357732773,0.1959022730588913
0.4521794319152832,0.06355519592761993,0.1845359057188034
0.4329942464828491,0.09226787835359573,0.16607792675495148
0.41617828607559204,0.11743476986885071,0.14123767614364624
0.40237781405448914,0.1380886435508728,0.11096971482038498
0.3921230435371399,0.15343591570854187,0.07643727958202362
0.3858083188533783,0.16288664937019348,0.03896739333868027
0.38367602229118347,0.16607783734798431,1.5079967496944846e-08
0.3858083188533783,0.16288664937019348,-0.03896736353635788
0.3921230435371399,0.15343591570854187,-0.07643724977970123
0.40237781405448914,0.1380886435508728,-0.11096971482038498
0.41617828607559204,0.11743476986885071,-0.14123767614364624
0.4329942464828491,0.09226786345243454,-0.16607794165611267
0.4521794319152832,0.06355518847703934,-0.1845359355211258
0.4729965925216675,0.03240012377500534,-0.1959022879600525
0.47973349690437317,0.03600113093852997,0.1959022730588913
0.46539443731307983,0.07061875611543655,0.1845359057188034
0.4521794319152832,0.10252257436513901,0.16607792675495148
0.44059640169143677,0.13048653304576874,0.14123767614364624
0.43109050393104553,0.1534358710050583,0.11096971482038498
0.42402687668800354,0.1704888641834259,0.07643727958202362
0.4196772277355194,0.18098993599414825,0.03896739333868027
0.4182084798812866,0.18453578650951385,1.5079967496944846e-08
0.4196772277355194,0.18098993599414825,-0.03896736353635788
0.42402687668800354,0.1704888641834259,-0.07643724977970123
0.43109050393104553,0.1534358710050583,-0.11096971482038498
0.44059640169143677,0.13048653304576874,-0.14123767614364624
0.4521794319152832,0.10252255201339722,-0.16607794165611267
0.46539443731307983,0.07061874866485596,-0.1845359355211258
0.47973355650901794,0.036001093685626984,-0.1959022879600525
0.4870435297489166,0.03821859881281853,0.1959022730588913
0.47973355650901794,0.07496847212314606,0.1845359057188034
0.4729965925216675,0.10883738100528717,0.16607792675495148
0.4670916199684143,0.13852375745773315,0.14123767614364624
0.46224555373191833,0.1628866344690323,0.11096971482038498
0.4586445391178131,0.18099001049995422,0.07643727958202362
0.45642712712287903,0.19213789701461792,0.03896739333868027
0.4556783437728882,0.19590212404727936,1.5079967496944846e-08
0.45642712712287903,0.19213789701461792,-0.03896736353635788
0.4586445391178131,0.18099001049995422,-0.07643724977970123
0.46224555373191833,0.1628866344690323,-0.11096971482038498
0.4670916199684143,0.13852375745773315,-0.14123767614364624
0.4729965925216675,0.10883735865354538,-0.16607794165611267
0.47973355650901794,0.07496845722198486,-0.1845359355211258
0.4870435297489166,0.03821856155991554,-0.1959022879600525
0.4946456849575043,0.18453581631183624,-0.07643724977970123
0.49464574456214905,0.16607776284217834,-0.11096971482038498
0.49464574456214905,0.14123758673667908,-0.14123767614364624
0.4946456849575043,0.07643717527389526,-0.1845359355211258
0.4946456849575043,0.0389673076570034,-0.1959022879600525
