-0.9768930673599243,-0.27635085582733154,-0.27635085582733154
-0.9768930673599243,-0.27635085582733154,0.27635085582733154
-0.9768930673599243,0.27635085582733154,-0.27635085582733154
-0.9768930673599243,0.27635085582733154,0.27635085582733154
-0.42419135570526123,-0.27635085582733154,-0.27635085582733154
-0.42419135570526123,-0.27635085582733154,0.27635085582733154
-0.42419135570526123,0.27635085582733154,-0.27635085582733154
-0.42419135570526123,0.27635085582733154,0.27635085582733154
-0.9768930673599243,0.0,-0.27635085582733154
-0.9768930673599243,-0.27635085582733154,0.0
-0.9768930673599243,0.0,0.27635085582733154
-0.9768930673599243,0.27635085582733154,0.0
-0.7005422115325928,0.27635085582733154,-0.27635085582733154
-0.7005422115325928,0.27635085582733154,0.27635085582733154
-0.42419135570526123,0.27635085582733154,0.0
-0.42419135570526123,0.0,-0.27635085582733154
-0.42419135570526123,0.0,0.27635085582733154
-0.42419135570526123,-0.27635085582733154,0.0
-0.7005422115325928,-0.27635085582733154,-0.27635085582733154
-0.7005422115325928,-0.27635085582733154,0.27635085582733154
-0.7005422115325928,0.0,0.27635085582733154
-0.7005422115325928,0.0,-0.27635085582733154
-0.7005422115325928,-0.27635085582733154,0.0
-0.42419135570526123,0.0,0.0
-0.7005422115325928,0.27635085582733154,0.0
-0.9768930673599243,0.0,0.0
-0.9768930673599243,-0.13817542791366577,-0.27635085582733154
-0.9768930673599243,-0.27635085582733154,0.13817542791366577
-0.9768930673599243,0.13817542791366577,0.27635085582733154
-0.9768930673599243,0.27635085582733154,-0.13817542791366577
-0.8387176394462585,0.27635085582733154,-0.27635085582733154
-0.562366783618927,0.27635085582733154,0.27635085582733154
-0.42419135570526123,0.27635085582733154,-0.13817542791366577
-0.42419135570526123,0.13817542791366577,-0.27635085582733154
-0.42419135570526123,-0.13817542791366577,0.27635085582733154
-0.42419135570526123,-0.27635085582733154,-0.13817542791366577
-0.562366783618927,-0.27635085582733154,-0.27635085582733154
-0.8387176394462585,-0.27635085582733154,0.27635085582733154
-0.9768930673599243,0.13817542791366577,-0.27635085582733154
-0.9768930673599243,-0.27635085582733154,-0.13817542791366577
-0.9768930673599243,-0.13817542791366577,0.27635085582733154
-0.9768930673599243,0.27635085582733154,0.13817542791366577
-0.562366783618927,0.27635085582733154,-0.27635085582733154
-0.8387176394462585,0.27635085582733154,0.27635085582733154
-0.42419135570526123,0.27635085582733154,0.13817542791366577
-0.42419135570526123,-0.13817542791366577,-0.27635085582733154
-0.42419135570526123,0.13817542791366577,0.27635085582733154
-0.42419135570526123,-0.27635085582733154,0.13817542791366577
-0.8387176394462585,-0.27635085582733154,-0.27635085582733154
-0.562366783618927,-0.27635085582733154,0.27635085582733154
-0.7005422115325928,-0.13817542791366577,0.27635085582733154
-0.7005422115325928,0.13817542791366577,0.27635085582733154
-0.562366783618927,0.0,0.27635085582733154
-0.8387176394462585,0.0,0.27635085582733154
-0.7005422115325928,-0.13817542791366577,-0.27635085582733154
-0.7005422115325928,0.13817542791366577,-0.27635085582733154
-0.8387176394462585,0.0,-0.27635085582733154
-0.562366783618927,0.0,-0.27635085582733154
-0.8387176394462585,-0.27635085582733154,0.0
-0.562366783618927,-0.27635085582733154,0.0
-0.7005422115325928,-0.27635085582733154,-0.13817542791366577
-0.7005422115325928,-0.27635085582733154,0.13817542791366577
-0.42419135570526123,-0.13817542791366577,0.0
-0.42419135570526123,0.13817542791366577,0.0
-0.42419135570526123,0.0,-0.13817542791366577
-0.42419135570526123,0.0,0.13817542791366577
-0.562366783618927,0.27635085582733154,0.0
-0.8387176394462585,0.27635085582733154,0.0
-0.7005422115325928,0.27635085582733154,-0.13817542791366577
-0.7005422115325928,0.27635085582733154,0.13817542791366577
-0.9768930673599243,0.13817542791366577,0.0
-0.9768930673599243,-0.13817542791366577,0.0
-0.9768930673599243,0.0,-0.13817542791366577
-0.9768930673599243,0.0,0.13817542791366577
-0.9768930673599243,-0.13817542791366577,0.13817542791366577
-0.9768930673599243,-0.13817542791366577,-0.13817542791366577
-0.9768930673599243,0.13817542791366577,-0.13817542791366577
-0.8387176394462585,0.27635085582733154,0.13817542791366577
-0.8387176394462585,0.27635085582733154,-0.13817542791366577
-0.562366783618927,0.27635085582733154,-0.13817542791366577
-0.42419135570526123,0.13817542791366577,0.13817542791366577
-0.42419135570526123,0.13817542791366577,-0.13817542791366577
-0.42419135570526123,-0.13817542791366577,-0.13817542791366577
-0.562366783618927,-0.27635085582733154,0.13817542791366577
-0.562366783618927,-0.27635085582733154,-0.13817542791366577
-0.8387176394462585,-0.27635085582733154,-0.13817542791366577
-0.562366783618927,0.13817542791366577,-0.27635085582733154
-0.8387176394462585,0.13817542791366577,-0.27635085582733154
-0.8387176394462585,-0.13817542791366577,-0.27635085582733154
-0.8387176394462585,0.13817542791366577,0.27635085582733154
-0.562366783618927,0.13817542791366577,0.27635085582733154
-0.562366783618927,-0.13817542791366577,0.27635085582733154
-0.8387176394462585,-0.13817542791366577,0.27635085582733154
-0.562366783618927,-0.13817542791366577,-0.27635085582733154
-0.8387176394462585,-0.27635085582733154,0.13817542791366577
-0.42419135570526123,-0.13817542791366577,0.13817542791366577
-0.562366783618927,0.27635085582733154,0.13817542791366577
-0.9768930673599243,0.13817542791366577,0.13817542791366577
-0.9768930673599243,-0.20726314187049866,-0.27635085582733154
-0.9768930673599243,-0.27635085582733154,0.20726314187049866
-0.9768930673599243,0.20726314187049866,0.27635085582733154
-0.9768930673599243,0.27635085582733154,-0.20726314187049866
-0.907805323600769,0.27635085582733154,-0.27635085582733154
-0.4932790696620941,0.27635085582733154,0.27635085582733154
-0.42419135570526123,0.27635085582733154,-0.20726314187049866
-0.42419135570526123,0.20726314187049866,-0.27635085582733154
-0.42419135570526123,-0.20726314187049866,0.27635085582733154
-0.42419135570526123,-0.27635085582733154,-0.20726314187049866
-0.4932790696620941,-0.27635085582733154,-0.27635085582733154
-0.907805323600769,-0.27635085582733154,0.27635085582733154
-0.9768930673599243,0.06908771395683289,-0.27635085582733154
-0.9768930673599243,-0.27635085582733154,-0.06908771395683289
-0.9768930673599243,-0.06908771395683289,0.27635085582733154
-0.9768930673599243,0.27635085582733154,0.06908771395683289
-0.6314544677734375,0.27635085582733154,-0.27635085582733154
-0.769629955291748,0.27635085582733154,0.27635085582733154
-0.42419135570526123,0.27635085582733154,0.06908771395683289
-0.42419135570526123,-0.06908771395683289,-0.27635085582733154
-0.42419135570526123,0.06908771395683289,0.27635085582733154
-0.42419135570526123,-0.27635085582733154,0.06908771395683289
-0.769629955291748,-0.27635085582733154,-0.27635085582733154
-0.6314544677734375,-0.27635085582733154,0.27635085582733154
-0.7005422115325928,-0.20726314187049866,0.27635085582733154
-0.7005422115325928,0.06908771395683289,0.27635085582733154
-0.4932790696620941,0.0,0.27635085582733154
-0.769629955291748,0.0,0.27635085582733154
-0.7005422115325928,-0.20726314187049866,-0.27635085582733154
-0.7005422115325928,0.06908771395683289,-0.27635085582733154
-0.907805323600769,0.0,-0.27635085582733154
-0.6314544677734375,0.0,-0.27635085582733154
-0.907805323600769,-0.27635085582733154,0.0
-0.6314544677734375,-0.27635085582733154,0.0
-0.7005422115325928,-0.27635085582733154,-0.20726314187049866
-0.7005422115325928,-0.27635085582733154,0.06908771395683289
-0.42419135570526123,-0.20726314187049866,0.0
-0.42419135570526123,0.06908771395683289,0.0
-0.42419135570526123,0.0,-0.20726314187049866
-0.42419135570526123,0.0,0.06908771395683289
-0.4932790696620941,0.27635085582733154,0.0
-0.769629955291748,0.27635085582733154,0.0
-0.7005422115325928,0.27635085582733154,-0.20726314187049866
-0.7005422115325928,0.27635085582733154,0.06908771395683289
-0.9768930673599243,0.20726314187049866,0.0
-0.9768930673599243,-0.06908771395683289,0.0
-0.9768930673599243,0.0,-0.20726314187049866
-0.9768930673599243,0.0,0.06908771395683289
-0.9768930673599243,-0.06908771395683289,-0.27635085582733154
-0.9768930673599243,-0.27635085582733154,0.06908771395683289
-0.9768930673599243,0.06908771395683289,0.27635085582733154
-0.9768930673599243,0.27635085582733154,-0.06908771395683289
-0.769629955291748,0.27635085582733154,-0.27635085582733154
-0.6314544677734375,0.27635085582733154,0.27635085582733154
-0.42419135570526123,0.27635085582733154,-0.06908771395683289
-0.42419135570526123,0.06908771395683289,-0.27635085582733154
-0.42419135570526123,-0.06908771395683289,0.27635085582733154
-0.42419135570526123,-0.27635085582733154,-0.06908771395683289
-0.6314544677734375,-0.27635085582733154,-0.27635085582733154
-0.769629955291748,-0.27635085582733154,0.27635085582733154
-0.9768930673599243,0.20726314187049866,-0.27635085582733154
-0.9768930673599243,-0.27635085582733154,-0.20726314187049866
-0.9768930673599243,-0.20726314187049866,0.27635085582733154
-0.9768930673599243,0.27635085582733154,0.20726314187049866
-0.4932790696620941,0.27635085582733154,-0.27635085582733154
-0.907805323600769,0.27635085582733154,0.27635085582733154
-0.42419135570526123,0.27635085582733154,0.20726314187049866
-0.42419135570526123,-0.20726314187049866,-0.27635085582733154
-0.42419135570526123,0.20726314187049866,0.27635085582733154
-0.42419135570526123,-0.27635085582733154,0.20726314187049866
-0.907805323600769,-0.27635085582733154,-0.27635085582733154
-0.4932790696620941,-0.27635085582733154,0.27635085582733154
-0.7005422115325928,-0.06908771395683289,0.27635085582733154
-0.7005422115325928,0.20726314187049866,0.27635085582733154
-0.6314544677734375,0.0,0.27635085582733154
-0.907805323600769,0.0,0.27635085582733154
-0.7005422115325928,-0.06908771395683289,-0.27635085582733154
-0.7005422115325928,0.20726314187049866,-0.27635085582733154
-0.769629955291748,0.0,-0.27635085582733154
-0.4932790696620941,0.0,-0.27635085582733154
-0.769629955291748,-0.27635085582733154,0.0
-0.4932790696620941,-0.27635085582733154,0.0
-0.7005422115325928,-0.27635085582733154,-0.06908771395683289
-0.7005422115325928,-0.27635085582733154,0.20726314187049866
-0.42419135570526123,-0.06908771395683289,0.0
-0.42419135570526123,0.20726314187049866,0.0
-0.42419135570526123,0.0,-0.06908771395683289
-0.42419135570526123,0.0,0.20726314187049866
-0.6314544677734375,0.27635085582733154,0.0
-0.907805323600769,0.27635085582733154,0.0
-0.7005422115325928,0.27635085582733154,-0.06908771395683289
-0.7005422115325928,0.27635085582733154,0.20726314187049866
-0.9768930673599243,0.06908771395683289,0.0
-0.9768930673599243,-0.20726314187049866,0.0
-0.9768930673599243,0.0,-0.06908771395683289
-0.9768930673599243,0.0,0.20726314187049866
-0.9768930673599243,-0.06908771395683289,0.13817542791366577
-0.9768930673599243,-0.20726314187049866,0.13817542791366577
-0.9768930673599243,-0.13817542791366577,0.06908771395683289
-0.9768930673599243,-0.13817542791366577,0.20726314187049866
-0.9768930673599243,-0.06908771395683289,-0.13817542791366577
-0.9768930673599243,-0.20726314187049866,-0.13817542791366577
-0.9768930673599243,-0.13817542791366577,-0.20726314187049866
-0.9768930673599243,-0.13817542791366577,-0.06908771395683289
-0.9768930673599243,0.20726314187049866,-0.13817542791366577
-0.9768930673599243,0.06908771395683289,-0.13817542791366577
-0.9768930673599243,0.13817542791366577,-0.20726314187049866
-0.9768930673599243,0.13817542791366577,-0.06908771395683289
-0.769629955291748,0.27635085582733154,0.13817542791366577
-0.907805323600769,0.27635085582733154,0.13817542791366577
-0.8387176394462585,0.27635085582733154,0.06908771395683289
-0.8387176394462585,0.27635085582733154,0.20726314187049866
-0.769629955291748,0.27635085582733154,-0.13817542791366577
-0.907805323600769,0.27635085582733154,-0.13817542791366577
-0.8387176394462585,0.27635085582733154,-0.20726314187049866
-0.8387176394462585,0.27635085582733154,-0.06908771395683289
-0.4932790696620941,0.27635085582733154,-0.13817542791366577
-0.6314544677734375,0.27635085582733154,-0.13817542791366577
-0.562366783618927,0.27635085582733154,-0.20726314187049866
-0.562366783618927,0.27635085582733154,-0.06908771395683289
-0.42419135570526123,0.06908771395683289,0.13817542791366577
-0.42419135570526123,0.20726314187049866,0.13817542791366577
-0.42419135570526123,0.13817542791366577,0.06908771395683289
-0.42419135570526123,0.13817542791366577,0.20726314187049866
-0.42419135570526123,0.06908771395683289,-0.13817542791366577
-0.42419135570526123,0.20726314187049866,-0.13817542791366577
-0.42419135570526123,0.13817542791366577,-0.20726314187049866
-0.42419135570526123,0.13817542791366577,-0.06908771395683289
-0.42419135570526123,-0.20726314187049866,-0.13817542791366577
-0.42419135570526123,-0.06908771395683289,-0.13817542791366577
-0.42419135570526123,-0.13817542791366577,-0.20726314187049866
-0.42419135570526123,-0.13817542791366577,-0.06908771395683289
-0.6314544677734375,-0.27635085582733154,0.13817542791366577
-0.4932790696620941,-0.27635085582733154,0.13817542791366577
-0.562366783618927,-0.27635085582733154,0.06908771395683289
-0.562366783618927,-0.27635085582733154,0.20726314187049866
-0.6314544677734375,-0.27635085582733154,-0.13817542791366577
-0.4932790696620941,-0.27635085582733154,-0.13817542791366577
-0.562366783618927,-0.27635085582733154,-0.20726314187049866
-0.562366783618927,-0.27635085582733154,-0.06908771395683289
-0.907805323600769,-0.27635085582733154,-0.13817542791366577
-0.769629955291748,-0.27635085582733154,-0.13817542791366577
-0.8387176394462585,-0.27635085582733154,-0.20726314187049866
-0.8387176394462585,-0.27635085582733154,-0.06908771395683289
-0.562366783618927,0.06908771395683289,-0.27635085582733154
-0.562366783618927,0.20726314187049866,-0.27635085582733154
-0.6314544677734375,0.13817542791366577,-0.27635085582733154
-0.4932790696620941,0.13817542791366577,-0.27635085582733154
-0.8387176394462585,0.06908771395683289,-0.27635085582733154
-0.8387176394462585,0.20726314187049866,-0.27635085582733154
-0.907805323600769,0.13817542791366577,-0.27635085582733154
-0.769629955291748,0.13817542791366577,-0.27635085582733154
-0.8387176394462585,-0.20726314187049866,-0.27635085582733154
-0.8387176394462585,-0.06908771395683289,-0.27635085582733154
-0.907805323600769,-0.13817542791366577,-0.27635085582733154
-0.769629955291748,-0.13817542791366577,-0.27635085582733154
-0.8387176394462585,0.06908771395683289,0.27635085582733154
-0.8387176394462585,0.20726314187049866,0.27635085582733154
-0.769629955291748,0.13817542791366577,0.27635085582733154
-0.907805323600769,0.13817542791366577,0.27635085582733154
-0.562366783618927,0.06908771395683289,0.27635085582733154
-0.562366783618927,0.20726314187049866,0.27635085582733154
-0.4932790696620941,0.13817542791366577,0.27635085582733154
-0.6314544677734375,0.13817542791366577,0.27635085582733154
-0.562366783618927,-0.20726314187049866,0.27635085582733154
-0.562366783618927,-0.06908771395683289,0.27635085582733154
-0.4932790696620941,-0.13817542791366577,0.27635085582733154
-0.6314544677734375,-0.13817542791366577,0.27635085582733154
-0.8387176394462585,-0.20726314187049866,0.27635085582733154
-0.8387176394462585,-0.06908771395683289,0.27635085582733154
-0.769629955291748,-0.13817542791366577,0.27635085582733154
-0.907805323600769,-0.13817542791366577,0.27635085582733154
-0.562366783618927,-0.20726314187049866,-0.27635085582733154
-0.562366783618927,-0.06908771395683289,-0.27635085582733154
-0.6314544677734375,-0.13817542791366577,-0.27635085582733154
-0.4932790696620941,-0.13817542791366577,-0.27635085582733154
-0.907805323600769,-0.27635085582733154,0.13817542791366577
-0.769629955291748,-0.27635085582733154,0.13817542791366577
-0.8387176394462585,-0.27635085582733154,0.06908771395683289
-0.8387176394462585,-0.27635085582733154,0.20726314187049866
-0.42419135570526123,-0.20726314187049866,0.13817542791366577
-0.42419135570526123,-0.06908771395683289,0.13817542791366577
-0.42419135570526123,-0.13817542791366577,0.06908771395683289
-0.42419135570526123,-0.13817542791366577,0.20726314187049866
-0.4932790696620941,0.27635085582733154,0.13817542791366577
-0.6314544677734375,0.27635085582733154,0.13817542791366577
-0.562366783618927,0.27635085582733154,0.06908771395683289
-0.562366783618927,0.27635085582733154,0.20726314187049866
-0.9768930673599243,0.20726314187049866,0.13817542791366577
-0.9768930673599243,0.06908771395683289,0.13817542791366577
-0.9768930673599243,0.13817542791366577,0.06908771395683289
-0.9768930673599243,0.13817542791366577,0.20726314187049866
-0.9768930673599243,0.06908771395683289,0.20726314187049866
-0.9768930673599243,0.06908771395683289,0.06908771395683289
-0.9768930673599243,0.20726314187049866,0.06908771395683289
-0.6314544677734375,0.27635085582733154,0.20726314187049866
-0.6314544677734375,0.27635085582733154,0.06908771395683289
-0.4932790696620941,0.27635085582733154,0.06908771395683289
-0.42419135570526123,-0.06908771395683289,0.20726314187049866
-0.42419135570526123,-0.06908771395683289,0.06908771395683289
-0.42419135570526123,-0.20726314187049866,0.06908771395683289
-0.769629955291748,-0.27635085582733154,0.20726314187049866
-0.769629955291748,-0.27635085582733154,0.06908771395683289
-0.907805323600769,-0.27635085582733154,0.06908771395683289
-0.4932790696620941,-0.06908771395683289,-0.27635085582733154
-0.6314544677734375,-0.06908771395683289,-0.27635085582733154
-0.6314544677734375,-0.20726314187049866,-0.27635085582733154
-0.907805323600769,-0.06908771395683289,0.27635085582733154
-0.769629955291748,-0.06908771395683289,0.27635085582733154
-0.769629955291748,-0.20726314187049866,0.27635085582733154
-0.6314544677734375,-0.06908771395683289,0.27635085582733154
-0.4932790696620941,-0.06908771395683289,0.27635085582733154
-0.4932790696620941,-0.20726314187049866,0.27635085582733154
-0.6314544677734375,0.20726314187049866,0.27635085582733154
-0.4932790696620941,0.20726314187049866,0.27635085582733154
-0.4932790696620941,0.06908771395683289,0.27635085582733154
-0.907805323600769,0.20726314187049866,0.27635085582733154
-0.769629955291748,0.20726314187049866,0.27635085582733154
-0.769629955291748,0.06908771395683289,0.27635085582733154
-0.769629955291748,-0.06908771395683289,-0.27635085582733154
-0.907805323600769,-0.06908771395683289,-0.27635085582733154
-0.907805323600769,-0.20726314187049866,-0.27635085582733154
-0.769629955291748,0.20726314187049866,-0.27635085582733154
-0.907805323600769,0.20726314187049866,-0.27635085582733154
-0.907805323600769,0.06908771395683289,-0.27635085582733154
-0.4932790696620941,0.20726314187049866,-0.27635085582733154
-0.6314544677734375,0.20726314187049866,-0.27635085582733154
-0.6314544677734375,0.06908771395683289,-0.27635085582733154
-0.769629955291748,-0.27635085582733154,-0.06908771395683289
-0.769629955291748,-0.27635085582733154,-0.20726314187049866
-0.907805323600769,-0.27635085582733154,-0.20726314187049866
-0.4932790696620941,-0.27635085582733154,-0.06908771395683289
-0.4932790696620941,-0.27635085582733154,-0.20726314187049866
-0.6314544677734375,-0.27635085582733154,-0.20726314187049866
-0.4932790696620941,-0.27635085582733154,0.20726314187049866
-0.4932790696620941,-0.27635085582733154,0.06908771395683289
-0.6314544677734375,-0.27635085582733154,0.06908771395683289
-0.42419135570526123,-0.06908771395683289,-0.06908771395683289
-0.42419135570526123,-0.06908771395683289,-0.20726314187049866
-0.42419135570526123,-0.20726314187049866,-0.20726314187049866
-0.42419135570526123,0.20726314187049866,-0.06908771395683289
-0.42419135570526123,0.20726314187049866,-0.20726314187049866
-0.42419135570526123,0.06908771395683289,-0.20726314187049866
-0.42419135570526123,0.20726314187049866,0.20726314187049866
-0.42419135570526123,0.20726314187049866,0.06908771395683289
-0.42419135570526123,0.06908771395683289,0.06908771395683289
-0.6314544677734375,0.27635085582733154,-0.06908771395683289
-0.6314544677734375,0.27635085582733154,-0.20726314187049866
-0.4932790696620941,0.27635085582733154,-0.20726314187049866
-0.907805323600769,0.27635085582733154,-0.06908771395683289
-0.907805323600769,0.27635085582733154,-0.20726314187049866
-0.769629955291748,0.27635085582733154,-0.20726314187049866
-0.907805323600769,0.27635085582733154,0.20726314187049866
-0.907805323600769,0.27635085582733154,0.06908771395683289
-0.769629955291748,0.27635085582733154,0.06908771395683289
-0.9768930673599243,0.06908771395683289,-0.06908771395683289
-0.9768930673599243,0.06908771395683289,-0.20726314187049866
-0.9768930673599243,0.20726314187049866,-0.20726314187049866
-0.9768930673599243,-0.20726314187049866,-0.06908771395683289
-0.9768930673599243,-0.20726314187049866,-0.20726314187049866
-0.9768930673599243,-0.06908771395683289,-0.20726314187049866
-0.9768930673599243,-0.20726314187049866,0.20726314187049866
-0.9768930673599243,-0.20726314187049866,0.06908771395683289
-0.9768930673599243,-0.06908771395683289,0.06908771395683289
-0.9768930673599243,-0.06908771395683289,0.20726314187049866
-0.9768930673599243,-0.06908771395683289,-0.06908771395683289
-0.9768930673599243,0.20726314187049866,-0.06908771395683289
-0.769629955291748,0.27635085582733154,0.20726314187049866
-0.769629955291748,0.27635085582733154,-0.06908771395683289
-0.4932790696620941,0.27635085582733154,-0.06908771395683289
-0.42419135570526123,0.06908771395683289,0.20726314187049866
-0.42419135570526123,0.06908771395683289,-0.06908771395683289
-0.42419135570526123,-0.20726314187049866,-0.06908771395683289
-0.6314544677734375,-0.27635085582733154,0.20726314187049866
-0.6314544677734375,-0.27635085582733154,-0.06908771395683289
-0.907805323600769,-0.27635085582733154,-0.06908771395683289
-0.4932790696620941,0.06908771395683289,-0.27635085582733154
-0.769629955291748,0.06908771395683289,-0.27635085582733154
-0.769629955291748,-0.20726314187049866,-0.27635085582733154
-0.907805323600769,0.06908771395683289,0.27635085582733154
-0.6314544677734375,0.06908771395683289,0.27635085582733154
-0.6314544677734375,-0.20726314187049866,0.27635085582733154
-0.907805323600769,-0.20726314187049866,0.27635085582733154
-0.4932790696620941,-0.20726314187049866,-0.27635085582733154
-0.907805323600769,-0.27635085582733154,0.20726314187049866
-0.42419135570526123,-0.20726314187049866,0.20726314187049866
-0.4932790696620941,0.27635085582733154,0.20726314187049866
-0.9768930673599243,0.20726314187049866,0.20726314187049866
