-0.19610290229320526,-0.5517155528068542,-0.0008659034501761198
-0.19610290229320526,-0.5517155528068542,0.6079913973808289
-0.19610290229320526,-0.4334358870983124,-0.0008659034501761198
-0.19610290229320526,-0.4334358870983124,0.6079913973808289
-0.07782324403524399,-0.5517155528068542,-0.0008659034501761198
-0.07782324403524399,-0.5517155528068542,0.6079913973808289
-0.07782324403524399,-0.4334358870983124,-0.0008659034501761198
-0.07782324403524399,-0.4334358870983124,0.6079913973808289
-0.19610290229320526,-0.4925757050514221,-0.0008659034501761198
-0.19610290229320526,-0.5517155528068542,0.303562730550766
-0.19610290229320526,-0.4925757050514221,0.6079913973808289
-0.19610290229320526,-0.4334358870983124,0.303562730550766
-0.13696306943893433,-0.4334358870983124,-0.0008659034501761198
-0.13696306943893433,-0.4334358870983124,0.6079913973808289
-0.07782324403524399,-0.4334358870983124,0.303562730550766
-0.07782324403524399,-0.4925757050514221,-0.0008659034501761198
-0.07782324403524399,-0.4925757050514221,0.6079913973808289
-0.07782324403524399,-0.5517155528068542,0.303562730550766
-0.13696306943893433,-0.5517155528068542,-0.0008659034501761198
-0.13696306943893433,-0.5517155528068542,0.6079913973808289
-0.13696306943893433,-0.4925757050514221,0.6079913973808289
-0.13696306943893433,-0.4925757050514221,-0.0008659034501761198
-0.13696306943893433,-0.5517155528068542,0.303562730550766
-0.07782324403524399,-0.4925757050514221,0.303562730550766
-0.13696306943893433,-0.4334358870983124,0.303562730550766
-0.19610290229320526,-0.4925757050514221,0.303562730550766
-0.19610290229320526,-0.5221456289291382,-0.0008659034501761198
-0.19610290229320526,-0.5517155528068542,0.45577704906463623
-0.19610290229320526,-0.46300578117370605,0.6079913973808289
-0.19610290229320526,-0.4334358870983124,0.15134841203689575
-0.1665329933166504,-0.4334358870983124,-0.0008659034501761198
-0.10739316046237946,-0.4334358870983124,0.6079913973808289
-0.07782324403524399,-0.4334358870983124,0.15134841203689575
-0.07782324403524399,-0.46300578117370605,-0.0008659034501761198
-0.07782324403524399,-0.5221456289291382,0.6079913973808289
-0.07782324403524399,-0.5517155528068542,0.15134841203689575
-0.10739316046237946,-0.5517155528068542,-0.0008659034501761198
-0.1665329933166504,-0.5517155528068542,0.6079913973808289
-0.19610290229320526,-0.46300578117370605,-0.0008659034501761198
-0.19610290229320526,-0.5517155528068542,0.15134841203689575
-0.19610290229320526,-0.5221456289291382,0.6079913973808289
-0.19610290229320526,-0.4334358870983124,0.45577704906463623
-0.10739316046237946,-0.4334358870983124,-0.0008659034501761198
-0.1665329933166504,-0.4334358870983124,0.6079913973808289
-0.07782324403524399,-0.4334358870983124,0.45577704906463623
-0.07782324403524399,-0.5221456289291382,-0.0008659034501761198
-0.07782324403524399,-0.46300578117370605,0.6079913973808289
-0.07782324403524399,-0.5517155528068542,0.45577704906463623
-0.1665329933166504,-0.5517155528068542,-0.0008659034501761198
-0.10739316046237946,-0.5517155528068542,0.6079913973808289
-0.13696306943893433,-0.5221456289291382,0.6079913973808289
-0.13696306943893433,-0.46300578117370605,0.6079913973808289
-0.10739316046237946,-0.4925757050514221,0.6079913973808289
-0.1665329933166504,-0.4925757050514221,0.6079913973808289
-0.13696306943893433,-0.5221456289291382,-0.0008659034501761198
-0.13696306943893433,-0.46300578117370605,-0.0008659034501761198
-0.1665329933166504,-0.4925757050514221,-0.0008659034501761198
-0.10739316046237946,-0.4925757050514221,-0.0008659034501761198
-0.1665329933166504,-0.5517155528068542,0.303562730550766
-0.10739316046237946,-0.5517155528068542,0.303562730550766
-0.13696306943893433,-0.5517155528068542,0.15134841203689575
-0.13696306943893433,-0.5517155528068542,0.45577704906463623
-0.07782324403524399,-0.5221456289291382,0.303562730550766
-0.07782324403524399,-0.46300578117370605,0.303562730550766
-0.07782324403524399,-0.4925757050514221,0.15134841203689575
-0.07782324403524399,-0.4925757050514221,0.45577704906463623
-0.10739316046237946,-0.4334358870983124,0.303562730550766
-0.1665329933166504,-0.4334358870983124,0.303562730550766
-0.13696306943893433,-0.4334358870983124,0.15134841203689575
-0.13696306943893433,-0.4334358870983124,0.45577704906463623
-0.19610290229320526,-0.46300578117370605,0.303562730550766
-0.19610290229320526,-0.5221456289291382,0.303562730550766
-0.19610290229320526,-0.4925757050514221,0.15134841203689575
-0.19610290229320526,-0.4925757050514221,0.45577704906463623
-0.19610290229320526,-0.5221456289291382,0.45577704906463623
-0.19610290229320526,-0.5221456289291382,0.15134841203689575
-0.19610290229320526,-0.46300578117370605,0.15134841203689575
-0.1665329933166504,-0.4334358870983124,0.45577704906463623
-0.1665329933166504,-0.4334358870983124,0.15134841203689575
-0.10739316046237946,-0.4334358870983124,0.15134841203689575
-0.07782324403524399,-0.46300578117370605,0.45577704906463623
-0.07782324403524399,-0.46300578117370605,0.15134841203689575
-0.07782324403524399,-0.5221456289291382,0.15134841203689575
-0.10739316046237946,-0.5517155528068542,0.45577704906463623
-0.10739316046237946,-0.5517155528068542,0.15134841203689575
-0.1665329933166504,-0.5517155528068542,0.15134841203689575
-0.10739316046237946,-0.46300578117370605,-0.0008659034501761198
-0.1665329933166504,-0.46300578117370605,-0.0008659034501761198
-0.1665329933166504,-0.5221456289291382,-0.0008659034501761198
-0.1665329933166504,-0.46300578117370605,0.6079913973808289
-0.10739316046237946,-0.46300578117370605,0.6079913973808289
-0.10739316046237946,-0.5221456289291382,0.6079913973808289
-0.1665329933166504,-0.5221456289291382,0.6079913973808289
-0.10739316046237946,-0.5221456289291382,-0.0008659034501761198
-0.1665329933166504,-0.5517155528068542,0.45577704906463623
-0.07782324403524399,-0.5221456289291382,0.45577704906463623
-0.10739316046237946,-0.4334358870983124,0.45577704906463623
-0.19610290229320526,-0.46300578117370605,0.45577704906463623
-0.19610290229320526,-0.5369305610656738,-0.0008659034501761198
-0.19610290229320526,-0.5517155528068542,0.5318842530250549
-0.19610290229320526,-0.4482208490371704,0.6079913973808289
-0.19610290229320526,-0.4334358870983124,0.07524125277996063
-0.18131794035434723,-0.4334358870983124,-0.0008659034501761198
-0.09260819852352142,-0.4334358870983124,0.6079913973808289
-0.07782324403524399,-0.4334358870983124,0.07524125277996063
-0.07782324403524399,-0.4482208490371704,-0.0008659034501761198
-0.07782324403524399,-0.5369305610656738,0.6079913973808289
-0.07782324403524399,-0.5517155528068542,0.07524125277996063
-0.09260819852352142,-0.5517155528068542,-0.0008659034501761198
-0.18131794035434723,-0.5517155528068542,0.6079913973808289
-0.19610290229320526,-0.4777907431125641,-0.0008659034501761198
-0.19610290229320526,-0.5517155528068542,0.22745557129383087
-0.19610290229320526,-0.5073606371879578,0.6079913973808289
-0.19610290229320526,-0.4334358870983124,0.3796698749065399
-0.12217811495065689,-0.4334358870983124,-0.0008659034501761198
-0.15174803137779236,-0.4334358870983124,0.6079913973808289
-0.07782324403524399,-0.4334358870983124,0.3796698749065399
-0.07782324403524399,-0.5073606371879578,-0.0008659034501761198
-0.07782324403524399,-0.4777907431125641,0.6079913973808289
-0.07782324403524399,-0.5517155528068542,0.3796698749065399
-0.15174803137779236,-0.5517155528068542,-0.0008659034501761198
-0.12217811495065689,-0.5517155528068542,0.6079913973808289
-0.13696306943893433,-0.5369305610656738,0.6079913973808289
-0.13696306943893433,-0.4777907431125641,0.6079913973808289
-0.09260819852352142,-0.4925757050514221,0.6079913973808289
-0.15174803137779236,-0.4925757050514221,0.6079913973808289
-0.13696306943893433,-0.5369305610656738,-0.0008659034501761198
-0.13696306943893433,-0.4777907431125641,-0.0008659034501761198
-0.18131794035434723,-0.4925757050514221,-0.0008659034501761198
-0.12217811495065689,-0.4925757050514221,-0.0008659034501761198
-0.18131794035434723,-0.5517155528068542,0.303562730550766
-0.12217811495065689,-0.5517155528068542,0.303562730550766
-0.13696306943893433,-0.5517155528068542,0.07524125277996063
-0.13696306943893433,-0.5517155528068542,0.3796698749065399
-0.07782324403524399,-0.5369305610656738,0.303562730550766
-0.07782324403524399,-0.4777907431125641,0.303562730550766
-0.07782324403524399,-0.4925757050514221,0.07524125277996063
-0.07782324403524399,-0.4925757050514221,0.3796698749065399
-0.09260819852352142,-0.4334358870983124,0.303562730550766
-0.15174803137779236,-0.4334358870983124,0.303562730550766
-0.13696306943893433,-0.4334358870983124,0.07524125277996063
-0.13696306943893433,-0.4334358870983124,0.3796698749065399
-0.19610290229320526,-0.4482208490371704,0.303562730550766
-0.19610290229320526,-0.5073606371879578,0.303562730550766
-0.19610290229320526,-0.4925757050514221,0.07524125277996063
-0.19610290229320526,-0.4925757050514221,0.3796698749065399
-0.19610290229320526,-0.5073606371879578,-0.0008659034501761198
-0.19610290229320526,-0.5517155528068542,0.3796698749065399
-0.19610290229320526,-0.4777907431125641,0.6079913973808289
-0.19610290229320526,-0.4334358870983124,0.22745557129383087
-0.15174803137779236,-0.4334358870983124,-0.0008659034501761198
-0.12217811495065689,-0.4334358870983124,0.6079913973808289
-0.07782324403524399,-0.4334358870983124,0.22745557129383087
-0.07782324403524399,-0.4777907431125641,-0.0008659034501761198
-0.07782324403524399,-0.5073606371879578,0.6079913973808289
-0.07782324403524399,-0.5517155528068542,0.22745557129383087
-0.12217811495065689,-0.5517155528068542,-0.0008659034501761198
-0.15174803137779236,-0.5517155528068542,0.6079913973808289
-0.19610290229320526,-0.4482208490371704,-0.0008659034501761198
-0.19610290229320526,-0.5517155528068542,0.07524125277996063
-0.19610290229320526,-0.5369305610656738,0.6079913973808289
-0.19610290229320526,-0.4334358870983124,0.5318842530250549
-0.09260819852352142,-0.4334358870983124,-0.0008659034501761198
-0.18131794035434723,-0.4334358870983124,0.6079913973808289
-0.07782324403524399,-0.4334358870983124,0.5318842530250549
-0.07782324403524399,-0.5369305610656738,-0.0008659034501761198
-0.07782324403524399,-0.4482208490371704,0.6079913973808289
-0.07782324403524399,-0.5517155528068542,0.5318842530250549
-0.18131794035434723,-0.5517155528068542,-0.0008659034501761198
-0.09260819852352142,-0.5517155528068542,0.6079913973808289
-0.13696306943893433,-0.5073606371879578,0.6079913973808289
-0.13696306943893433,-0.4482208490371704,0.6079913973808289
-0.12217811495065689,-0.4925757050514221,0.6079913973808289
-0.18131794035434723,-0.4925757050514221,0.6079913973808289
-0.13696306943893433,-0.5073606371879578,-0.0008659034501761198
-0.13696306943893433,-0.4482208490371704,-0.0008659034501761198
-0.15174803137779236,-0.4925757050514221,-0.0008659034501761198
-0.09260819852352142,-0.4925757050514221,-0.0008659034501761198
-0.15174803137779236,-0.5517155528068542,0.303562730550766
-0.09260819852352142,-0.5517155528068542,0.303562730550766
-0.13696306943893433,-0.5517155528068542,0.22745557129383087
-0.13696306943893433,-0.5517155528068542,0.5318842530250549
-0.07782324403524399,-0.5073606371879578,0.303562730550766
-0.07782324403524399,-0.4482208490371704,0.303562730550766
-0.07782324403524399,-0.4925757050514221,0.22745557129383087
-0.07782324403524399,-0.4925757050514221,0.5318842530250549
-0.12217811495065689,-0.4334358870983124,0.303562730550766
-0.18131794035434723,-0.4334358870983124,0.303562730550766
-0.13696306943893433,-0.4334358870983124,0.22745557129383087
-0.13696306943893433,-0.4334358870983124,0.5318842530250549
-0.19610290229320526,-0.4777907431125641,0.303562730550766
-0.19610290229320526,-0.5369305610656738,0.303562730550766
-0.19610290229320526,-0.4925757050514221,0.22745557129383087
-0.19610290229320526,-0.4925757050514221,0.5318842530250549
-0.19610290229320526,-0.5073606371879578,0.45577704906463623
-0.19610290229320526,-0.5369305610656738,0.45577704906463623
-0.19610290229320526,-0.5221456289291382,0.3796698749065399
-0.19610290229320526,-0.5221456289291382,0.5318842530250549
-0.19610290229320526,-0.5073606371879578,0.15134841203689575
-0.19610290229320526,-0.5369305610656738,0.15134841203689575
-0.19610290229320526,-0.5221456289291382,0.07524125277996063
-0.19610290229320526,-0.5221456289291382,0.22745557129383087
-0.19610290229320526,-0.4482208490371704,0.15134841203689575
-0.19610290229320526,-0.4777907431125641,0.15134841203689575
-0.19610290229320526,-0.46300578117370605,0.07524125277996063
-0.19610290229320526,-0.46300578117370605,0.22745557129383087
-0.15174803137779236,-0.4334358870983124,0.45577704906463623
-0.18131794035434723,-0.4334358870983124,0.45577704906463623
-0.1665329933166504,-0.4334358870983124,0.3796698749065399
-0.1665329933166504,-0.4334358870983124,0.5318842530250549
-0.15174803137779236,-0.4334358870983124,0.15134841203689575
-0.18131794035434723,-0.4334358870983124,0.15134841203689575
-0.1665329933166504,-0.4334358870983124,0.07524125277996063
-0.1665329933166504,-0.4334358870983124,0.22745557129383087
-0.09260819852352142,-0.4334358870983124,0.15134841203689575
-0.12217811495065689,-0.4334358870983124,0.15134841203689575
-0.10739316046237946,-0.4334358870983124,0.07524125277996063
-0.10739316046237946,-0.4334358870983124,0.22745557129383087
-0.07782324403524399,-0.4777907431125641,0.45577704906463623
-0.07782324403524399,-0.4482208490371704,0.45577704906463623
-0.07782324403524399,-0.46300578117370605,0.3796698749065399
-0.07782324403524399,-0.46300578117370605,0.5318842530250549
-0.07782324403524399,-0.4777907431125641,0.15134841203689575
-0.07782324403524399,-0.4482208490371704,0.15134841203689575
-0.07782324403524399,-0.46300578117370605,0.07524125277996063
-0.07782324403524399,-0.46300578117370605,0.22745557129383087
-0.07782324403524399,-0.5369305610656738,0.15134841203689575
-0.07782324403524399,-0.5073606371879578,0.15134841203689575
-0.07782324403524399,-0.5221456289291382,0.07524125277996063
-0.07782324403524399,-0.5221456289291382,0.22745557129383087
-0.12217811495065689,-0.5517155528068542,0.45577704906463623
-0.09260819852352142,-0.5517155528068542,0.45577704906463623
-0.10739316046237946,-0.5517155528068542,0.3796698749065399
-0.10739316046237946,-0.5517155528068542,0.5318842530250549
-0.12217811495065689,-0.5517155528068542,0.15134841203689575
-0.09260819852352142,-0.5517155528068542,0.15134841203689575
-0.10739316046237946,-0.5517155528068542,0.07524125277996063
-0.10739316046237946,-0.5517155528068542,0.22745557129383087
-0.18131794035434723,-0.5517155528068542,0.15134841203689575
-0.15174803137779236,-0.5517155528068542,0.15134841203689575
-0.1665329933166504,-0.5517155528068542,0.07524125277996063
-0.1665329933166504,-0.5517155528068542,0.22745557129383087
-0.10739316046237946,-0.4777907431125641,-0.0008659034501761198
-0.10739316046237946,-0.4482208490371704,-0.0008659034501761198
-0.12217811495065689,-0.46300578117370605,-0.0008659034501761198
-0.09260819852352142,-0.46300578117370605,-0.0008659034501761198
-0.1665329933166504,-0.4777907431125641,-0.0008659034501761198
-0.1665329933166504,-0.4482208490371704,-0.0008659034501761198
-0.18131794035434723,-0.46300578117370605,-0.0008659034501761198
-0.15174803137779236,-0.46300578117370605,-0.0008659034501761198
-0.1665329933166504,-0.5369305610656738,-0.0008659034501761198
-0.1665329933166504,-0.5073606371879578,-0.0008659034501761198
-0.18131794035434723,-0.5221456289291382,-0.0008659034501761198
-0.15174803137779236,-0.5221456289291382,-0.0008659034501761198
-0.1665329933166504,-0.4777907431125641,0.6079913973808289
-0.1665329933166504,-0.4482208490371704,0.6079913973808289
-0.15174803137779236,-0.46300578117370605,0.6079913973808289
-0.18131794035434723,-0.46300578117370605,0.6079913973808289
-0.10739316046237946,-0.4777907431125641,0.6079913973808289
-0.10739316046237946,-0.4482208490371704,0.6079913973808289
-0.09260819852352142,-0.46300578117370605,0.6079913973808289
-0.12217811495065689,-0.46300578117370605,0.6079913973808289
-0.10739316046237946,-0.5369305610656738,0.6079913973808289
-0.10739316046237946,-0.5073606371879578,0.6079913973808289
-0.09260819852352142,-0.5221456289291382,0.6079913973808289
-0.12217811495065689,-0.5221456289291382,0.6079913973808289
-0.1665329933166504,-0.5369305610656738,0.6079913973808289
-0.1665329933166504,-0.5073606371879578,0.6079913973808289
-0.15174803137779236,-0.5221456289291382,0.6079913973808289
-0.18131794035434723,-0.5221456289291382,0.6079913973808289
-0.10739316046237946,-0.5369305610656738,-0.0008659034501761198
-0.10739316046237946,-0.5073606371879578,-0.0008659034501761198
-0.12217811495065689,-0.5221456289291382,-0.0008659034501761198
-0.09260819852352142,-0.5221456289291382,-0.0008659034501761198
-0.18131794035434723,-0.5517155528068542,0.45577704906463623
-0.15174803137779236,-0.5517155528068542,0.45577704906463623
-0.1665329933166504,-0.5517155528068542,0.3796698749065399
-0.1665329933166504,-0.5517155528068542,0.5318842530250549
-0.07782324403524399,-0.5369305610656738,0.45577704906463623
-0.07782324403524399,-0.5073606371879578,0.45577704906463623
-0.07782324403524399,-0.5221456289291382,0.3796698749065399
-0.07782324403524399,-0.5221456289291382,0.5318842530250549
-0.09260819852352142,-0.4334358870983124,0.45577704906463623
-0.12217811495065689,-0.4334358870983124,0.45577704906463623
-0.10739316046237946,-0.4334358870983124,0.3796698749065399
-0.10739316046237946,-0.4334358870983124,0.5318842530250549
-0.19610290229320526,-0.4482208490371704,0.45577704906463623
-0.19610290229320526,-0.4777907431125641,0.45577704906463623
-0.19610290229320526,-0.46300578117370605,0.3796698749065399
-0.19610290229320526,-0.46300578117370605,0.5318842530250549
-0.19610290229320526,-0.4777907431125641,0.5318842530250549
-0.19610290229320526,-0.4777907431125641,0.3796698749065399
-0.19610290229320526,-0.4482208490371704,0.3796698749065399
-0.12217811495065689,-0.4334358870983124,0.5318842530250549
-0.12217811495065689,-0.4334358870983124,0.3796698749065399
-0.09260819852352142,-0.4334358870983124,0.3796698749065399
-0.07782324403524399,-0.5073606371879578,0.5318842530250549
-0.07782324403524399,-0.5073606371879578,0.3796698749065399
-0.07782324403524399,-0.5369305610656738,0.3796698749065399
-0.15174803137779236,-0.5517155528068542,0.5318842530250549
-0.15174803137779236,-0.5517155528068542,0.3796698749065399
-0.18131794035434723,-0.5517155528068542,0.3796698749065399
-0.09260819852352142,-0.5073606371879578,-0.0008659034501761198
-0.12217811495065689,-0.5073606371879578,-0.0008659034501761198
-0.12217811495065689,-0.5369305610656738,-0.0008659034501761198
-0.18131794035434723,-0.5073606371879578,0.6079913973808289
-0.15174803137779236,-0.5073606371879578,0.6079913973808289
-0.15174803137779236,-0.5369305610656738,0.6079913973808289
-0.12217811495065689,-0.5073606371879578,0.6079913973808289
-0.09260819852352142,-0.5073606371879578,0.6079913973808289
-0.09260819852352142,-0.5369305610656738,0.6079913973808289
-0.12217811495065689,-0.4482208490371704,0.6079913973808289
-0.09260819852352142,-0.4482208490371704,0.6079913973808289
-0.09260819852352142,-0.4777907431125641,0.6079913973808289
-0.18131794035434723,-0.4482208490371704,0.6079913973808289
-0.15174803137779236,-0.4482208490371704,0.6079913973808289
-0.15174803137779236,-0.4777907431125641,0.6079913973808289
-0.15174803137779236,-0.5073606371879578,-0.0008659034501761198
-0.18131794035434723,-0.5073606371879578,-0.0008659034501761198
-0.18131794035434723,-0.5369305610656738,-0.0008659034501761198
-0.15174803137779236,-0.4482208490371704,-0.0008659034501761198
-0.18131794035434723,-0.4482208490371704,-0.0008659034501761198
-0.18131794035434723,-0.4777907431125641,-0.0008659034501761198
-0.09260819852352142,-0.4482208490371704,-0.0008659034501761198
-0.12217811495065689,-0.4482208490371704,-0.0008659034501761198
-0.12217811495065689,-0.4777907431125641,-0.0008659034501761198
-0.15174803137779236,-0.5517155528068542,0.22745557129383087
-0.15174803137779236,-0.5517155528068542,0.07524125277996063
-0.18131794035434723,-0.5517155528068542,0.07524125277996063
-0.09260819852352142,-0.5517155528068542,0.22745557129383087
-0.09260819852352142,-0.5517155528068542,0.07524125277996063
-0.12217811495065689,-0.5517155528068542,0.07524125277996063
-0.09260819852352142,-0.5517155528068542,0.5318842530250549
-0.09260819852352142,-0.5517155528068542,0.3796698749065399
-0.12217811495065689,-0.5517155528068542,0.3796698749065399
-0.07782324403524399,-0.5073606371879578,0.22745557129383087
-0.07782324403524399,-0.5073606371879578,0.07524125277996063
-0.07782324403524399,-0.5369305610656738,0.07524125277996063
-0.07782324403524399,-0.4482208490371704,0.22745557129383087
-0.07782324403524399,-0.4482208490371704,0.07524125277996063
-0.07782324403524399,-0.4777907431125641,0.07524125277996063
-0.07782324403524399,-0.4482208490371704,0.5318842530250549
-0.07782324403524399,-0.4482208490371704,0.3796698749065399
-0.07782324403524399,-0.4777907431125641,0.3796698749065399
-0.12217811495065689,-0.4334358870983124,0.22745557129383087
-0.12217811495065689,-0.4334358870983124,0.07524125277996063
-0.09260819852352142,-0.4334358870983124,0.07524125277996063
-0.18131794035434723,-0.4334358870983124,0.22745557129383087
-0.18131794035434723,-0.4334358870983124,0.07524125277996063
-0.15174803137779236,-0.4334358870983124,0.07524125277996063
-0.18131794035434723,-0.4334358870983124,0.5318842530250549
-0.18131794035434723,-0.4334358870983124,0.3796698749065399
-0.15174803137779236,-0.4334358870983124,0.3796698749065399
-0.19610290229320526,-0.4777907431125641,0.22745557129383087
-0.19610290229320526,-0.4777907431125641,0.07524125277996063
-0.19610290229320526,-0.4482208490371704,0.07524125277996063
-0.19610290229320526,-0.5369305610656738,0.22745557129383087
-0.19610290229320526,-0.5369305610656738,0.07524125277996063
-0.19610290229320526,-0.5073606371879578,0.07524125277996063
-0.19610290229320526,-0.5369305610656738,0.5318842530250549
-0.19610290229320526,-0.5369305610656738,0.3796698749065399
-0.19610290229320526,-0.5073606371879578,0.3796698749065399
-0.19610290229320526,-0.5073606371879578,0.5318842530250549
-0.19610290229320526,-0.5073606371879578,0.22745557129383087
-0.19610290229320526,-0.4482208490371704,0.22745557129383087
-0.15174803137779236,-0.4334358870983124,0.5318842530250549
-0.15174803137779236,-0.4334358870983124,0.22745557129383087
-0.09260819852352142,-0.4334358870983124,0.22745557129383087
-0.07782324403524399,-0.4777907431125641,0.5318842530250549
-0.07782324403524399,-0.4777907431125641,0.22745557129383087
-0.07782324403524399,-0.5369305610656738,0.22745557129383087
-0.12217811495065689,-0.5517155528068542,0.5318842530250549
-0.12217811495065689,-0.5517155528068542,0.22745557129383087
-0.18131794035434723,-0.5517155528068542,0.22745557129383087
-0.09260819852352142,-0.4777907431125641,-0.0008659034501761198
-0.15174803137779236,-0.4777907431125641,-0.0008659034501761198
-0.15174803137779236,-0.5369305610656738,-0.0008659034501761198
-0.18131794035434723,-0.4777907431125641,0.6079913973808289
-0.12217811495065689,-0.4777907431125641,0.6079913973808289
-0.12217811495065689,-0.5369305610656738,0.6079913973808289
-0.18131794035434723,-0.5369305610656738,0.6079913973808289
-0.09260819852352142,-0.5369305610656738,-0.0008659034501761198
-0.18131794035434723,-0.5517155528068542,0.5318842530250549
-0.07782324403524399,-0.5369305610656738,0.5318842530250549
-0.09260819852352142,-0.4334358870983124,0.5318842530250549
-0.19610290229320526,-0.4482208490371704,0.5318842530250549
