0.5774819850921631,-0.5517155528068542,-0.0008659034501761198
0.5774819850921631,-0.5517155528068542,0.6079913973808289
0.5774819850921631,-0.4334358870983124,-0.0008659034501761198
0.5774819850921631,-0.4334358870983124,0.6079913973808289
0.6957616806030273,-0.5517155528068542,-0.0008659034501761198
0.6957616806030273,-0.5517155528068542,0.6079913973808289
0.6957616806030273,-0.4334358870983124,-0.0008659034501761198
0.6957616806030273,-0.4334358870983124,0.6079913973808289
0.5774819850921631,-0.4925757050514221,-0.0008659034501761198
0.5774819850921631,-0.5517155528068542,0.303562730550766
0.5774819850921631,-0.4925757050514221,0.6079913973808289
0.5774819850921631,-0.4334358870983124,0.303562730550766
0.6366218328475952,-0.4334358870983124,-0.0008659034501761198
0.6366218328475952,-0.4334358870983124,0.6079913973808289
0.6957616806030273,-0.4334358870983124,0.303562730550766
0.6957616806030273,-0.4925757050514221,-0.0008659034501761198
0.6957616806030273,-0.4925757050514221,0.6079913973808289
0.6957616806030273,-0.5517155528068542,0.303562730550766
0.6366218328475952,-0.5517155528068542,-0.0008659034501761198
0.6366218328475952,-0.5517155528068542,0.6079913973808289
0.6366218328475952,-0.4925757050514221,0.6079913973808289
0.6366218328475952,-0.4925757050514221,-0.0008659034501761198
0.6366218328475952,-0.5517155528068542,0.303562730550766
0.6957616806030273,-0.4925757050514221,0.303562730550766
0.6366218328475952,-0.4334358870983124,0.303562730550766
0.5774819850921631,-0.4925757050514221,0.303562730550766
0.5774819850921631,-0.5221456289291382,-0.0008659034501761198
0.5774819850921631,-0.5517155528068542,0.45577704906463623
0.5774819850921631,-0.46300578117370605,0.6079913973808289
0.5774819850921631,-0.4334358870983124,0.15134841203689575
0.6070519089698792,-0.4334358870983124,-0.0008659034501761198
0.6661917567253113,-0.4334358870983124,0.6079913973808289
0.6957616806030273,-0.4334358870983124,0.15134841203689575
0.6957616806030273,-0.46300578117370605,-0.0008659034501761198
0.6957616806030273,-0.5221456289291382,0.6079913973808289
0.6957616806030273,-0.5517155528068542,0.15134841203689575
0.6661917567253113,-0.5517155528068542,-0.0008659034501761198
0.6070519089698792,-0.5517155528068542,0.6079913973808289
0.5774819850921631,-0.46300578117370605,-0.0008659034501761198
0.5774819850921631,-0.5517155528068542,0.15134841203689575
0.5774819850921631,-0.5221456289291382,0.6079913973808289
0.5774819850921631,-0.4334358870983124,0.45577704906463623
0.6661917567253113,-0.4334358870983124,-0.0008659034501761198
0.6070519089698792,-0.4334358870983124,0.6079913973808289
0.6957616806030273,-0.4334358870983124,0.45577704906463623
0.6957616806030273,-0.5221456289291382,-0.0008659034501761198
0.6957616806030273,-0.46300578117370605,0.6079913973808289
0.6957616806030273,-0.5517155528068542,0.45577704906463623
0.6070519089698792,-0.5517155528068542,-0.0008659034501761198
0.6661917567253113,-0.5517155528068542,0.6079913973808289
0.6366218328475952,-0.5221456289291382,0.6079913973808289
0.6366218328475952,-0.46300578117370605,0.6079913973808289
0.6661917567253113,-0.4925757050514221,0.6079913973808289
0.6070519089698792,-0.4925757050514221,0.6079913973808289
0.6366218328475952,-0.5221456289291382,-0.0008659034501761198
0.6366218328475952,-0.46300578117370605,-0.0008659034501761198
0.6070519089698792,-0.4925757050514221,-0.0008659034501761198
0.6661917567253113,-0.4925757050514221,-0.0008659034501761198
0.6070519089698792,-0.5517155528068542,0.303562730550766
0.6661917567253113,-0.5517155528068542,0.303562730550766
0.6366218328475952,-0.5517155528068542,0.15134841203689575
0.6366218328475952,-0.5517155528068542,0.45577704906463623
0.6957616806030273,-0.5221456289291382,0.303562730550766
0.6957616806030273,-0.46300578117370605,0.303562730550766
0.6957616806030273,-0.4925757050514221,0.15134841203689575
0.6957616806030273,-0.4925757050514221,0.45577704906463623
0.6661917567253113,-0.4334358870983124,0.303562730550766
0.6070519089698792,-0.4334358870983124,0.303562730550766
0.6366218328475952,-0.4334358870983124,0.15134841203689575
0.6366218328475952,-0.4334358870983124,0.45577704906463623
0.5774819850921631,-0.46300578117370605,0.303562730550766
0.5774819850921631,-0.5221456289291382,0.303562730550766
0.5774819850921631,-0.4925757050514221,0.15134841203689575
0.5774819850921631,-0.4925757050514221,0.45577704906463623
0.5774819850921631,-0.5221456289291382,0.45577704906463623
0.5774819850921631,-0.5221456289291382,0.15134841203689575
0.5774819850921631,-0.46300578117370605,0.15134841203689575
0.6070519089698792,-0.4334358870983124,0.45577704906463623
0.6070519089698792,-0.4334358870983124,0.15134841203689575
0.6661917567253113,-0.4334358870983124,0.15134841203689575
0.6957616806030273,-0.46300578117370605,0.45577704906463623
0.6957616806030273,-0.46300578117370605,0.15134841203689575
0.6957616806030273,-0.5221456289291382,0.15134841203689575
0.6661917567253113,-0.5517155528068542,0.45577704906463623
0.6661917567253113,-0.5517155528068542,0.15134841203689575
0.6070519089698792,-0.5517155528068542,0.15134841203689575
0.6661917567253113,-0.46300578117370605,-0.0008659034501761198
0.6070519089698792,-0.46300578117370605,-0.0008659034501761198
0.6070519089698792,-0.5221456289291382,-0.0008659034501761198
0.6070519089698792,-0.46300578117370605,0.6079913973808289
0.6661917567253113,-0.46300578117370605,0.6079913973808289
0.6661917567253113,-0.5221456289291382,0.6079913973808289
0.6070519089698792,-0.5221456289291382,0.6079913973808289
0.6661917567253113,-0.5221456289291382,-0.0008659034501761198
0.6070519089698792,-0.5517155528068542,0.45577704906463623
0.6957616806030273,-0.5221456289291382,0.45577704906463623
0.6661917567253113,-0.4334358870983124,0.45577704906463623
0.5774819850921631,-0.46300578117370605,0.45577704906463623
0.5774819850921631,-0.5369305610656738,-0.0008659034501761198
0.5774819850921631,-0.5517155528068542,0.5318842530250549
0.5774819850921631,-0.4482208490371704,0.6079913973808289
0.5774819850921631,-0.4334358870983124,0.07524125277996063
0.5922669768333435,-0.4334358870983124,-0.0008659034501761198
0.6809766888618469,-0.4334358870983124,0.6079913973808289
0.6957616806030273,-0.4334358870983124,0.07524125277996063
0.6957616806030273,-0.4482208490371704,-0.0008659034501761198
0.6957616806030273,-0.5369305610656738,0.6079913973808289
0.6957616806030273,-0.5517155528068542,0.07524125277996063
0.6809766888618469,-0.5517155528068542,-0.0008659034501761198
0.5922669768333435,-0.5517155528068542,0.6079913973808289
0.5774819850921631,-0.4777907431125641,-0.0008659034501761198
0.5774819850921631,-0.5517155528068542,0.22745557129383087
0.5774819850921631,-0.5073606371879578,0.6079913973808289
0.5774819850921631,-0.4334358870983124,0.3796698749065399
0.6514067649841309,-0.4334358870983124,-0.0008659034501761198
0.6218369007110596,-0.4334358870983124,0.6079913973808289
0.6957616806030273,-0.4334358870983124,0.3796698749065399
0.6957616806030273,-0.5073606371879578,-0.0008659034501761198
0.6957616806030273,-0.4777907431125641,0.6079913973808289
0.6957616806030273,-0.5517155528068542,0.3796698749065399
0.6218369007110596,-0.5517155528068542,-0.0008659034501761198
0.6514067649841309,-0.5517155528068542,0.6079913973808289
0.6366218328475952,-0.5369305610656738,0.6079913973808289
0.6366218328475952,-0.4777907431125641,0.6079913973808289
0.6809766888618469,-0.4925757050514221,0.6079913973808289
0.6218369007110596,-0.4925757050514221,0.6079913973808289
0.6366218328475952,-0.5369305610656738,-0.0008659034501761198
0.6366218328475952,-0.4777907431125641,-0.0008659034501761198
0.5922669768333435,-0.4925757050514221,-0.0008659034501761198
0.6514067649841309,-0.4925757050514221,-0.0008659034501761198
0.5922669768333435,-0.5517155528068542,0.303562730550766
0.6514067649841309,-0.5517155528068542,0.303562730550766
0.6366218328475952,-0.5517155528068542,0.07524125277996063
0.6366218328475952,-0.5517155528068542,0.3796698749065399
0.6957616806030273,-0.5369305610656738,0.303562730550766
0.6957616806030273,-0.4777907431125641,0.303562730550766
0.6957616806030273,-0.4925757050514221,0.07524125277996063
0.6957616806030273,-0.4925757050514221,0.3796698749065399
0.6809766888618469,-0.4334358870983124,0.303562730550766
0.6218369007110596,-0.4334358870983124,0.303562730550766
0.6366218328475952,-0.4334358870983124,0.07524125277996063
0.6366218328475952,-0.4334358870983124,0.3796698749065399
0.5774819850921631,-0.4482208490371704,0.303562730550766
0.5774819850921631,-0.5073606371879578,0.303562730550766
0.5774819850921631,-0.4925757050514221,0.07524125277996063
0.5774819850921631,-0.4925757050514221,0.3796698749065399
0.5774819850921631,-0.5073606371879578,-0.0008659034501761198
0.5774819850921631,-0.5517155528068542,0.3796698749065399
0.5774819850921631,-0.4777907431125641,0.6079913973808289
0.5774819850921631,-0.4334358870983124,0.22745557129383087
0.6218369007110596,-0.4334358870983124,-0.0008659034501761198
0.6514067649841309,-0.4334358870983124,0.6079913973808289
0.6957616806030273,-0.4334358870983124,0.22745557129383087
0.6957616806030273,-0.4777907431125641,-0.0008659034501761198
0.6957616806030273,-0.5073606371879578,0.6079913973808289
0.6957616806030273,-0.5517155528068542,0.22745557129383087
0.6514067649841309,-0.5517155528068542,-0.0008659034501761198
0.6218369007110596,-0.5517155528068542,0.6079913973808289
0.5774819850921631,-0.4482208490371704,-0.0008659034501761198
0.5774819850921631,-0.5517155528068542,0.07524125277996063
0.5774819850921631,-0.5369305610656738,0.6079913973808289
0.5774819850921631,-0.4334358870983124,0.5318842530250549
0.6809766888618469,-0.4334358870983124,-0.0008659034501761198
0.5922669768333435,-0.4334358870983124,0.6079913973808289
0.6957616806030273,-0.4334358870983124,0.5318842530250549
0.6957616806030273,-0.5369305610656738,-0.0008659034501761198
0.6957616806030273,-0.4482208490371704,0.6079913973808289
0.6957616806030273,-0.5517155528068542,0.5318842530250549
0.5922669768333435,-0.5517155528068542,-0.0008659034501761198
0.6809766888618469,-0.5517155528068542,0.6079913973808289
0.6366218328475952,-0.5073606371879578,0.6079913973808289
0.6366218328475952,-0.4482208490371704,0.6079913973808289
0.6514067649841309,-0.4925757050514221,0.6079913973808289
0.5922669768333435,-0.4925757050514221,0.6079913973808289
0.6366218328475952,-0.5073606371879578,-0.0008659034501761198
0.6366218328475952,-0.4482208490371704,-0.0008659034501761198
0.6218369007110596,-0.4925757050514221,-0.0008659034501761198
0.6809766888618469,-0.4925757050514221,-0.0008659034501761198
0.6218369007110596,-0.5517155528068542,0.303562730550766
0.6809766888618469,-0.5517155528068542,0.303562730550766
0.6366218328475952,-0.5517155528068542,0.22745557129383087
0.6366218328475952,-0.5517155528068542,0.5318842530250549
0.6957616806030273,-0.5073606371879578,0.303562730550766
0.6957616806030273,-0.4482208490371704,0.303562730550766
0.6957616806030273,-0.4925757050514221,0.22745557129383087
0.6957616806030273,-0.4925757050514221,0.5318842530250549
0.6514067649841309,-0.4334358870983124,0.303562730550766
0.5922669768333435,-0.4334358870983124,0.303562730550766
0.6366218328475952,-0.4334358870983124,0.22745557129383087
0.6366218328475952,-0.4334358870983124,0.5318842530250549
0.5774819850921631,-0.4777907431125641,0.303562730550766
0.5774819850921631,-0.5369305610656738,0.303562730550766
0.5774819850921631,-0.4925757050514221,0.22745557129383087
0.5774819850921631,-0.4925757050514221,0.5318842530250549
0.5774819850921631,-0.5073606371879578,0.45577704906463623
0.5774819850921631,-0.5369305610656738,0.45577704906463623
0.5774819850921631,-0.5221456289291382,0.3796698749065399
0.5774819850921631,-0.5221456289291382,0.5318842530250549
0.5774819850921631,-0.5073606371879578,0.15134841203689575
0.5774819850921631,-0.5369305610656738,0.15134841203689575
0.5774819850921631,-0.5221456289291382,0.07524125277996063
0.5774819850921631,-0.5221456289291382,0.22745557129383087
0.5774819850921631,-0.4482208490371704,0.15134841203689575
0.5774819850921631,-0.4777907431125641,0.15134841203689575
0.5774819850921631,-0.46300578117370605,0.07524125277996063
0.5774819850921631,-0.46300578117370605,0.22745557129383087
0.6218369007110596,-0.4334358870983124,0.45577704906463623
0.5922669768333435,-0.4334358870983124,0.45577704906463623
0.6070519089698792,-0.4334358870983124,0.3796698749065399
0.6070519089698792,-0.4334358870983124,0.5318842530250549
0.6218369007110596,-0.4334358870983124,0.15134841203689575
0.5922669768333435,-0.4334358870983124,0.15134841203689575
0.6070519089698792,-0.4334358870983124,0.07524125277996063
0.6070519089698792,-0.4334358870983124,0.22745557129383087
0.6809766888618469,-0.4334358870983124,0.15134841203689575
0.6514067649841309,-0.4334358870983124,0.15134841203689575
0.6661917567253113,-0.4334358870983124,0.07524125277996063
0.6661917567253113,-0.4334358870983124,0.22745557129383087
0.6957616806030273,-0.4777907431125641,0.45577704906463623
0.6957616806030273,-0.4482208490371704,0.45577704906463623
0.6957616806030273,-0.46300578117370605,0.3796698749065399
0.6957616806030273,-0.46300578117370605,0.5318842530250549
0.6957616806030273,-0.4777907431125641,0.15134841203689575
0.6957616806030273,-0.4482208490371704,0.15134841203689575
0.6957616806030273,-0.46300578117370605,0.07524125277996063
0.6957616806030273,-0.46300578117370605,0.22745557129383087
0.6957616806030273,-0.5369305610656738,0.15134841203689575
0.6957616806030273,-0.5073606371879578,0.15134841203689575
0.6957616806030273,-0.5221456289291382,0.07524125277996063
0.6957616806030273,-0.5221456289291382,0.22745557129383087
0.6514067649841309,-0.5517155528068542,0.45577704906463623
0.6809766888618469,-0.5517155528068542,0.45577704906463623
0.6661917567253113,-0.5517155528068542,0.3796698749065399
0.6661917567253113,-0.5517155528068542,0.5318842530250549
0.6514067649841309,-0.5517155528068542,0.15134841203689575
0.6809766888618469,-0.5517155528068542,0.15134841203689575
0.6661917567253113,-0.5517155528068542,0.07524125277996063
0.6661917567253113,-0.5517155528068542,0.22745557129383087
0.5922669768333435,-0.5517155528068542,0.15134841203689575
0.6218369007110596,-0.5517155528068542,0.15134841203689575
0.6070519089698792,-0.5517155528068542,0.07524125277996063
0.6070519089698792,-0.5517155528068542,0.22745557129383087
0.6661917567253113,-0.4777907431125641,-0.0008659034501761198
0.6661917567253113,-0.4482208490371704,-0.0008659034501761198
0.6514067649841309,-0.46300578117370605,-0.0008659034501761198
0.6809766888618469,-0.46300578117370605,-0.0008659034501761198
0.6070519089698792,-0.4777907431125641,-0.0008659034501761198
0.6070519089698792,-0.4482208490371704,-0.0008659034501761198
0.5922669768333435,-0.46300578117370605,-0.0008659034501761198
0.6218369007110596,-0.46300578117370605,-0.0008659034501761198
0.6070519089698792,-0.5369305610656738,-0.0008659034501761198
0.6070519089698792,-0.5073606371879578,-0.0008659034501761198
0.5922669768333435,-0.5221456289291382,-0.0008659034501761198
0.6218369007110596,-0.5221456289291382,-0.0008659034501761198
0.6070519089698792,-0.4777907431125641,0.6079913973808289
0.6070519089698792,-0.4482208490371704,0.6079913973808289
0.6218369007110596,-0.46300578117370605,0.6079913973808289
0.5922669768333435,-0.46300578117370605,0.6079913973808289
0.6661917567253113,-0.4777907431125641,0.6079913973808289
0.6661917567253113,-0.4482208490371704,0.6079913973808289
0.6809766888618469,-0.46300578117370605,0.6079913973808289
0.6514067649841309,-0.46300578117370605,0.6079913973808289
0.6661917567253113,-0.5369305610656738,0.6079913973808289
0.6661917567253113,-0.5073606371879578,0.6079913973808289
0.6809766888618469,-0.5221456289291382,0.6079913973808289
0.6514067649841309,-0.5221456289291382,0.6079913973808289
0.6070519089698792,-0.5369305610656738,0.6079913973808289
0.6070519089698792,-0.5073606371879578,0.6079913973808289
0.6218369007110596,-0.5221456289291382,0.6079913973808289
0.5922669768333435,-0.5221456289291382,0.6079913973808289
0.6661917567253113,-0.5369305610656738,-0.0008659034501761198
0.6661917567253113,-0.5073606371879578,-0.0008659034501761198
0.6514067649841309,-0.5221456289291382,-0.0008659034501761198
0.6809766888618469,-0.5221456289291382,-0.0008659034501761198
0.5922669768333435,-0.5517155528068542,0.45577704906463623
0.6218369007110596,-0.5517155528068542,0.45577704906463623
0.6070519089698792,-0.5517155528068542,0.3796698749065399
0.6070519089698792,-0.5517155528068542,0.5318842530250549
0.6957616806030273,-0.5369305610656738,0.45577704906463623
0.6957616806030273,-0.5073606371879578,0.45577704906463623
0.6957616806030273,-0.5221456289291382,0.3796698749065399
0.6957616806030273,-0.5221456289291382,0.5318842530250549
0.6809766888618469,-0.4334358870983124,0.45577704906463623
0.6514067649841309,-0.4334358870983124,0.45577704906463623
0.6661917567253113,-0.4334358870983124,0.3796698749065399
0.6661917567253113,-0.4334358870983124,0.5318842530250549
0.5774819850921631,-0.4482208490371704,0.45577704906463623
0.5774819850921631,-0.4777907431125641,0.45577704906463623
0.5774819850921631,-0.46300578117370605,0.3796698749065399
0.5774819850921631,-0.46300578117370605,0.5318842530250549
0.5774819850921631,-0.4777907431125641,0.5318842530250549
0.5774819850921631,-0.4777907431125641,0.3796698749065399
0.5774819850921631,-0.4482208490371704,0.3796698749065399
0.6514067649841309,-0.4334358870983124,0.5318842530250549
0.6514067649841309,-0.4334358870983124,0.3796698749065399
0.6809766888618469,-0.4334358870983124,0.3796698749065399
0.6957616806030273,-0.5073606371879578,0.5318842530250549
0.6957616806030273,-0.5073606371879578,0.3796698749065399
0.6957616806030273,-0.5369305610656738,0.3796698749065399
0.6218369007110596,-0.5517155528068542,0.5318842530250549
0.6218369007110596,-0.5517155528068542,0.3796698749065399
0.5922669768333435,-0.5517155528068542,0.3796698749065399
0.6809766888618469,-0.5073606371879578,-0.0008659034501761198
0.6514067649841309,-0.5073606371879578,-0.0008659034501761198
0.6514067649841309,-0.5369305610656738,-0.0008659034501761198
0.5922669768333435,-0.5073606371879578,0.6079913973808289
0.6218369007110596,-0.5073606371879578,0.6079913973808289
0.6218369007110596,-0.5369305610656738,0.6079913973808289
0.6514067649841309,-0.5073606371879578,0.6079913973808289
0.6809766888618469,-0.5073606371879578,0.6079913973808289
0.6809766888618469,-0.5369305610656738,0.6079913973808289
0.6514067649841309,-0.4482208490371704,0.6079913973808289
0.6809766888618469,-0.4482208490371704,0.6079913973808289
0.6809766888618469,-0.4777907431125641,0.6079913973808289
0.5922669768333435,-0.4482208490371704,0.6079913973808289
0.6218369007110596,-0.4482208490371704,0.6079913973808289
0.6218369007110596,-0.4777907431125641,0.6079913973808289
0.6218369007110596,-0.5073606371879578,-0.0008659034501761198
0.5922669768333435,-0.5073606371879578,-0.0008659034501761198
0.5922669768333435,-0.5369305610656738,-0.0008659034501761198
0.6218369007110596,-0.4482208490371704,-0.0008659034501761198
0.5922669768333435,-0.4482208490371704,-0.0008659034501761198
0.5922669768333435,-0.4777907431125641,-0.0008659034501761198
0.6809766888618469,-0.4482208490371704,-0.0008659034501761198
0.6514067649841309,-0.4482208490371704,-0.0008659034501761198
0.6514067649841309,-0.4777907431125641,-0.0008659034501761198
0.6218369007110596,-0.5517155528068542,0.22745557129383087
0.6218369007110596,-0.5517155528068542,0.07524125277996063
0.5922669768333435,-0.5517155528068542,0.07524125277996063
0.6809766888618469,-0.5517155528068542,0.22745557129383087
0.6809766888618469,-0.5517155528068542,0.07524125277996063
0.6514067649841309,-0.5517155528068542,0.07524125277996063
0.6809766888618469,-0.5517155528068542,0.5318842530250549
0.6809766888618469,-0.5517155528068542,0.3796698749065399
0.6514067649841309,-0.5517155528068542,0.3796698749065399
0.6957616806030273,-0.5073606371879578,0.22745557129383087
0.6957616806030273,-0.5073606371879578,0.07524125277996063
0.6957616806030273,-0.5369305610656738,0.07524125277996063
0.6957616806030273,-0.4482208490371704,0.22745557129383087
0.6957616806030273,-0.4482208490371704,0.07524125277996063
0.6957616806030273,-0.4777907431125641,0.07524125277996063
0.6957616806030273,-0.4482208490371704,0.5318842530250549
0.6957616806030273,-0.4482208490371704,0.3796698749065399
0.6957616806030273,-0.4777907431125641,0.3796698749065399
0.6514067649841309,-0.4334358870983124,0.22745557129383087
0.6514067649841309,-0.4334358870983124,0.07524125277996063
0.6809766888618469,-0.4334358870983124,0.07524125277996063
0.5922669768333435,-0.4334358870983124,0.22745557129383087
0.5922669768333435,-0.4334358870983124,0.07524125277996063
0.6218369007110596,-0.4334358870983124,0.07524125277996063
0.5922669768333435,-0.4334358870983124,0.5318842530250549
0.5922669768333435,-0.4334358870983124,0.3796698749065399
0.6218369007110596,-0.4334358870983124,0.3796698749065399
0.5774819850921631,-0.4777907431125641,0.22745557129383087
0.5774819850921631,-0.4777907431125641,0.07524125277996063
0.5774819850921631,-0.4482208490371704,0.07524125277996063
0.5774819850921631,-0.5369305610656738,0.22745557129383087
0.5774819850921631,-0.5369305610656738,0.07524125277996063
0.5774819850921631,-0.5073606371879578,0.07524125277996063
0.5774819850921631,-0.5369305610656738,0.5318842530250549
0.5774819850921631,-0.5369305610656738,0.3796698749065399
0.5774819850921631,-0.5073606371879578,0.3796698749065399
0.5774819850921631,-0.5073606371879578,0.5318842530250549
0.5774819850921631,-0.5073606371879578,0.22745557129383087
0.5774819850921631,-0.4482208490371704,0.22745557129383087
0.6218369007110596,-0.4334358870983124,0.5318842530250549
0.6218369007110596,-0.4334358870983124,0.22745557129383087
0.6809766888618469,-0.4334358870983124,0.22745557129383087
0.6957616806030273,-0.4777907431125641,0.5318842530250549
0.6957616806030273,-0.4777907431125641,0.22745557129383087
0.6957616806030273,-0.5369305610656738,0.22745557129383087
0.6514067649841309,-0.5517155528068542,0.5318842530250549
0.6514067649841309,-0.5517155528068542,0.22745557129383087
0.5922669768333435,-0.5517155528068542,0.22745557129383087
0.6809766888618469,-0.4777907431125641,-0.0008659034501761198
0.6218369007110596,-0.4777907431125641,-0.0008659034501761198
0.6218369007110596,-0.5369305610656738,-0.0008659034501761198
0.5922669768333435,-0.4777907431125641,0.6079913973808289
0.6514067649841309,-0.4777907431125641,0.6079913973808289
0.6514067649841309,-0.5369305610656738,0.6079913973808289
0.5922669768333435,-0.5369305610656738,0.6079913973808289
0.6809766888618469,-0.5369305610656738,-0.0008659034501761198
0.5922669768333435,-0.5517155528068542,0.5318842530250549
0.6957616806030273,-0.5369305610656738,0.5318842530250549
0.6809766888618469,-0.4334358870983124,0.5318842530250549
0.5774819850921631,-0.4482208490371704,0.5318842530250549
