0.2031996250152588,-0.717612087726593,-0.0008659064769744873
0.2031996250152588,-0.717612087726593,0.541243314743042
0.2031996250152588,-0.6605979800224304,-0.0008659064769744873
0.2031996250152588,-0.6605979800224304,0.541243314743042
0.2759954631328583,-0.717612087726593,-0.0008659064769744873
0.2759954631328583,-0.717612087726593,0.541243314743042
0.2759954631328583,-0.6605979800224304,-0.0008659064769744873
0.2759954631328583,-0.6605979800224304,0.541243314743042
0.2031996250152588,-0.6891050338745117,-0.0008659064769744873
0.2031996250152588,-0.717612087726593,0.27018871903419495
0.2031996250152588,-0.6891050338745117,0.541243314743042
0.2031996250152588,-0.6605979800224304,0.27018871903419495
0.23959751427173615,-0.6605979800224304,-0.0008659064769744873
0.23959751427173615,-0.6605979800224304,0.541243314743042
0.2759954631328583,-0.6605979800224304,0.27018871903419495
0.2759954631328583,-0.6891050338745117,-0.0008659064769744873
0.2759954631328583,-0.6891050338745117,0.541243314743042
0.2759954631328583,-0.717612087726593,0.27018871903419495
0.23959751427173615,-0.717612087726593,-0.0008659064769744873
0.23959751427173615,-0.717612087726593,0.541243314743042
0.23959751427173615,-0.6891050338745117,0.541243314743042
0.23959751427173615,-0.6891050338745117,-0.0008659064769744873
0.23959751427173615,-0.717612087726593,0.27018871903419495
0.2759954631328583,-0.6891050338745117,0.27018871903419495
0.23959751427173615,-0.6605979800224304,0.27018871903419495
0.2031996250152588,-0.6891050338745117,0.27018871903419495
0.2031996250152588,-0.7033585906028748,-0.0008659064769744873
0.2031996250152588,-0.717612087726593,0.4057160019874573
0.2031996250152588,-0.6748515367507935,0.541243314743042
0.2031996250152588,-0.6605979800224304,0.13466139137744904
0.22139854729175568,-0.6605979800224304,-0.0008659064769744873
0.2577964961528778,-0.6605979800224304,0.541243314743042
0.2759954631328583,-0.6605979800224304,0.13466139137744904
0.2759954631328583,-0.6748515367507935,-0.0008659064769744873
0.2759954631328583,-0.7033585906028748,0.541243314743042
0.2759954631328583,-0.717612087726593,0.13466139137744904
0.2577964961528778,-0.717612087726593,-0.0008659064769744873
0.22139854729175568,-0.717612087726593,0.541243314743042
0.2031996250152588,-0.6748515367507935,-0.0008659064769744873
0.2031996250152588,-0.717612087726593,0.13466139137744904
0.2031996250152588,-0.7033585906028748,0.541243314743042
0.2031996250152588,-0.6605979800224304,0.4057160019874573
0.2577964961528778,-0.6605979800224304,-0.0008659064769744873
0.22139854729175568,-0.6605979800224304,0.541243314743042
0.2759954631328583,-0.6605979800224304,0.4057160019874573
0.2759954631328583,-0.7033585906028748,-0.0008659064769744873
0.2759954631328583,-0.6748515367507935,0.541243314743042
0.2759954631328583,-0.717612087726593,0.4057160019874573
0.22139854729175568,-0.717612087726593,-0.0008659064769744873
0.2577964961528778,-0.717612087726593,0.541243314743042
0.23959751427173615,-0.7033585906028748,0.541243314743042
0.23959751427173615,-0.6748515367507935,0.541243314743042
0.2577964961528778,-0.6891050338745117,0.541243314743042
0.22139854729175568,-0.6891050338745117,0.541243314743042
0.23959751427173615,-0.7033585906028748,-0.0008659064769744873
0.23959751427173615,-0.6748515367507935,-0.0008659064769744873
0.22139854729175568,-0.6891050338745117,-0.0008659064769744873
0.2577964961528778,-0.6891050338745117,-0.0008659064769744873
0.22139854729175568,-0.717612087726593,0.27018871903419495
0.2577964961528778,-0.717612087726593,0.27018871903419495
0.23959751427173615,-0.717612087726593,0.13466139137744904
0.23959751427173615,-0.717612087726593,0.4057160019874573
0.2759954631328583,-0.7033585906028748,0.27018871903419495
0.2759954631328583,-0.6748515367507935,0.27018871903419495
0.2759954631328583,-0.6891050338745117,0.13466139137744904
0.2759954631328583,-0.6891050338745117,0.4057160019874573
0.2577964961528778,-0.6605979800224304,0.27018871903419495
0.22139854729175568,-0.6605979800224304,0.27018871903419495
0.23959751427173615,-0.6605979800224304,0.13466139137744904
0.23959751427173615,-0.6605979800224304,0.4057160019874573
0.2031996250152588,-0.6748515367507935,0.27018871903419495
0.2031996250152588,-0.7033585906028748,0.27018871903419495
0.2031996250152588,-0.6891050338745117,0.13466139137744904
0.2031996250152588,-0.6891050338745117,0.4057160019874573
0.2031996250152588,-0.7033585906028748,0.4057160019874573
0.2031996250152588,-0.7033585906028748,0.13466139137744904
0.2031996250152588,-0.6748515367507935,0.13466139137744904
0.22139854729175568,-0.6605979800224304,0.4057160019874573
0.22139854729175568,-0.6605979800224304,0.13466139137744904
0.2577964961528778,-0.6605979800224304,0.13466139137744904
0.2759954631328583,-0.6748515367507935,0.4057160019874573
0.2759954631328583,-0.6748515367507935,0.13466139137744904
0.2759954631328583,-0.7033585906028748,0.13466139137744904
0.2577964961528778,-0.717612087726593,0.4057160019874573
0.2577964961528778,-0.717612087726593,0.13466139137744904
0.22139854729175568,-0.717612087726593,0.13466139137744904
0.2577964961528778,-0.6748515367507935,-0.0008659064769744873
0.22139854729175568,-0.6748515367507935,-0.0008659064769744873
0.22139854729175568,-0.7033585906028748,-0.0008659064769744873
0.22139854729175568,-0.6748515367507935,0.541243314743042
0.2577964961528778,-0.6748515367507935,0.541243314743042
0.2577964961528778,-0.7033585906028748,0.541243314743042
0.22139854729175568,-0.7033585906028748,0.541243314743042
0.2577964961528778,-0.7033585906028748,-0.0008659064769744873
0.22139854729175568,-0.717612087726593,0.4057160019874573
0.2759954631328583,-0.7033585906028748,0.4057160019874573
0.2577964961528778,-0.6605979800224304,0.4057160019874573
0.2031996250152588,-0.6748515367507935,0.4057160019874573
0.2031996250152588,-0.7104853391647339,-0.0008659064769744873
0.2031996250152588,-0.717612087726593,0.47347965836524963
0.2031996250152588,-0.6677247881889343,0.541243314743042
0.2031996250152588,-0.6605979800224304,0.06689774245023727
0.21229909360408783,-0.6605979800224304,-0.0008659064769744873
0.26689597964286804,-0.6605979800224304,0.541243314743042
0.2759954631328583,-0.6605979800224304,0.06689774245023727
0.2759954631328583,-0.6677247881889343,-0.0008659064769744873
0.2759954631328583,-0.7104853391647339,0.541243314743042
0.2759954631328583,-0.717612087726593,0.06689774245023727
0.26689597964286804,-0.717612087726593,-0.0008659064769744873
0.21229909360408783,-0.717612087726593,0.541243314743042
0.2031996250152588,-0.6819782853126526,-0.0008659064769744873
0.2031996250152588,-0.717612087726593,0.2024250626564026
0.2031996250152588,-0.6962317824363708,0.541243314743042
0.2031996250152588,-0.6605979800224304,0.3379523754119873
0.24869701266288757,-0.6605979800224304,-0.0008659064769744873
0.2304980605840683,-0.6605979800224304,0.541243314743042
0.2759954631328583,-0.6605979800224304,0.3379523754119873
0.2759954631328583,-0.6962317824363708,-0.0008659064769744873
0.2759954631328583,-0.6819782853126526,0.541243314743042
0.2759954631328583,-0.717612087726593,0.3379523754119873
0.2304980605840683,-0.717612087726593,-0.0008659064769744873
0.24869701266288757,-0.717612087726593,0.541243314743042
0.23959751427173615,-0.7104853391647339,0.541243314743042
0.23959751427173615,-0.6819782853126526,0.541243314743042
0.26689597964286804,-0.6891050338745117,0.541243314743042
0.2304980605840683,-0.6891050338745117,0.541243314743042
0.23959751427173615,-0.7104853391647339,-0.0008659064769744873
0.23959751427173615,-0.6819782853126526,-0.0008659064769744873
0.21229909360408783,-0.6891050338745117,-0.0008659064769744873
0.24869701266288757,-0.6891050338745117,-0.0008659064769744873
0.21229909360408783,-0.717612087726593,0.27018871903419495
0.24869701266288757,-0.717612087726593,0.27018871903419495
0.23959751427173615,-0.717612087726593,0.06689774245023727
0.23959751427173615,-0.717612087726593,0.3379523754119873
0.2759954631328583,-0.7104853391647339,0.27018871903419495
0.2759954631328583,-0.6819782853126526,0.27018871903419495
0.2759954631328583,-0.6891050338745117,0.06689774245023727
0.2759954631328583,-0.6891050338745117,0.3379523754119873
0.26689597964286804,-0.6605979800224304,0.27018871903419495
0.2304980605840683,-0.6605979800224304,0.27018871903419495
0.23959751427173615,-0.6605979800224304,0.06689774245023727
0.23959751427173615,-0.6605979800224304,0.3379523754119873
0.2031996250152588,-0.6677247881889343,0.27018871903419495
0.2031996250152588,-0.6962317824363708,0.27018871903419495
0.2031996250152588,-0.6891050338745117,0.06689774245023727
0.2031996250152588,-0.6891050338745117,0.3379523754119873
0.2031996250152588,-0.6962317824363708,-0.0008659064769744873
0.2031996250152588,-0.717612087726593,0.3379523754119873
0.2031996250152588,-0.6819782853126526,0.541243314743042
0.2031996250152588,-0.6605979800224304,0.2024250626564026
0.2304980605840683,-0.6605979800224304,-0.0008659064769744873
0.24869701266288757,-0.6605979800224304,0.541243314743042
0.2759954631328583,-0.6605979800224304,0.2024250626564026
0.2759954631328583,-0.6819782853126526,-0.0008659064769744873
0.2759954631328583,-0.6962317824363708,0.541243314743042
0.2759954631328583,-0.717612087726593,0.2024250626564026
0.24869701266288757,-0.717612087726593,-0.0008659064769744873
0.2304980605840683,-0.717612087726593,0.541243314743042
0.2031996250152588,-0.6677247881889343,-0.0008659064769744873
0.2031996250152588,-0.717612087726593,0.06689774245023727
0.2031996250152588,-0.7104853391647339,0.541243314743042
0.2031996250152588,-0.6605979800224304,0.47347965836524963
0.26689597964286804,-0.6605979800224304,-0.0008659064769744873
0.21229909360408783,-0.6605979800224304,0.541243314743042
0.2759954631328583,-0.6605979800224304,0.47347965836524963
0.2759954631328583,-0.7104853391647339,-0.0008659064769744873
0.2759954631328583,-0.6677247881889343,0.541243314743042
0.2759954631328583,-0.717612087726593,0.47347965836524963
0.21229909360408783,-0.717612087726593,-0.0008659064769744873
0.26689597964286804,-0.717612087726593,0.541243314743042
0.23959751427173615,-0.6962317824363708,0.541243314743042
0.23959751427173615,-0.6677247881889343,0.541243314743042
0.24869701266288757,-0.6891050338745117,0.541243314743042
0.21229909360408783,-0.6891050338745117,0.541243314743042
0.23959751427173615,-0.6962317824363708,-0.0008659064769744873
0.23959751427173615,-0.6677247881889343,-0.0008659064769744873
0.2304980605840683,-0.6891050338745117,-0.0008659064769744873
0.26689597964286804,-0.6891050338745117,-0.0008659064769744873
0.2304980605840683,-0.717612087726593,0.27018871903419495
0.26689597964286804,-0.717612087726593,0.27018871903419495
0.23959751427173615,-0.717612087726593,0.2024250626564026
0.23959751427173615,-0.717612087726593,0.47347965836524963
0.2759954631328583,-0.6962317824363708,0.27018871903419495
0.2759954631328583,-0.6677247881889343,0.27018871903419495
0.2759954631328583,-0.6891050338745117,0.2024250626564026
0.2759954631328583,-0.6891050338745117,0.47347965836524963
0.24869701266288757,-0.6605979800224304,0.27018871903419495
0.21229909360408783,-0.6605979800224304,0.27018871903419495
0.23959751427173615,-0.6605979800224304,0.2024250626564026
0.23959751427173615,-0.6605979800224304,0.47347965836524963
0.2031996250152588,-0.6819782853126526,0.27018871903419495
0.2031996250152588,-0.7104853391647339,0.27018871903419495
0.2031996250152588,-0.6891050338745117,0.2024250626564026
0.2031996250152588,-0.6891050338745117,0.47347965836524963
0.2031996250152588,-0.6962317824363708,0.4057160019874573
0.2031996250152588,-0.7104853391647339,0.4057160019874573
0.2031996250152588,-0.7033585906028748,0.3379523754119873
0.2031996250152588,-0.7033585906028748,0.47347965836524963
0.2031996250152588,-0.6962317824363708,0.13466139137744904
0.2031996250152588,-0.7104853391647339,0.13466139137744904
0.2031996250152588,-0.7033585906028748,0.06689774245023727
0.2031996250152588,-0.7033585906028748,0.2024250626564026
0.2031996250152588,-0.6677247881889343,0.13466139137744904
0.2031996250152588,-0.6819782853126526,0.13466139137744904
0.2031996250152588,-0.6748515367507935,0.06689774245023727
0.2031996250152588,-0.6748515367507935,0.2024250626564026
0.2304980605840683,-0.6605979800224304,0.4057160019874573
0.21229909360408783,-0.6605979800224304,0.4057160019874573
0.22139854729175568,-0.6605979800224304,0.3379523754119873
0.22139854729175568,-0.6605979800224304,0.47347965836524963
0.2304980605840683,-0.6605979800224304,0.13466139137744904
0.21229909360408783,-0.6605979800224304,0.13466139137744904
0.22139854729175568,-0.6605979800224304,0.06689774245023727
0.22139854729175568,-0.6605979800224304,0.2024250626564026
0.26689597964286804,-0.6605979800224304,0.13466139137744904
0.24869701266288757,-0.6605979800224304,0.13466139137744904
0.2577964961528778,-0.6605979800224304,0.06689774245023727
0.2577964961528778,-0.6605979800224304,0.2024250626564026
0.2759954631328583,-0.6819782853126526,0.4057160019874573
0.2759954631328583,-0.6677247881889343,0.4057160019874573
0.2759954631328583,-0.6748515367507935,0.3379523754119873
0.2759954631328583,-0.6748515367507935,0.47347965836524963
0.2759954631328583,-0.6819782853126526,0.13466139137744904
0.2759954631328583,-0.6677247881889343,0.13466139137744904
0.2759954631328583,-0.6748515367507935,0.06689774245023727
0.2759954631328583,-0.6748515367507935,0.2024250626564026
0.2759954631328583,-0.7104853391647339,0.13466139137744904
0.2759954631328583,-0.6962317824363708,0.13466139137744904
0.2759954631328583,-0.7033585906028748,0.06689774245023727
0.2759954631328583,-0.7033585906028748,0.2024250626564026
0.24869701266288757,-0.717612087726593,0.4057160019874573
0.26689597964286804,-0.717612087726593,0.4057160019874573
0.2577964961528778,-0.717612087726593,0.3379523754119873
0.2577964961528778,-0.717612087726593,0.47347965836524963
0.24869701266288757,-0.717612087726593,0.13466139137744904
0.26689597964286804,-0.717612087726593,0.13466139137744904
0.2577964961528778,-0.717612087726593,0.06689774245023727
0.2577964961528778,-0.717612087726593,0.2024250626564026
0.21229909360408783,-0.717612087726593,0.13466139137744904
0.2304980605840683,-0.717612087726593,0.13466139137744904
0.22139854729175568,-0.717612087726593,0.06689774245023727
0.22139854729175568,-0.717612087726593,0.2024250626564026
0.2577964961528778,-0.6819782853126526,-0.0008659064769744873
0.2577964961528778,-0.6677247881889343,-0.0008659064769744873
0.24869701266288757,-0.6748515367507935,-0.0008659064769744873
0.26689597964286804,-0.6748515367507935,-0.0008659064769744873
0.22139854729175568,-0.6819782853126526,-0.0008659064769744873
0.22139854729175568,-0.6677247881889343,-0.0008659064769744873
0.21229909360408783,-0.6748515367507935,-0.0008659064769744873
0.2304980605840683,-0.6748515367507935,-0.0008659064769744873
0.22139854729175568,-0.7104853391647339,-0.0008659064769744873
0.22139854729175568,-0.6962317824363708,-0.0008659064769744873
0.21229909360408783,-0.7033585906028748,-0.0008659064769744873
0.2304980605840683,-0.7033585906028748,-0.0008659064769744873
0.22139854729175568,-0.6819782853126526,0.541243314743042
0.22139854729175568,-0.6677247881889343,0.541243314743042
0.2304980605840683,-0.6748515367507935,0.541243314743042
0.21229909360408783,-0.6748515367507935,0.541243314743042
0.2577964961528778,-0.6819782853126526,0.541243314743042
0.2577964961528778,-0.6677247881889343,0.541243314743042
0.26689597964286804,-0.6748515367507935,0.541243314743042
0.24869701266288757,-0.6748515367507935,0.541243314743042
0.2577964961528778,-0.7104853391647339,0.541243314743042
0.2577964961528778,-0.6962317824363708,0.541243314743042
0.26689597964286804,-0.7033585906028748,0.541243314743042
0.24869701266288757,-0.7033585906028748,0.541243314743042
0.22139854729175568,-0.7104853391647339,0.541243314743042
0.22139854729175568,-0.6962317824363708,0.541243314743042
0.2304980605840683,-0.7033585906028748,0.541243314743042
0.21229909360408783,-0.7033585906028748,0.541243314743042
0.2577964961528778,-0.7104853391647339,-0.0008659064769744873
0.2577964961528778,-0.6962317824363708,-0.0008659064769744873
0.24869701266288757,-0.7033585906028748,-0.0008659064769744873
0.26689597964286804,-0.7033585906028748,-0.0008659064769744873
0.21229909360408783,-0.717612087726593,0.4057160019874573
0.2304980605840683,-0.717612087726593,0.4057160019874573
0.22139854729175568,-0.717612087726593,0.3379523754119873
0.22139854729175568,-0.717612087726593,0.47347965836524963
0.2759954631328583,-0.7104853391647339,0.4057160019874573
0.2759954631328583,-0.6962317824363708,0.4057160019874573
0.2759954631328583,-0.7033585906028748,0.3379523754119873
0.2759954631328583,-0.7033585906028748,0.47347965836524963
0.26689597964286804,-0.6605979800224304,0.4057160019874573
0.24869701266288757,-0.6605979800224304,0.4057160019874573
0.2577964961528778,-0.6605979800224304,0.3379523754119873
0.2577964961528778,-0.6605979800224304,0.47347965836524963
0.2031996250152588,-0.6677247881889343,0.4057160019874573
0.2031996250152588,-0.6819782853126526,0.4057160019874573
0.2031996250152588,-0.6748515367507935,0.3379523754119873
0.2031996250152588,-0.6748515367507935,0.47347965836524963
0.2031996250152588,-0.6819782853126526,0.47347965836524963
0.2031996250152588,-0.6819782853126526,0.3379523754119873
0.2031996250152588,-0.6677247881889343,0.3379523754119873
0.24869701266288757,-0.6605979800224304,0.47347965836524963
0.24869701266288757,-0.6605979800224304,0.3379523754119873
0.26689597964286804,-0.6605979800224304,0.3379523754119873
0.2759954631328583,-0.6962317824363708,0.47347965836524963
0.2759954631328583,-0.6962317824363708,0.3379523754119873
0.2759954631328583,-0.7104853391647339,0.3379523754119873
0.2304980605840683,-0.717612087726593,0.47347965836524963
0.2304980605840683,-0.717612087726593,0.3379523754119873
0.21229909360408783,-0.717612087726593,0.3379523754119873
0.26689597964286804,-0.6962317824363708,-0.0008659064769744873
0.24869701266288757,-0.6962317824363708,-0.0008659064769744873
0.24869701266288757,-0.7104853391647339,-0.0008659064769744873
0.21229909360408783,-0.6962317824363708,0.541243314743042
0.2304980605840683,-0.6962317824363708,0.541243314743042
0.2304980605840683,-0.7104853391647339,0.541243314743042
0.24869701266288757,-0.6962317824363708,0.541243314743042
0.26689597964286804,-0.6962317824363708,0.541243314743042
0.26689597964286804,-0.7104853391647339,0.541243314743042
0.24869701266288757,-0.6677247881889343,0.541243314743042
0.26689597964286804,-0.6677247881889343,0.541243314743042
0.26689597964286804,-0.6819782853126526,0.541243314743042
0.21229909360408783,-0.6677247881889343,0.541243314743042
0.2304980605840683,-0.6677247881889343,0.541243314743042
0.2304980605840683,-0.6819782853126526,0.541243314743042
0.2304980605840683,-0.6962317824363708,-0.0008659064769744873
0.21229909360408783,-0.6962317824363708,-0.0008659064769744873
0.21229909360408783,-0.7104853391647339,-0.0008659064769744873
0.2304980605840683,-0.6677247881889343,-0.0008659064769744873
0.21229909360408783,-0.6677247881889343,-0.0008659064769744873
0.21229909360408783,-0.6819782853126526,-0.0008659064769744873
0.26689597964286804,-0.6677247881889343,-0.0008659064769744873
0.24869701266288757,-0.6677247881889343,-0.0008659064769744873
0.24869701266288757,-0.6819782853126526,-0.0008659064769744873
0.2304980605840683,-0.717612087726593,0.2024250626564026
0.2304980605840683,-0.717612087726593,0.06689774245023727
0.21229909360408783,-0.717612087726593,0.06689774245023727
0.26689597964286804,-0.717612087726593,0.2024250626564026
0.26689597964286804,-0.717612087726593,0.06689774245023727
0.24869701266288757,-0.717612087726593,0.06689774245023727
0.26689597964286804,-0.717612087726593,0.47347965836524963
0.26689597964286804,-0.717612087726593,0.3379523754119873
0.24869701266288757,-0.717612087726593,0.3379523754119873
0.2759954631328583,-0.6962317824363708,0.2024250626564026
0.2759954631328583,-0.6962317824363708,0.06689774245023727
0.2759954631328583,-0.7104853391647339,0.06689774245023727
0.2759954631328583,-0.6677247881889343,0.2024250626564026
0.2759954631328583,-0.6677247881889343,0.06689774245023727
0.2759954631328583,-0.6819782853126526,0.06689774245023727
0.2759954631328583,-0.6677247881889343,0.47347965836524963
0.2759954631328583,-0.6677247881889343,0.3379523754119873
0.2759954631328583,-0.6819782853126526,0.3379523754119873
0.24869701266288757,-0.6605979800224304,0.2024250626564026
0.24869701266288757,-0.6605979800224304,0.06689774245023727
0.26689597964286804,-0.6605979800224304,0.06689774245023727
0.21229909360408783,-0.6605979800224304,0.2024250626564026
0.21229909360408783,-0.6605979800224304,0.06689774245023727
0.2304980605840683,-0.6605979800224304,0.06689774245023727
0.21229909360408783,-0.6605979800224304,0.47347965836524963
0.21229909360408783,-0.6605979800224304,0.3379523754119873
0.2304980605840683,-0.6605979800224304,0.3379523754119873
0.2031996250152588,-0.6819782853126526,0.2024250626564026
0.2031996250152588,-0.6819782853126526,0.06689774245023727
0.2031996250152588,-0.6677247881889343,0.06689774245023727
0.2031996250152588,-0.7104853391647339,0.2024250626564026
0.2031996250152588,-0.7104853391647339,0.06689774245023727
0.2031996250152588,-0.6962317824363708,0.06689774245023727
0.2031996250152588,-0.7104853391647339,0.47347965836524963
0.2031996250152588,-0.7104853391647339,0.3379523754119873
0.2031996250152588,-0.6962317824363708,0.3379523754119873
0.2031996250152588,-0.6962317824363708,0.47347965836524963
0.2031996250152588,-0.6962317824363708,0.2024250626564026
0.2031996250152588,-0.6677247881889343,0.2024250626564026
0.2304980605840683,-0.6605979800224304,0.47347965836524963
0.2304980605840683,-0.6605979800224304,0.2024250626564026
0.26689597964286804,-0.6605979800224304,0.2024250626564026
0.2759954631328583,-0.6819782853126526,0.47347965836524963
0.2759954631328583,-0.6819782853126526,0.2024250626564026
0.2759954631328583,-0.7104853391647339,0.2024250626564026
0.24869701266288757,-0.717612087726593,0.47347965836524963
0.24869701266288757,-0.717612087726593,0.2024250626564026
0.21229909360408783,-0.717612087726593,0.2024250626564026
0.26689597964286804,-0.6819782853126526,-0.0008659064769744873
0.2304980605840683,-0.6819782853126526,-0.0008659064769744873
0.2304980605840683,-0.7104853391647339,-0.0008659064769744873
0.21229909360408783,-0.6819782853126526,0.541243314743042
0.24869701266288757,-0.6819782853126526,0.541243314743042
0.24869701266288757,-0.7104853391647339,0.541243314743042
0.21229909360408783,-0.7104853391647339,0.541243314743042
0.26689597964286804,-0.7104853391647339,-0.0008659064769744873
0.21229909360408783,-0.717612087726593,0.47347965836524963
0.2759954631328583,-0.7104853391647339,0.47347965836524963
0.26689597964286804,-0.6605979800224304,0.47347965836524963
0.2031996250152588,-0.6677247881889343,0.47347965836524963
