-0.059139788150787354,-0.059139832854270935,0.0
-0.059139788150787354,-0.059139832854270935,0.608857274055481
-0.059139788150787354,0.05913981795310974,0.0
-0.059139788150787354,0.05913981795310974,0.608857274055481
0.05913984775543213,-0.059139832854270935,0.0
0.05913984775543213,-0.059139832854270935,0.608857274055481
0.05913984775543213,0.05913981795310974,0.0
0.05913984775543213,0.05913981795310974,0.608857274055481
-0.059139788150787354,0.0,0.0
-0.059139788150787354,-0.059139832854270935,0.3044286370277405
-0.059139788150787354,0.0,0.608857274055481
-0.059139788150787354,0.05913981795310974,0.3044286370277405
0.0,0.05913981795310974,0.0
0.0,0.05913981795310974,0.608857274055481
0.05913984775543213,0.05913981795310974,0.3044286370277405
0.05913984775543213,0.0,0.0
0.05913984775543213,0.0,0.608857274055481
0.05913984775543213,-0.059139832854270935,0.3044286370277405
0.0,-0.059139832854270935,0.0
0.0,-0.059139832854270935,0.608857274055481
0.0,0.0,0.608857274055481
0.0,0.0,0.0
0.0,-0.059139832854270935,0.3044286370277405
0.05913984775543213,0.0,0.3044286370277405
0.0,0.05913981795310974,0.3044286370277405
-0.059139788150787354,0.0,0.3044286370277405
-0.059139788150787354,-0.029569923877716064,0.0
-0.059139788150787354,-0.059139832854270935,0.4566429555416107
-0.059139788150787354,0.029569894075393677,0.608857274055481
-0.059139788150787354,0.05913981795310974,0.15221431851387024
-0.029569923877716064,0.05913981795310974,0.0
0.029569923877716064,0.05913981795310974,0.608857274055481
0.05913984775543213,0.05913981795310974,0.15221431851387024
0.05913984775543213,0.029569894075393677,0.0
0.05913984775543213,-0.029569923877716064,0.608857274055481
0.05913984775543213,-0.059139832854270935,0.15221431851387024
0.029569923877716064,-0.059139832854270935,0.0
-0.029569923877716064,-0.059139832854270935,0.608857274055481
-0.059139788150787354,0.029569894075393677,0.0
-0.059139788150787354,-0.059139832854270935,0.15221431851387024
-0.059139788150787354,-0.029569923877716064,0.608857274055481
-0.059139788150787354,0.05913981795310974,0.4566429555416107
0.029569923877716064,0.05913981795310974,0.0
-0.029569923877716064,0.05913981795310974,0.608857274055481
0.05913984775543213,0.05913981795310974,0.4566429555416107
0.05913984775543213,-0.029569923877716064,0.0
0.05913984775543213,0.029569894075393677,0.608857274055481
0.05913984775543213,-0.059139832854270935,0.4566429555416107
-0.029569923877716064,-0.059139832854270935,0.0
0.029569923877716064,-0.059139832854270935,0.608857274055481
0.0,-0.029569923877716064,0.608857274055481
0.0,0.029569894075393677,0.608857274055481
0.029569923877716064,0.0,0.608857274055481
-0.029569923877716064,0.0,0.608857274055481
0.0,-0.029569923877716064,0.0
0.0,0.029569894075393677,0.0
-0.029569923877716064,0.0,0.0
0.029569923877716064,0.0,0.0
-0.029569923877716064,-0.059139832854270935,0.3044286370277405
0.029569923877716064,-0.059139832854270935,0.3044286370277405
0.0,-0.059139832854270935,0.15221431851387024
0.0,-0.059139832854270935,0.4566429555416107
0.05913984775543213,-0.029569923877716064,0.3044286370277405
0.05913984775543213,0.029569894075393677,0.3044286370277405
0.05913984775543213,0.0,0.15221431851387024
0.05913984775543213,0.0,0.4566429555416107
0.029569923877716064,0.05913981795310974,0.3044286370277405
-0.029569923877716064,0.05913981795310974,0.3044286370277405
0.0,0.05913981795310974,0.15221431851387024
0.0,0.05913981795310974,0.4566429555416107
-0.059139788150787354,0.029569894075393677,0.3044286370277405
-0.059139788150787354,-0.029569923877716064,0.3044286370277405
-0.059139788150787354,0.0,0.15221431851387024
-0.059139788150787354,0.0,0.4566429555416107
-0.059139788150787354,-0.029569923877716064,0.4566429555416107
-0.059139788150787354,-0.029569923877716064,0.15221431851387024
-0.059139788150787354,0.029569894075393677,0.15221431851387024
-0.029569923877716064,0.05913981795310974,0.4566429555416107
-0.029569923877716064,0.05913981795310974,0.15221431851387024
0.029569923877716064,0.05913981795310974,0.15221431851387024
0.05913984775543213,0.029569894075393677,0.4566429555416107
0.05913984775543213,0.029569894075393677,0.15221431851387024
0.05913984775543213,-0.029569923877716064,0.15221431851387024
0.029569923877716064,-0.059139832854270935,0.4566429555416107
0.029569923877716064,-0.059139832854270935,0.15221431851387024
-0.029569923877716064,-0.059139832854270935,0.15221431851387024
0.029569923877716064,0.029569894075393677,0.0
-0.029569923877716064,0.029569894075393677,0.0
-0.029569923877716064,-0.029569923877716064,0.0
-0.029569923877716064,0.029569894075393677,0.608857274055481
0.029569923877716064,0.029569894075393677,0.608857274055481
0.029569923877716064,-0.029569923877716064,0.608857274055481
-0.029569923877716064,-0.029569923877716064,0.608857274055481
0.029569923877716064,-0.029569923877716064,0.0
-0.029569923877716064,-0.059139832854270935,0.4566429555416107
0.05913984775543213,-0.029569923877716064,0.4566429555416107
0.029569923877716064,0.05913981795310974,0.4566429555416107
-0.059139788150787354,0.029569894075393677,0.4566429555416107
-0.059139788150787354,-0.0443548709154129,0.0
-0.059139788150787354,-0.059139832854270935,0.532750129699707
-0.059139788150787354,0.04435485601425171,0.608857274055481
-0.059139788150787354,0.05913981795310974,0.07610715925693512
-0.04435485601425171,0.05913981795310974,0.0
0.044354915618896484,0.05913981795310974,0.608857274055481
0.05913984775543213,0.05913981795310974,0.07610715925693512
0.05913984775543213,0.04435485601425171,0.0
0.05913984775543213,-0.0443548709154129,0.608857274055481
0.05913984775543213,-0.059139832854270935,0.07610715925693512
0.044354915618896484,-0.059139832854270935,0.0
-0.04435485601425171,-0.059139832854270935,0.608857274055481
-0.059139788150787354,0.014784961938858032,0.0
-0.059139788150787354,-0.059139832854270935,0.22832149267196655
-0.059139788150787354,-0.014784961938858032,0.608857274055481
-0.059139788150787354,0.05913981795310974,0.3805358111858368
0.01478499174118042,0.05913981795310974,0.0
-0.014784932136535645,0.05913981795310974,0.608857274055481
0.05913984775543213,0.05913981795310974,0.3805358111858368
0.05913984775543213,-0.014784961938858032,0.0
0.05913984775543213,0.014784961938858032,0.608857274055481
0.05913984775543213,-0.059139832854270935,0.3805358111858368
-0.014784932136535645,-0.059139832854270935,0.0
0.01478499174118042,-0.059139832854270935,0.608857274055481
0.0,-0.0443548709154129,0.608857274055481
0.0,0.014784961938858032,0.608857274055481
0.044354915618896484,0.0,0.608857274055481
-0.014784932136535645,0.0,0.608857274055481
0.0,-0.0443548709154129,0.0
0.0,0.014784961938858032,0.0
-0.04435485601425171,0.0,0.0
0.01478499174118042,0.0,0.0
-0.04435485601425171,-0.059139832854270935,0.3044286370277405
0.01478499174118042,-0.059139832854270935,0.3044286370277405
0.0,-0.059139832854270935,0.07610715925693512
0.0,-0.059139832854270935,0.3805358111858368
0.05913984775543213,-0.0443548709154129,0.3044286370277405
0.05913984775543213,0.014784961938858032,0.3044286370277405
0.05913984775543213,0.0,0.07610715925693512
0.05913984775543213,0.0,0.3805358111858368
0.044354915618896484,0.05913981795310974,0.3044286370277405
-0.014784932136535645,0.05913981795310974,0.3044286370277405
0.0,0.05913981795310974,0.07610715925693512
0.0,0.05913981795310974,0.3805358111858368
-0.059139788150787354,0.04435485601425171,0.3044286370277405
-0.059139788150787354,-0.014784961938858032,0.3044286370277405
-0.059139788150787354,0.0,0.07610715925693512
-0.059139788150787354,0.0,0.3805358111858368
-0.059139788150787354,-0.014784961938858032,0.0
-0.059139788150787354,-0.059139832854270935,0.3805358111858368
-0.059139788150787354,0.014784961938858032,0.608857274055481
-0.059139788150787354,0.05913981795310974,0.22832149267196655
-0.014784932136535645,0.05913981795310974,0.0
0.01478499174118042,0.05913981795310974,0.608857274055481
0.05913984775543213,0.05913981795310974,0.22832149267196655
0.05913984775543213,0.014784961938858032,0.0
0.05913984775543213,-0.014784961938858032,0.608857274055481
0.05913984775543213,-0.059139832854270935,0.22832149267196655
0.01478499174118042,-0.059139832854270935,0.0
-0.014784932136535645,-0.059139832854270935,0.608857274055481
-0.059139788150787354,0.04435485601425171,0.0
-0.059139788150787354,-0.059139832854270935,0.07610715925693512
-0.059139788150787354,-0.0443548709154129,0.608857274055481
-0.059139788150787354,0.05913981795310974,0.532750129699707
0.044354915618896484,0.05913981795310974,0.0
-0.04435485601425171,0.05913981795310974,0.608857274055481
0.05913984775543213,0.05913981795310974,0.532750129699707
0.05913984775543213,-0.0443548709154129,0.0
0.05913984775543213,0.04435485601425171,0.608857274055481
0.05913984775543213,-0.059139832854270935,0.532750129699707
-0.04435485601425171,-0.059139832854270935,0.0
0.044354915618896484,-0.059139832854270935,0.608857274055481
0.0,-0.014784961938858032,0.608857274055481
0.0,0.04435485601425171,0.608857274055481
0.01478499174118042,0.0,0.608857274055481
-0.04435485601425171,0.0,0.608857274055481
0.0,-0.014784961938858032,0.0
0.0,0.04435485601425171,0.0
-0.014784932136535645,0.0,0.0
0.044354915618896484,0.0,0.0
-0.014784932136535645,-0.059139832854270935,0.3044286370277405
0.044354915618896484,-0.059139832854270935,0.3044286370277405
0.0,-0.059139832854270935,0.22832149267196655
0.0,-0.059139832854270935,0.532750129699707
0.05913984775543213,-0.014784961938858032,0.3044286370277405
0.05913984775543213,0.04435485601425171,0.3044286370277405
0.05913984775543213,0.0,0.22832149267196655
0.05913984775543213,0.0,0.532750129699707
0.01478499174118042,0.05913981795310974,0.3044286370277405
-0.04435485601425171,0.05913981795310974,0.3044286370277405
0.0,0.05913981795310974,0.22832149267196655
0.0,0.05913981795310974,0.532750129699707
-0.059139788150787354,0.014784961938858032,0.3044286370277405
-0.059139788150787354,-0.0443548709154129,0.3044286370277405
-0.059139788150787354,0.0,0.22832149267196655
-0.059139788150787354,0.0,0.532750129699707
-0.059139788150787354,-0.014784961938858032,0.4566429555416107
-0.059139788150787354,-0.0443548709154129,0.4566429555416107
-0.059139788150787354,-0.029569923877716064,0.3805358111858368
-0.059139788150787354,-0.029569923877716064,0.532750129699707
-0.059139788150787354,-0.014784961938858032,0.15221431851387024
-0.059139788150787354,-0.0443548709154129,0.15221431851387024
-0.059139788150787354,-0.029569923877716064,0.07610715925693512
-0.059139788150787354,-0.029569923877716064,0.22832149267196655
-0.059139788150787354,0.04435485601425171,0.15221431851387024
-0.059139788150787354,0.014784961938858032,0.15221431851387024
-0.059139788150787354,0.029569894075393677,0.07610715925693512
-0.059139788150787354,0.029569894075393677,0.22832149267196655
-0.014784932136535645,0.05913981795310974,0.4566429555416107
-0.04435485601425171,0.05913981795310974,0.4566429555416107
-0.029569923877716064,0.05913981795310974,0.3805358111858368
-0.029569923877716064,0.05913981795310974,0.532750129699707
-0.014784932136535645,0.05913981795310974,0.15221431851387024
-0.04435485601425171,0.05913981795310974,0.15221431851387024
-0.029569923877716064,0.05913981795310974,0.07610715925693512
-0.029569923877716064,0.05913981795310974,0.22832149267196655
0.044354915618896484,0.05913981795310974,0.15221431851387024
0.01478499174118042,0.05913981795310974,0.15221431851387024
0.029569923877716064,0.05913981795310974,0.07610715925693512
0.029569923877716064,0.05913981795310974,0.22832149267196655
0.05913984775543213,0.014784961938858032,0.4566429555416107
0.05913984775543213,0.04435485601425171,0.4566429555416107
0.05913984775543213,0.029569894075393677,0.3805358111858368
0.05913984775543213,0.029569894075393677,0.532750129699707
0.05913984775543213,0.014784961938858032,0.15221431851387024
0.05913984775543213,0.04435485601425171,0.15221431851387024
0.05913984775543213,0.029569894075393677,0.07610715925693512
0.05913984775543213,0.029569894075393677,0.22832149267196655
0.05913984775543213,-0.0443548709154129,0.15221431851387024
0.05913984775543213,-0.014784961938858032,0.15221431851387024
0.05913984775543213,-0.029569923877716064,0.07610715925693512
0.05913984775543213,-0.029569923877716064,0.22832149267196655
0.01478499174118042,-0.059139832854270935,0.4566429555416107
0.044354915618896484,-0.059139832854270935,0.4566429555416107
0.029569923877716064,-0.059139832854270935,0.3805358111858368
0.029569923877716064,-0.059139832854270935,0.532750129699707
0.01478499174118042,-0.059139832854270935,0.15221431851387024
0.044354915618896484,-0.059139832854270935,0.15221431851387024
0.029569923877716064,-0.059139832854270935,0.07610715925693512
0.029569923877716064,-0.059139832854270935,0.22832149267196655
-0.04435485601425171,-0.059139832854270935,0.15221431851387024
-0.014784932136535645,-0.059139832854270935,0.15221431851387024
-0.029569923877716064,-0.059139832854270935,0.07610715925693512
-0.029569923877716064,-0.059139832854270935,0.22832149267196655
0.029569923877716064,0.014784961938858032,0.0
0.029569923877716064,0.04435485601425171,0.0
0.01478499174118042,0.029569894075393677,0.0
0.044354915618896484,0.029569894075393677,0.0
-0.029569923877716064,0.014784961938858032,0.0
-0.029569923877716064,0.04435485601425171,0.0
-0.04435485601425171,0.029569894075393677,0.0
-0.014784932136535645,0.029569894075393677,0.0
-0.029569923877716064,-0.0443548709154129,0.0
-0.029569923877716064,-0.014784961938858032,0.0
-0.04435485601425171,-0.029569923877716064,0.0
-0.014784932136535645,-0.029569923877716064,0.0
-0.029569923877716064,0.014784961938858032,0.608857274055481
-0.029569923877716064,0.04435485601425171,0.608857274055481
-0.014784932136535645,0.029569894075393677,0.608857274055481
-0.04435485601425171,0.029569894075393677,0.608857274055481
0.029569923877716064,0.014784961938858032,0.608857274055481
0.029569923877716064,0.04435485601425171,0.608857274055481
0.044354915618896484,0.029569894075393677,0.608857274055481
0.01478499174118042,0.029569894075393677,0.608857274055481
0.029569923877716064,-0.0443548709154129,0.608857274055481
0.029569923877716064,-0.014784961938858032,0.608857274055481
0.044354915618896484,-0.029569923877716064,0.608857274055481
0.01478499174118042,-0.029569923877716064,0.608857274055481
-0.029569923877716064,-0.0443548709154129,0.608857274055481
-0.029569923877716064,-0.014784961938858032,0.608857274055481
-0.014784932136535645,-0.029569923877716064,0.608857274055481
-0.04435485601425171,-0.029569923877716064,0.608857274055481
0.029569923877716064,-0.0443548709154129,0.0
0.029569923877716064,-0.014784961938858032,0.0
0.01478499174118042,-0.029569923877716064,0.0
0.044354915618896484,-0.029569923877716064,0.0
-0.04435485601425171,-0.059139832854270935,0.4566429555416107
-0.014784932136535645,-0.059139832854270935,0.4566429555416107
-0.029569923877716064,-0.059139832854270935,0.3805358111858368
-0.029569923877716064,-0.059139832854270935,0.532750129699707
0.05913984775543213,-0.0443548709154129,0.4566429555416107
0.05913984775543213,-0.014784961938858032,0.4566429555416107
0.05913984775543213,-0.029569923877716064,0.3805358111858368
0.05913984775543213,-0.029569923877716064,0.532750129699707
0.044354915618896484,0.05913981795310974,0.4566429555416107
0.01478499174118042,0.05913981795310974,0.4566429555416107
0.029569923877716064,0.05913981795310974,0.3805358111858368
0.029569923877716064,0.05913981795310974,0.532750129699707
-0.059139788150787354,0.04435485601425171,0.4566429555416107
-0.059139788150787354,0.014784961938858032,0.4566429555416107
-0.059139788150787354,0.029569894075393677,0.3805358111858368
-0.059139788150787354,0.029569894075393677,0.532750129699707
-0.059139788150787354,0.014784961938858032,0.532750129699707
-0.059139788150787354,0.014784961938858032,0.3805358111858368
-0.059139788150787354,0.04435485601425171,0.3805358111858368
0.01478499174118042,0.05913981795310974,0.532750129699707
0.01478499174118042,0.05913981795310974,0.3805358111858368
0.044354915618896484,0.05913981795310974,0.3805358111858368
0.05913984775543213,-0.014784961938858032,0.532750129699707
0.05913984775543213,-0.014784961938858032,0.3805358111858368
0.05913984775543213,-0.0443548709154129,0.3805358111858368
-0.014784932136535645,-0.059139832854270935,0.532750129699707
-0.014784932136535645,-0.059139832854270935,0.3805358111858368
-0.04435485601425171,-0.059139832854270935,0.3805358111858368
0.044354915618896484,-0.014784961938858032,0.0
0.01478499174118042,-0.014784961938858032,0.0
0.01478499174118042,-0.0443548709154129,0.0
-0.04435485601425171,-0.014784961938858032,0.608857274055481
-0.014784932136535645,-0.014784961938858032,0.608857274055481
-0.014784932136535645,-0.0443548709154129,0.608857274055481
0.01478499174118042,-0.014784961938858032,0.608857274055481
0.044354915618896484,-0.014784961938858032,0.608857274055481
0.044354915618896484,-0.0443548709154129,0.608857274055481
0.01478499174118042,0.04435485601425171,0.608857274055481
0.044354915618896484,0.04435485601425171,0.608857274055481
0.044354915618896484,0.014784961938858032,0.608857274055481
-0.04435485601425171,0.04435485601425171,0.608857274055481
-0.014784932136535645,0.04435485601425171,0.608857274055481
-0.014784932136535645,0.014784961938858032,0.608857274055481
-0.014784932136535645,-0.014784961938858032,0.0
-0.04435485601425171,-0.014784961938858032,0.0
-0.04435485601425171,-0.0443548709154129,0.0
-0.014784932136535645,0.04435485601425171,0.0
-0.04435485601425171,0.04435485601425171,0.0
-0.04435485601425171,0.014784961938858032,0.0
0.044354915618896484,0.04435485601425171,0.0
0.01478499174118042,0.04435485601425171,0.0
0.01478499174118042,0.014784961938858032,0.0
-0.014784932136535645,-0.059139832854270935,0.22832149267196655
-0.014784932136535645,-0.059139832854270935,0.07610715925693512
-0.04435485601425171,-0.059139832854270935,0.07610715925693512
0.044354915618896484,-0.059139832854270935,0.22832149267196655
0.044354915618896484,-0.059139832854270935,0.07610715925693512
0.01478499174118042,-0.059139832854270935,0.07610715925693512
0.044354915618896484,-0.059139832854270935,0.532750129699707
0.044354915618896484,-0.059139832854270935,0.3805358111858368
0.01478499174118042,-0.059139832854270935,0.3805358111858368
0.05913984775543213,-0.014784961938858032,0.22832149267196655
0.05913984775543213,-0.014784961938858032,0.07610715925693512
0.05913984775543213,-0.0443548709154129,0.07610715925693512
0.05913984775543213,0.04435485601425171,0.22832149267196655
0.05913984775543213,0.04435485601425171,0.07610715925693512
0.05913984775543213,0.014784961938858032,0.07610715925693512
0.05913984775543213,0.04435485601425171,0.532750129699707
0.05913984775543213,0.04435485601425171,0.3805358111858368
0.05913984775543213,0.014784961938858032,0.3805358111858368
0.01478499174118042,0.05913981795310974,0.22832149267196655
0.01478499174118042,0.05913981795310974,0.07610715925693512
0.044354915618896484,0.05913981795310974,0.07610715925693512
-0.04435485601425171,0.05913981795310974,0.22832149267196655
-0.04435485601425171,0.05913981795310974,0.07610715925693512
-0.014784932136535645,0.05913981795310974,0.07610715925693512
-0.04435485601425171,0.05913981795310974,0.532750129699707
-0.04435485601425171,0.05913981795310974,0.3805358111858368
-0.014784932136535645,0.05913981795310974,0.3805358111858368
-0.059139788150787354,0.014784961938858032,0.22832149267196655
-0.059139788150787354,0.014784961938858032,0.07610715925693512
-0.059139788150787354,0.04435485601425171,0.07610715925693512
-0.059139788150787354,-0.0443548709154129,0.22832149267196655
-0.059139788150787354,-0.0443548709154129,0.07610715925693512
-0.059139788150787354,-0.014784961938858032,0.07610715925693512
-0.059139788150787354,-0.0443548709154129,0.532750129699707
-0.059139788150787354,-0.0443548709154129,0.3805358111858368
-0.059139788150787354,-0.014784961938858032,0.3805358111858368
-0.059139788150787354,-0.014784961938858032,0.532750129699707
-0.059139788150787354,-0.014784961938858032,0.22832149267196655
-0.059139788150787354,0.04435485601425171,0.22832149267196655
-0.014784932136535645,0.05913981795310974,0.532750129699707
-0.014784932136535645,0.05913981795310974,0.22832149267196655
0.044354915618896484,0.05913981795310974,0.22832149267196655
0.05913984775543213,0.014784961938858032,0.532750129699707
0.05913984775543213,0.014784961938858032,0.22832149267196655
0.05913984775543213,-0.0443548709154129,0.22832149267196655
0.01478499174118042,-0.059139832854270935,0.532750129699707
0.01478499174118042,-0.059139832854270935,0.22832149267196655
-0.04435485601425171,-0.059139832854270935,0.22832149267196655
0.044354915618896484,0.014784961938858032,0.0
-0.014784932136535645,0.014784961938858032,0.0
-0.014784932136535645,-0.0443548709154129,0.0
-0.04435485601425171,0.014784961938858032,0.608857274055481
0.01478499174118042,0.014784961938858032,0.608857274055481
0.01478499174118042,-0.0443548709154129,0.608857274055481
-0.04435485601425171,-0.0443548709154129,0.608857274055481
0.044354915618896484,-0.0443548709154129,0.0
-0.04435485601425171,-0.059139832854270935,0.532750129699707
0.05913984775543213,-0.0443548709154129,0.532750129699707
0.044354915618896484,0.05913981795310974,0.532750129699707
-0.059139788150787354,0.04435485601425171,0.532750129699707
