-0.5813352465629578,0.2745204567909241,0.19883017241954803
-0.4616203308105469,0.18754351139068604,0.2902831733226776
-0.6270613670349121,0.13378752768039703,0.29028311371803284
-0.7293106317520142,0.2745204567909241,0.29028382897377014
-0.6270613670349121,0.4152534306049347,0.29028311371803284
-0.4616203308105469,0.3614974021911621,0.2902831733226776
-0.5356091260910034,0.13378752768039703,0.4382608234882355
-0.7010501027107239,0.18754351139068604,0.4382607936859131
-0.7010501027107239,0.3614974021911621,0.4382607936859131
-0.5356091260910034,0.4152534306049347,0.4382608234882355
-0.4333597421646118,0.2745204567909241,0.43826010823249817
-0.5813352465629578,0.2745204567909241,0.5297137498855591
-0.6082121729850769,0.19180035591125488,0.22353819012641907
-0.5109690427780151,0.22339706122875214,0.22353823482990265
-0.5378457307815552,0.1406761258840561,0.27729299664497375
-0.44060248136520386,0.2745204567909241,0.27729329466819763
-0.5109690427780151,0.3256438970565796,0.22353823482990265
-0.6683129072189331,0.2745204567909241,0.2235386222600937
-0.6951904296875,0.1918000727891922,0.27729323506355286
-0.6082121729850769,0.35724055767059326,0.22353819012641907
-0.6951904296875,0.35724085569381714,0.27729323506355286
-0.5378457307815552,0.40836480259895325,0.27729299664497375
-0.42399048805236816,0.22339685261249542,0.36427196860313416
-0.42399048805236816,0.3256440758705139,0.36427196860313416
-0.5813352465629578,0.10907868295907974,0.36427196860313416
-0.4840909242630005,0.14067529141902924,0.36427196860313416
-0.7386798858642578,0.22339685261249542,0.36427196860313416
-0.6785794496536255,0.14067529141902924,0.36427196860313416
-0.6785794496536255,0.4083656370639801,0.36427196860313416
-0.7386798858642578,0.3256440758705139,0.36427196860313416
-0.4840909242630005,0.4083656370639801,0.36427196860313416
-0.5813352465629578,0.4399622678756714,0.36427196860313416
-0.467479944229126,0.1918000727891922,0.45125070214271545
-0.6248247027397156,0.1406761258840561,0.45125094056129456
-0.7220678925514221,0.2745204567909241,0.45125067234039307
-0.6248247027397156,0.40836480259895325,0.45125094056129456
-0.467479944229126,0.35724085569381714,0.45125070214271545
-0.5544582605361938,0.19180035591125488,0.5050057768821716
-0.49435752630233765,0.2745204567909241,0.5050053596496582
-0.6517013907432556,0.22339706122875214,0.5050057172775269
-0.6517013907432556,0.3256438970565796,0.5050057172775269
-0.5544582605361938,0.35724055767059326,0.5050057768821716
-0.5947737097740173,0.23316040635108948,0.21118418872356415
-0.486294686794281,0.2054702788591385,0.25691068172454834
-0.5824535489082336,0.13723184168338776,0.2837880551815033
-0.451111376285553,0.23103199899196625,0.2837882339954376
-0.486294686794281,0.34357064962387085,0.25691068172454834
-0.624824047088623,0.2745204567909241,0.21118439733982086
-0.7122505307197571,0.23316027224063873,0.2837885320186615
-0.5947737097740173,0.31588053703308105,0.21118418872356415
-0.661125898361206,0.3862471282482147,0.28378817439079285
-0.499733030796051,0.3849310874938965,0.2837880849838257
-0.4428054094314575,0.20547020435333252,0.3272775709629059
-0.4286750853061676,0.300082266330719,0.40126603841781616
-0.6041982769966125,0.12143310904502869,0.3272775411605835
-0.509850025177002,0.13723140954971313,0.4012663960456848
-0.7339953184127808,0.24895866215229034,0.32727789878845215
-0.6898148059844971,0.16410940885543823,0.4012663662433624
-0.6528204083442688,0.4118095338344574,0.3272775411605835
-0.7198649644851685,0.3435707092285156,0.4012663662433624
-0.4728556275367737,0.3849315345287323,0.3272775709629059
-0.5584721565246582,0.42760780453681946,0.4012663960456848
-0.5015445351600647,0.1627938151359558,0.44475579261779785
-0.6629374027252197,0.16410982608795166,0.4447558522224426
-0.711558997631073,0.3180089592933655,0.4447557032108307
-0.5802168846130371,0.4118090867996216,0.4447559118270874
-0.4504198431968689,0.3158806562423706,0.4447554349899292
-0.5450336933135986,0.16279394924640656,0.47163328528404236
-0.5378463864326477,0.2745204567909241,0.5173595547676086
-0.676375687122345,0.2054702788591385,0.47163328528404236
-0.676375687122345,0.34357064962387085,0.47163328528404236
-0.5450336933135986,0.38624700903892517,0.47163328528404236
-0.6176367402076721,0.16279394924640656,0.25691065192222595
-0.5461521744728088,0.2489587664604187,0.21118420362472534
-0.499733030796051,0.16410982608795166,0.2837880849838257
-0.451111376285553,0.3180089592933655,0.2837882339954376
-0.5461521744728088,0.30008217692375183,0.21118420362472534
-0.6988117694854736,0.2745204567909241,0.2569112181663513
-0.661125898361206,0.1627938151359558,0.28378817439079285
-0.6176367402076721,0.38624700903892517,0.25691065192222595
-0.7122505307197571,0.3158806562423706,0.2837885320186615
-0.5824535489082336,0.4118090867996216,0.2837880551815033
-0.4286750853061676,0.24895866215229034,0.40126603841781616
-0.4428054094314575,0.3435707092285156,0.3272775709629059
-0.5584721565246582,0.12143310904502869,0.4012663960456848
-0.4728556275367737,0.16410940885543823,0.3272775709629059
-0.7198649644851685,0.20547020435333252,0.4012663662433624
-0.6528204083442688,0.13723140954971313,0.3272775411605835
-0.6898148059844971,0.3849315345287323,0.4012663662433624
-0.7339953184127808,0.300082266330719,0.32727789878845215
-0.509850025177002,0.4118095338344574,0.4012663960456848
-0.6041982769966125,0.42760780453681946,0.3272775411605835
-0.4504198431968689,0.23316027224063873,0.4447554349899292
-0.5802168846130371,0.13723184168338776,0.4447559118270874
-0.711558997631073,0.23103199899196625,0.4447557032108307
-0.6629374027252197,0.3849310874938965,0.4447558522224426
-0.5015445351600647,0.3862471282482147,0.44475579261779785
-0.5678967237472534,0.23316040635108948,0.517359733581543
-0.46385863423347473,0.2745204567909241,0.471632719039917
-0.6165182590484619,0.2489587664604187,0.517359733581543
-0.6165182590484619,0.30008217692375183,0.517359733581543
-0.5678967237472534,0.31588053703308105,0.517359733581543
-0.5244079232215881,0.31588053703308105,0.5050055384635925
-0.4809187352657318,0.3158806562423706,0.478128045797348
-0.5109691023826599,0.3572407364845276,0.47812822461128235
-0.6030797958374023,0.3414422273635864,0.5050057768821716
-0.5896415114402771,0.38280266523361206,0.4781283438205719
-0.6382630467414856,0.3670043349266052,0.4781283438205719
-0.6517013907432556,0.2745204567909241,0.5050057172775269
-0.6868846416473389,0.30008217692375183,0.47812819480895996
-0.6868846416473389,0.2489587664604187,0.47812819480895996
-0.6030797958374023,0.2075987011194229,0.5050057768821716
-0.6382630467414856,0.1820366084575653,0.4781283438205719
-0.5896415114402771,0.1662382334470749,0.4781283438205719
-0.5244079232215881,0.23316040635108948,0.5050055384635925
-0.5109691023826599,0.19180022180080414,0.47812822461128235
-0.4809187352657318,0.23316027224063873,0.478128045797348
-0.4457351863384247,0.3414424657821655,0.4077613651752472
-0.45404067635536194,0.3670048713684082,0.36427196860313416
-0.47578543424606323,0.3828032314777374,0.4077613651752472
-0.6030799746513367,0.4241635203361511,0.40776148438453674
-0.629957377910614,0.42416393756866455,0.36427196860313416
-0.6517021656036377,0.40836524963378906,0.40776148438453674
-0.7303739190101624,0.300082266330719,0.4077613055706024
-0.7386798858642578,0.2745204567909241,0.36427196860313416
-0.7303739190101624,0.24895866215229034,0.4077613055706024
-0.6517021656036377,0.14067570865154266,0.40776148438453674
-0.629957377910614,0.12487698346376419,0.36427196860313416
-0.6030799746513367,0.12487740814685822,0.40776148438453674
-0.47578543424606323,0.16623768210411072,0.4077613651752472
-0.45404067635536194,0.18203607201576233,0.36427196860313416
-0.4457351863384247,0.2075984627008438,0.4077613651752472
-0.5327130556106567,0.42416393756866455,0.36427196860313416
-0.5109683275222778,0.40836524963378906,0.32078248262405396
-0.5595904588699341,0.4241635203361511,0.32078248262405396
-0.7086297273635864,0.3670048713684082,0.36427196860313416
-0.6868849396705627,0.3828032314777374,0.3207826018333435
-0.7169352173805237,0.3414424657821655,0.3207826018333435
-0.7086297273635864,0.18203607201576233,0.36427196860313416
-0.7169352173805237,0.2075984627008438,0.3207826018333435
-0.6868849396705627,0.16623768210411072,0.3207826018333435
-0.5327130556106567,0.12487698346376419,0.36427196860313416
-0.5595904588699341,0.12487740814685822,0.32078248262405396
-0.5109683275222778,0.14067570865154266,0.32078248262405396
-0.42399048805236816,0.2745204567909241,0.36427196860313416
-0.432296484708786,0.24895866215229034,0.3207826316356659
-0.432296484708786,0.300082266330719,0.3207826316356659
-0.5244073867797852,0.3670043349266052,0.2504155933856964
-0.5595906376838684,0.3414422273635864,0.22353819012641907
-0.5730289220809937,0.38280266523361206,0.2504155933856964
-0.6517013311386108,0.3572407364845276,0.25041571259498596
-0.6382625102996826,0.31588053703308105,0.22353839874267578
-0.6817516684532166,0.3158806562423706,0.25041595101356506
-0.6817516684532166,0.23316027224063873,0.25041595101356506
-0.6382625102996826,0.23316040635108948,0.22353839874267578
-0.6517013311386108,0.19180022180080414,0.25041571259498596
-0.4757857918739319,0.30008217692375183,0.25041577219963074
-0.4757857918739319,0.2489587664604187,0.25041577219963074
-0.5109690427780151,0.2745204567909241,0.22353823482990265
-0.5730289220809937,0.1662382334470749,0.2504155933856964
-0.5595906376838684,0.2075987011194229,0.22353819012641907
-0.5244073867797852,0.1820366084575653,0.2504155933856964
