-0.431125283241272,0.36049768328666687,-0.0008659064769744873
-0.431125283241272,0.36049768328666687,0.541243314743042
-0.431125283241272,0.41751179099082947,-0.0008659064769744873
-0.431125283241272,0.41751179099082947,0.541243314743042
-0.3583294749259949,0.36049768328666687,-0.0008659064769744873
-0.3583294749259949,0.36049768328666687,0.541243314743042
-0.3583294749259949,0.41751179099082947,-0.0008659064769744873
-0.3583294749259949,0.41751179099082947,0.541243314743042
-0.431125283241272,0.38900473713874817,-0.0008659064769744873
-0.431125283241272,0.36049768328666687,0.27018871903419495
-0.431125283241272,0.38900473713874817,0.541243314743042
-0.431125283241272,0.41751179099082947,0.27018871903419495
-0.3947273790836334,0.41751179099082947,-0.0008659064769744873
-0.3947273790836334,0.41751179099082947,0.541243314743042
-0.3583294749259949,0.41751179099082947,0.27018871903419495
-0.3583294749259949,0.38900473713874817,-0.0008659064769744873
-0.3583294749259949,0.38900473713874817,0.541243314743042
-0.3583294749259949,0.36049768328666687,0.27018871903419495
-0.3947273790836334,0.36049768328666687,-0.0008659064769744873
-0.3947273790836334,0.36049768328666687,0.541243314743042
-0.3947273790836334,0.38900473713874817,0.541243314743042
-0.3947273790836334,0.38900473713874817,-0.0008659064769744873
-0.3947273790836334,0.36049768328666687,0.27018871903419495
-0.3583294749259949,0.38900473713874817,0.27018871903419495
-0.3947273790836334,0.41751179099082947,0.27018871903419495
-0.431125283241272,0.38900473713874817,0.27018871903419495
-0.431125283241272,0.3747512102127075,-0.0008659064769744873
-0.431125283241272,0.36049768328666687,0.4057160019874573
-0.431125283241272,0.40325823426246643,0.541243314743042
-0.431125283241272,0.41751179099082947,0.13466139137744904
-0.4129263460636139,0.41751179099082947,-0.0008659064769744873
-0.37652841210365295,0.41751179099082947,0.541243314743042
-0.3583294749259949,0.41751179099082947,0.13466139137744904
-0.3583294749259949,0.40325823426246643,-0.0008659064769744873
-0.3583294749259949,0.3747512102127075,0.541243314743042
-0.3583294749259949,0.36049768328666687,0.13466139137744904
-0.37652841210365295,0.36049768328666687,-0.0008659064769744873
-0.4129263460636139,0.36049768328666687,0.541243314743042
-0.431125283241272,0.40325823426246643,-0.0008659064769744873
-0.431125283241272,0.36049768328666687,0.13466139137744904
-0.431125283241272,0.3747512102127075,0.541243314743042
-0.431125283241272,0.41751179099082947,0.4057160019874573
-0.37652841210365295,0.41751179099082947,-0.0008659064769744873
-0.4129263460636139,0.41751179099082947,0.541243314743042
-0.3583294749259949,0.41751179099082947,0.4057160019874573
-0.3583294749259949,0.3747512102127075,-0.0008659064769744873
-0.3583294749259949,0.40325823426246643,0.541243314743042
-0.3583294749259949,0.36049768328666687,0.4057160019874573
-0.4129263460636139,0.36049768328666687,-0.0008659064769744873
-0.37652841210365295,0.36049768328666687,0.541243314743042
-0.3947273790836334,0.3747512102127075,0.541243314743042
-0.3947273790836334,0.40325823426246643,0.541243314743042
-0.37652841210365295,0.38900473713874817,0.541243314743042
-0.4129263460636139,0.38900473713874817,0.541243314743042
-0.3947273790836334,0.3747512102127075,-0.0008659064769744873
-0.3947273790836334,0.40325823426246643,-0.0008659064769744873
-0.4129263460636139,0.38900473713874817,-0.0008659064769744873
-0.37652841210365295,0.38900473713874817,-0.0008659064769744873
-0.4129263460636139,0.36049768328666687,0.27018871903419495
-0.37652841210365295,0.36049768328666687,0.27018871903419495
-0.3947273790836334,0.36049768328666687,0.13466139137744904
-0.3947273790836334,0.36049768328666687,0.4057160019874573
-0.3583294749259949,0.3747512102127075,0.27018871903419495
-0.3583294749259949,0.40325823426246643,0.27018871903419495
-0.3583294749259949,0.38900473713874817,0.13466139137744904
-0.3583294749259949,0.38900473713874817,0.4057160019874573
-0.37652841210365295,0.41751179099082947,0.27018871903419495
-0.4129263460636139,0.41751179099082947,0.27018871903419495
-0.3947273790836334,0.41751179099082947,0.13466139137744904
-0.3947273790836334,0.41751179099082947,0.4057160019874573
-0.431125283241272,0.40325823426246643,0.27018871903419495
-0.431125283241272,0.3747512102127075,0.27018871903419495
-0.431125283241272,0.38900473713874817,0.13466139137744904
-0.431125283241272,0.38900473713874817,0.4057160019874573
-0.431125283241272,0.3747512102127075,0.4057160019874573
-0.431125283241272,0.3747512102127075,0.13466139137744904
-0.431125283241272,0.40325823426246643,0.13466139137744904
-0.4129263460636139,0.41751179099082947,0.4057160019874573
-0.4129263460636139,0.41751179099082947,0.13466139137744904
-0.37652841210365295,0.41751179099082947,0.13466139137744904
-0.3583294749259949,0.40325823426246643,0.4057160019874573
-0.3583294749259949,0.40325823426246643,0.13466139137744904
-0.3583294749259949,0.3747512102127075,0.13466139137744904
-0.37652841210365295,0.36049768328666687,0.4057160019874573
-0.37652841210365295,0.36049768328666687,0.13466139137744904
-0.4129263460636139,0.36049768328666687,0.13466139137744904
-0.37652841210365295,0.40325823426246643,-0.0008659064769744873
-0.4129263460636139,0.40325823426246643,-0.0008659064769744873
-0.4129263460636139,0.3747512102127075,-0.0008659064769744873
-0.4129263460636139,0.40325823426246643,0.541243314743042
-0.37652841210365295,0.40325823426246643,0.541243314743042
-0.37652841210365295,0.3747512102127075,0.541243314743042
-0.4129263460636139,0.3747512102127075,0.541243314743042
-0.37652841210365295,0.3747512102127075,-0.0008659064769744873
-0.4129263460636139,0.36049768328666687,0.4057160019874573
-0.3583294749259949,0.3747512102127075,0.4057160019874573
-0.37652841210365295,0.41751179099082947,0.4057160019874573
-0.431125283241272,0.40325823426246643,0.4057160019874573
-0.431125283241272,0.3676244616508484,-0.0008659064769744873
-0.431125283241272,0.36049768328666687,0.47347965836524963
-0.431125283241272,0.41038501262664795,0.541243314743042
-0.431125283241272,0.41751179099082947,0.06689774245023727
-0.4220258295536041,0.41751179099082947,-0.0008659064769744873
-0.3674289286136627,0.41751179099082947,0.541243314743042
-0.3583294749259949,0.41751179099082947,0.06689774245023727
-0.3583294749259949,0.41038501262664795,-0.0008659064769744873
-0.3583294749259949,0.3676244616508484,0.541243314743042
-0.3583294749259949,0.36049768328666687,0.06689774245023727
-0.3674289286136627,0.36049768328666687,-0.0008659064769744873
-0.4220258295536041,0.36049768328666687,0.541243314743042
-0.431125283241272,0.3961314857006073,-0.0008659064769744873
-0.431125283241272,0.36049768328666687,0.2024250626564026
-0.431125283241272,0.38187798857688904,0.541243314743042
-0.431125283241272,0.41751179099082947,0.3379523754119873
-0.3856278955936432,0.41751179099082947,-0.0008659064769744873
-0.40382686257362366,0.41751179099082947,0.541243314743042
-0.3583294749259949,0.41751179099082947,0.3379523754119873
-0.3583294749259949,0.38187798857688904,-0.0008659064769744873
-0.3583294749259949,0.3961314857006073,0.541243314743042
-0.3583294749259949,0.36049768328666687,0.3379523754119873
-0.40382686257362366,0.36049768328666687,-0.0008659064769744873
-0.3856278955936432,0.36049768328666687,0.541243314743042
-0.3947273790836334,0.3676244616508484,0.541243314743042
-0.3947273790836334,0.3961314857006073,0.541243314743042
-0.3674289286136627,0.38900473713874817,0.541243314743042
-0.40382686257362366,0.38900473713874817,0.541243314743042
-0.3947273790836334,0.3676244616508484,-0.0008659064769744873
-0.3947273790836334,0.3961314857006073,-0.0008659064769744873
-0.4220258295536041,0.38900473713874817,-0.0008659064769744873
-0.3856278955936432,0.38900473713874817,-0.0008659064769744873
-0.4220258295536041,0.36049768328666687,0.27018871903419495
-0.3856278955936432,0.36049768328666687,0.27018871903419495
-0.3947273790836334,0.36049768328666687,0.06689774245023727
-0.3947273790836334,0.36049768328666687,0.3379523754119873
-0.3583294749259949,0.3676244616508484,0.27018871903419495
-0.3583294749259949,0.3961314857006073,0.27018871903419495
-0.3583294749259949,0.38900473713874817,0.06689774245023727
-0.3583294749259949,0.38900473713874817,0.3379523754119873
-0.3674289286136627,0.41751179099082947,0.27018871903419495
-0.40382686257362366,0.41751179099082947,0.27018871903419495
-0.3947273790836334,0.41751179099082947,0.06689774245023727
-0.3947273790836334,0.41751179099082947,0.3379523754119873
-0.431125283241272,0.41038501262664795,0.27018871903419495
-0.431125283241272,0.38187798857688904,0.27018871903419495
-0.431125283241272,0.38900473713874817,0.06689774245023727
-0.431125283241272,0.38900473713874817,0.3379523754119873
-0.431125283241272,0.38187798857688904,-0.0008659064769744873
-0.431125283241272,0.36049768328666687,0.3379523754119873
-0.431125283241272,0.3961314857006073,0.541243314743042
-0.431125283241272,0.41751179099082947,0.2024250626564026
-0.40382686257362366,0.41751179099082947,-0.0008659064769744873
-0.3856278955936432,0.41751179099082947,0.541243314743042
-0.3583294749259949,0.41751179099082947,0.2024250626564026
-0.3583294749259949,0.3961314857006073,-0.0008659064769744873
-0.3583294749259949,0.38187798857688904,0.541243314743042
-0.3583294749259949,0.36049768328666687,0.2024250626564026
-0.3856278955936432,0.36049768328666687,-0.0008659064769744873
-0.40382686257362366,0.36049768328666687,0.541243314743042
-0.431125283241272,0.41038501262664795,-0.0008659064769744873
-0.431125283241272,0.36049768328666687,0.06689774245023727
-0.431125283241272,0.3676244616508484,0.541243314743042
-0.431125283241272,0.41751179099082947,0.47347965836524963
-0.3674289286136627,0.41751179099082947,-0.0008659064769744873
-0.4220258295536041,0.41751179099082947,0.541243314743042
-0.3583294749259949,0.41751179099082947,0.47347965836524963
-0.3583294749259949,0.3676244616508484,-0.0008659064769744873
-0.3583294749259949,0.41038501262664795,0.541243314743042
-0.3583294749259949,0.36049768328666687,0.47347965836524963
-0.4220258295536041,0.36049768328666687,-0.0008659064769744873
-0.3674289286136627,0.36049768328666687,0.541243314743042
-0.3947273790836334,0.38187798857688904,0.541243314743042
-0.3947273790836334,0.41038501262664795,0.541243314743042
-0.3856278955936432,0.38900473713874817,0.541243314743042
-0.4220258295536041,0.38900473713874817,0.541243314743042
-0.3947273790836334,0.38187798857688904,-0.0008659064769744873
-0.3947273790836334,0.41038501262664795,-0.0008659064769744873
-0.40382686257362366,0.38900473713874817,-0.0008659064769744873
-0.3674289286136627,0.38900473713874817,-0.0008659064769744873
-0.40382686257362366,0.36049768328666687,0.27018871903419495
-0.3674289286136627,0.36049768328666687,0.27018871903419495
-0.3947273790836334,0.36049768328666687,0.2024250626564026
-0.3947273790836334,0.36049768328666687,0.47347965836524963
-0.3583294749259949,0.38187798857688904,0.27018871903419495
-0.3583294749259949,0.41038501262664795,0.27018871903419495
-0.3583294749259949,0.38900473713874817,0.2024250626564026
-0.3583294749259949,0.38900473713874817,0.47347965836524963
-0.3856278955936432,0.41751179099082947,0.27018871903419495
-0.4220258295536041,0.41751179099082947,0.27018871903419495
-0.3947273790836334,0.41751179099082947,0.2024250626564026
-0.3947273790836334,0.41751179099082947,0.47347965836524963
-0.431125283241272,0.3961314857006073,0.27018871903419495
-0.431125283241272,0.3676244616508484,0.27018871903419495
-0.431125283241272,0.38900473713874817,0.2024250626564026
-0.431125283241272,0.38900473713874817,0.47347965836524963
-0.431125283241272,0.38187798857688904,0.4057160019874573
-0.431125283241272,0.3676244616508484,0.4057160019874573
-0.431125283241272,0.3747512102127075,0.3379523754119873
-0.431125283241272,0.3747512102127075,0.47347965836524963
-0.431125283241272,0.38187798857688904,0.13466139137744904
-0.431125283241272,0.3676244616508484,0.13466139137744904
-0.431125283241272,0.3747512102127075,0.06689774245023727
-0.431125283241272,0.3747512102127075,0.2024250626564026
-0.431125283241272,0.41038501262664795,0.13466139137744904
-0.431125283241272,0.3961314857006073,0.13466139137744904
-0.431125283241272,0.40325823426246643,0.06689774245023727
-0.431125283241272,0.40325823426246643,0.2024250626564026
-0.40382686257362366,0.41751179099082947,0.4057160019874573
-0.4220258295536041,0.41751179099082947,0.4057160019874573
-0.4129263460636139,0.41751179099082947,0.3379523754119873
-0.4129263460636139,0.41751179099082947,0.47347965836524963
-0.40382686257362366,0.41751179099082947,0.13466139137744904
-0.4220258295536041,0.41751179099082947,0.13466139137744904
-0.4129263460636139,0.41751179099082947,0.06689774245023727
-0.4129263460636139,0.41751179099082947,0.2024250626564026
-0.3674289286136627,0.41751179099082947,0.13466139137744904
-0.3856278955936432,0.41751179099082947,0.13466139137744904
-0.37652841210365295,0.41751179099082947,0.06689774245023727
-0.37652841210365295,0.41751179099082947,0.2024250626564026
-0.3583294749259949,0.3961314857006073,0.4057160019874573
-0.3583294749259949,0.41038501262664795,0.4057160019874573
-0.3583294749259949,0.40325823426246643,0.3379523754119873
-0.3583294749259949,0.40325823426246643,0.47347965836524963
-0.3583294749259949,0.3961314857006073,0.13466139137744904
-0.3583294749259949,0.41038501262664795,0.13466139137744904
-0.3583294749259949,0.40325823426246643,0.06689774245023727
-0.3583294749259949,0.40325823426246643,0.2024250626564026
-0.3583294749259949,0.3676244616508484,0.13466139137744904
-0.3583294749259949,0.38187798857688904,0.13466139137744904
-0.3583294749259949,0.3747512102127075,0.06689774245023727
-0.3583294749259949,0.3747512102127075,0.2024250626564026
-0.3856278955936432,0.36049768328666687,0.4057160019874573
-0.3674289286136627,0.36049768328666687,0.4057160019874573
-0.37652841210365295,0.36049768328666687,0.3379523754119873
-0.37652841210365295,0.36049768328666687,0.47347965836524963
-0.3856278955936432,0.36049768328666687,0.13466139137744904
-0.3674289286136627,0.36049768328666687,0.13466139137744904
-0.37652841210365295,0.36049768328666687,0.06689774245023727
-0.37652841210365295,0.36049768328666687,0.2024250626564026
-0.4220258295536041,0.36049768328666687,0.13466139137744904
-0.40382686257362366,0.36049768328666687,0.13466139137744904
-0.4129263460636139,0.36049768328666687,0.06689774245023727
-0.4129263460636139,0.36049768328666687,0.2024250626564026
-0.37652841210365295,0.3961314857006073,-0.0008659064769744873
-0.37652841210365295,0.41038501262664795,-0.0008659064769744873
-0.3856278955936432,0.40325823426246643,-0.0008659064769744873
-0.3674289286136627,0.40325823426246643,-0.0008659064769744873
-0.4129263460636139,0.3961314857006073,-0.0008659064769744873
-0.4129263460636139,0.41038501262664795,-0.0008659064769744873
-0.4220258295536041,0.40325823426246643,-0.0008659064769744873
-0.40382686257362366,0.40325823426246643,-0.0008659064769744873
-0.4129263460636139,0.3676244616508484,-0.0008659064769744873
-0.4129263460636139,0.38187798857688904,-0.0008659064769744873
-0.4220258295536041,0.3747512102127075,-0.0008659064769744873
-0.40382686257362366,0.3747512102127075,-0.0008659064769744873
-0.4129263460636139,0.3961314857006073,0.541243314743042
-0.4129263460636139,0.41038501262664795,0.541243314743042
-0.40382686257362366,0.40325823426246643,0.541243314743042
-0.4220258295536041,0.40325823426246643,0.541243314743042
-0.37652841210365295,0.3961314857006073,0.541243314743042
-0.37652841210365295,0.41038501262664795,0.541243314743042
-0.3674289286136627,0.40325823426246643,0.541243314743042
-0.3856278955936432,0.40325823426246643,0.541243314743042
-0.37652841210365295,0.3676244616508484,0.541243314743042
-0.37652841210365295,0.38187798857688904,0.541243314743042
-0.3674289286136627,0.3747512102127075,0.541243314743042
-0.3856278955936432,0.3747512102127075,0.541243314743042
-0.4129263460636139,0.3676244616508484,0.541243314743042
-0.4129263460636139,0.38187798857688904,0.541243314743042
-0.40382686257362366,0.3747512102127075,0.541243314743042
-0.4220258295536041,0.3747512102127075,0.541243314743042
-0.37652841210365295,0.3676244616508484,-0.0008659064769744873
-0.37652841210365295,0.38187798857688904,-0.0008659064769744873
-0.3856278955936432,0.3747512102127075,-0.0008659064769744873
-0.3674289286136627,0.3747512102127075,-0.0008659064769744873
-0.4220258295536041,0.36049768328666687,0.4057160019874573
-0.40382686257362366,0.36049768328666687,0.4057160019874573
-0.4129263460636139,0.36049768328666687,0.3379523754119873
-0.4129263460636139,0.36049768328666687,0.47347965836524963
-0.3583294749259949,0.3676244616508484,0.4057160019874573
-0.3583294749259949,0.38187798857688904,0.4057160019874573
-0.3583294749259949,0.3747512102127075,0.3379523754119873
-0.3583294749259949,0.3747512102127075,0.47347965836524963
-0.3674289286136627,0.41751179099082947,0.4057160019874573
-0.3856278955936432,0.41751179099082947,0.4057160019874573
-0.37652841210365295,0.41751179099082947,0.3379523754119873
-0.37652841210365295,0.41751179099082947,0.47347965836524963
-0.431125283241272,0.41038501262664795,0.4057160019874573
-0.431125283241272,0.3961314857006073,0.4057160019874573
-0.431125283241272,0.40325823426246643,0.3379523754119873
-0.431125283241272,0.40325823426246643,0.47347965836524963
-0.431125283241272,0.3961314857006073,0.47347965836524963
-0.431125283241272,0.3961314857006073,0.3379523754119873
-0.431125283241272,0.41038501262664795,0.3379523754119873
-0.3856278955936432,0.41751179099082947,0.47347965836524963
-0.3856278955936432,0.41751179099082947,0.3379523754119873
-0.3674289286136627,0.41751179099082947,0.3379523754119873
-0.3583294749259949,0.38187798857688904,0.47347965836524963
-0.3583294749259949,0.38187798857688904,0.3379523754119873
-0.3583294749259949,0.3676244616508484,0.3379523754119873
-0.40382686257362366,0.36049768328666687,0.47347965836524963
-0.40382686257362366,0.36049768328666687,0.3379523754119873
-0.4220258295536041,0.36049768328666687,0.3379523754119873
-0.3674289286136627,0.38187798857688904,-0.0008659064769744873
-0.3856278955936432,0.38187798857688904,-0.0008659064769744873
-0.3856278955936432,0.3676244616508484,-0.0008659064769744873
-0.4220258295536041,0.38187798857688904,0.541243314743042
-0.40382686257362366,0.38187798857688904,0.541243314743042
-0.40382686257362366,0.3676244616508484,0.541243314743042
-0.3856278955936432,0.38187798857688904,0.541243314743042
-0.3674289286136627,0.38187798857688904,0.541243314743042
-0.3674289286136627,0.3676244616508484,0.541243314743042
-0.3856278955936432,0.41038501262664795,0.541243314743042
-0.3674289286136627,0.41038501262664795,0.541243314743042
-0.3674289286136627,0.3961314857006073,0.541243314743042
-0.4220258295536041,0.41038501262664795,0.541243314743042
-0.40382686257362366,0.41038501262664795,0.541243314743042
-0.40382686257362366,0.3961314857006073,0.541243314743042
-0.40382686257362366,0.38187798857688904,-0.0008659064769744873
-0.4220258295536041,0.38187798857688904,-0.0008659064769744873
-0.4220258295536041,0.3676244616508484,-0.0008659064769744873
-0.40382686257362366,0.41038501262664795,-0.0008659064769744873
-0.4220258295536041,0.41038501262664795,-0.0008659064769744873
-0.4220258295536041,0.3961314857006073,-0.0008659064769744873
-0.3674289286136627,0.41038501262664795,-0.0008659064769744873
-0.3856278955936432,0.41038501262664795,-0.0008659064769744873
-0.3856278955936432,0.3961314857006073,-0.0008659064769744873
-0.40382686257362366,0.36049768328666687,0.2024250626564026
-0.40382686257362366,0.36049768328666687,0.06689774245023727
-0.4220258295536041,0.36049768328666687,0.06689774245023727
-0.3674289286136627,0.36049768328666687,0.2024250626564026
-0.3674289286136627,0.36049768328666687,0.06689774245023727
-0.3856278955936432,0.36049768328666687,0.06689774245023727
-0.3674289286136627,0.36049768328666687,0.47347965836524963
-0.3674289286136627,0.36049768328666687,0.3379523754119873
-0.3856278955936432,0.36049768328666687,0.3379523754119873
-0.3583294749259949,0.38187798857688904,0.2024250626564026
-0.3583294749259949,0.38187798857688904,0.06689774245023727
-0.3583294749259949,0.3676244616508484,0.06689774245023727
-0.3583294749259949,0.41038501262664795,0.2024250626564026
-0.3583294749259949,0.41038501262664795,0.06689774245023727
-0.3583294749259949,0.3961314857006073,0.06689774245023727
-0.3583294749259949,0.41038501262664795,0.47347965836524963
-0.3583294749259949,0.41038501262664795,0.3379523754119873
-0.3583294749259949,0.3961314857006073,0.3379523754119873
-0.3856278955936432,0.41751179099082947,0.2024250626564026
-0.3856278955936432,0.41751179099082947,0.06689774245023727
-0.3674289286136627,0.41751179099082947,0.06689774245023727
-0.4220258295536041,0.41751179099082947,0.2024250626564026
-0.4220258295536041,0.41751179099082947,0.06689774245023727
-0.40382686257362366,0.41751179099082947,0.06689774245023727
-0.4220258295536041,0.41751179099082947,0.47347965836524963
-0.4220258295536041,0.41751179099082947,0.3379523754119873
-0.40382686257362366,0.41751179099082947,0.3379523754119873
-0.431125283241272,0.3961314857006073,0.2024250626564026
-0.431125283241272,0.3961314857006073,0.06689774245023727
-0.431125283241272,0.41038501262664795,0.06689774245023727
-0.431125283241272,0.3676244616508484,0.2024250626564026
-0.431125283241272,0.3676244616508484,0.06689774245023727
-0.431125283241272,0.38187798857688904,0.06689774245023727
-0.431125283241272,0.3676244616508484,0.47347965836524963
-0.431125283241272,0.3676244616508484,0.3379523754119873
-0.431125283241272,0.38187798857688904,0.3379523754119873
-0.431125283241272,0.38187798857688904,0.47347965836524963
-0.431125283241272,0.38187798857688904,0.2024250626564026
-0.431125283241272,0.41038501262664795,0.2024250626564026
-0.40382686257362366,0.41751179099082947,0.47347965836524963
-0.40382686257362366,0.41751179099082947,0.2024250626564026
-0.3674289286136627,0.41751179099082947,0.2024250626564026
-0.3583294749259949,0.3961314857006073,0.47347965836524963
-0.3583294749259949,0.3961314857006073,0.2024250626564026
-0.3583294749259949,0.3676244616508484,0.2024250626564026
-0.3856278955936432,0.36049768328666687,0.47347965836524963
-0.3856278955936432,0.36049768328666687,0.2024250626564026
-0.4220258295536041,0.36049768328666687,0.2024250626564026
-0.3674289286136627,0.3961314857006073,-0.0008659064769744873
-0.40382686257362366,0.3961314857006073,-0.0008659064769744873
-0.40382686257362366,0.3676244616508484,-0.0008659064769744873
-0.4220258295536041,0.3961314857006073,0.541243314743042
-0.3856278955936432,0.3961314857006073,0.541243314743042
-0.3856278955936432,0.3676244616508484,0.541243314743042
-0.4220258295536041,0.3676244616508484,0.541243314743042
-0.3674289286136627,0.3676244616508484,-0.0008659064769744873
-0.4220258295536041,0.36049768328666687,0.47347965836524963
-0.3583294749259949,0.3676244616508484,0.47347965836524963
-0.3674289286136627,0.41751179099082947,0.47347965836524963
-0.431125283241272,0.41038501262664795,0.47347965836524963
