-0.19610290229320526,0.21164532005786896,-0.0008659034501761198
-0.19610290229320526,0.21164532005786896,0.6079913973808289
-0.19610290229320526,0.32992497086524963,-0.0008659034501761198
-0.19610290229320526,0.32992497086524963,0.6079913973808289
-0.07782324403524399,0.21164532005786896,-0.0008659034501761198
-0.07782324403524399,0.21164532005786896,0.6079913973808289
-0.07782324403524399,0.32992497086524963,-0.0008659034501761198
-0.07782324403524399,0.32992497086524963,0.6079913973808289
-0.19610290229320526,0.2707851529121399,-0.0008659034501761198
-0.19610290229320526,0.21164532005786896,0.303562730550766
-0.19610290229320526,0.2707851529121399,0.6079913973808289
-0.19610290229320526,0.32992497086524963,0.303562730550766
-0.13696306943893433,0.32992497086524963,-0.0008659034501761198
-0.13696306943893433,0.32992497086524963,0.6079913973808289
-0.07782324403524399,0.32992497086524963,0.303562730550766
-0.07782324403524399,0.2707851529121399,-0.0008659034501761198
-0.07782324403524399,0.2707851529121399,0.6079913973808289
-0.07782324403524399,0.21164532005786896,0.303562730550766
-0.13696306943893433,0.21164532005786896,-0.0008659034501761198
-0.13696306943893433,0.21164532005786896,0.6079913973808289
-0.13696306943893433,0.2707851529121399,0.6079913973808289
-0.13696306943893433,0.2707851529121399,-0.0008659034501761198
-0.13696306943893433,0.21164532005786896,0.303562730550766
-0.07782324403524399,0.2707851529121399,0.303562730550766
-0.13696306943893433,0.32992497086524963,0.303562730550766
-0.19610290229320526,0.2707851529121399,0.303562730550766
-0.19610290229320526,0.24121522903442383,-0.0008659034501761198
-0.19610290229320526,0.21164532005786896,0.45577704906463623
-0.19610290229320526,0.30035507678985596,0.6079913973808289
-0.19610290229320526,0.32992497086524963,0.15134841203689575
-0.1665329933166504,0.32992497086524963,-0.0008659034501761198
-0.10739316046237946,0.32992497086524963,0.6079913973808289
-0.07782324403524399,0.32992497086524963,0.15134841203689575
-0.07782324403524399,0.30035507678985596,-0.0008659034501761198
-0.07782324403524399,0.24121522903442383,0.6079913973808289
-0.07782324403524399,0.21164532005786896,0.15134841203689575
-0.10739316046237946,0.21164532005786896,-0.0008659034501761198
-0.1665329933166504,0.21164532005786896,0.6079913973808289
-0.19610290229320526,0.30035507678985596,-0.0008659034501761198
-0.19610290229320526,0.21164532005786896,0.15134841203689575
-0.19610290229320526,0.24121522903442383,0.6079913973808289
-0.19610290229320526,0.32992497086524963,0.45577704906463623
-0.10739316046237946,0.32992497086524963,-0.0008659034501761198
-0.1665329933166504,0.32992497086524963,0.6079913973808289
-0.07782324403524399,0.32992497086524963,0.45577704906463623
-0.07782324403524399,0.24121522903442383,-0.0008659034501761198
-0.07782324403524399,0.30035507678985596,0.6079913973808289
-0.07782324403524399,0.21164532005786896,0.45577704906463623
-0.1665329933166504,0.21164532005786896,-0.0008659034501761198
-0.10739316046237946,0.21164532005786896,0.6079913973808289
-0.13696306943893433,0.24121522903442383,0.6079913973808289
-0.13696306943893433,0.30035507678985596,0.6079913973808289
-0.10739316046237946,0.2707851529121399,0.6079913973808289
-0.1665329933166504,0.2707851529121399,0.6079913973808289
-0.13696306943893433,0.24121522903442383,-0.0008659034501761198
-0.13696306943893433,0.30035507678985596,-0.0008659034501761198
-0.1665329933166504,0.2707851529121399,-0.0008659034501761198
-0.10739316046237946,0.2707851529121399,-0.0008659034501761198
-0.1665329933166504,0.21164532005786896,0.303562730550766
-0.10739316046237946,0.21164532005786896,0.303562730550766
-0.13696306943893433,0.21164532005786896,0.15134841203689575
-0.13696306943893433,0.21164532005786896,0.45577704906463623
-0.07782324403524399,0.24121522903442383,0.303562730550766
-0.07782324403524399,0.30035507678985596,0.303562730550766
-0.07782324403524399,0.2707851529121399,0.15134841203689575
-0.07782324403524399,0.2707851529121399,0.45577704906463623
-0.10739316046237946,0.32992497086524963,0.303562730550766
-0.1665329933166504,0.32992497086524963,0.303562730550766
-0.13696306943893433,0.32992497086524963,0.15134841203689575
-0.13696306943893433,0.32992497086524963,0.45577704906463623
-0.19610290229320526,0.30035507678985596,0.303562730550766
-0.19610290229320526,0.24121522903442383,0.303562730550766
-0.19610290229320526,0.2707851529121399,0.15134841203689575
-0.19610290229320526,0.2707851529121399,0.45577704906463623
-0.19610290229320526,0.24121522903442383,0.45577704906463623
-0.19610290229320526,0.24121522903442383,0.15134841203689575
-0.19610290229320526,0.30035507678985596,0.15134841203689575
-0.1665329933166504,0.32992497086524963,0.45577704906463623
-0.1665329933166504,0.32992497086524963,0.15134841203689575
-0.10739316046237946,0.32992497086524963,0.15134841203689575
-0.07782324403524399,0.30035507678985596,0.45577704906463623
-0.07782324403524399,0.30035507678985596,0.15134841203689575
-0.07782324403524399,0.24121522903442383,0.15134841203689575
-0.10739316046237946,0.21164532005786896,0.45577704906463623
-0.10739316046237946,0.21164532005786896,0.15134841203689575
-0.1665329933166504,0.21164532005786896,0.15134841203689575
-0.10739316046237946,0.30035507678985596,-0.0008659034501761198
-0.1665329933166504,0.30035507678985596,-0.0008659034501761198
-0.1665329933166504,0.24121522903442383,-0.0008659034501761198
-0.1665329933166504,0.30035507678985596,0.6079913973808289
-0.10739316046237946,0.30035507678985596,0.6079913973808289
-0.10739316046237946,0.24121522903442383,0.6079913973808289
-0.1665329933166504,0.24121522903442383,0.6079913973808289
-0.10739316046237946,0.24121522903442383,-0.0008659034501761198
-0.1665329933166504,0.21164532005786896,0.45577704906463623
-0.07782324403524399,0.24121522903442383,0.45577704906463623
-0.10739316046237946,0.32992497086524963,0.45577704906463623
-0.19610290229320526,0.30035507678985596,0.45577704906463623
-0.19610290229320526,0.226430281996727,-0.0008659034501761198
-0.19610290229320526,0.21164532005786896,0.5318842530250549
-0.19610290229320526,0.3151400089263916,0.6079913973808289
-0.19610290229320526,0.32992497086524963,0.07524125277996063
-0.18131794035434723,0.32992497086524963,-0.0008659034501761198
-0.09260819852352142,0.32992497086524963,0.6079913973808289
-0.07782324403524399,0.32992497086524963,0.07524125277996063
-0.07782324403524399,0.3151400089263916,-0.0008659034501761198
-0.07782324403524399,0.226430281996727,0.6079913973808289
-0.07782324403524399,0.21164532005786896,0.07524125277996063
-0.09260819852352142,0.21164532005786896,-0.0008659034501761198
-0.18131794035434723,0.21164532005786896,0.6079913973808289
-0.19610290229320526,0.2855701148509979,-0.0008659034501761198
-0.19610290229320526,0.21164532005786896,0.22745557129383087
-0.19610290229320526,0.25600019097328186,0.6079913973808289
-0.19610290229320526,0.32992497086524963,0.3796698749065399
-0.12217811495065689,0.32992497086524963,-0.0008659034501761198
-0.15174803137779236,0.32992497086524963,0.6079913973808289
-0.07782324403524399,0.32992497086524963,0.3796698749065399
-0.07782324403524399,0.25600019097328186,-0.0008659034501761198
-0.07782324403524399,0.2855701148509979,0.6079913973808289
-0.07782324403524399,0.21164532005786896,0.3796698749065399
-0.15174803137779236,0.21164532005786896,-0.0008659034501761198
-0.12217811495065689,0.21164532005786896,0.6079913973808289
-0.13696306943893433,0.226430281996727,0.6079913973808289
-0.13696306943893433,0.2855701148509979,0.6079913973808289
-0.09260819852352142,0.2707851529121399,0.6079913973808289
-0.15174803137779236,0.2707851529121399,0.6079913973808289
-0.13696306943893433,0.226430281996727,-0.0008659034501761198
-0.13696306943893433,0.2855701148509979,-0.0008659034501761198
-0.18131794035434723,0.2707851529121399,-0.0008659034501761198
-0.12217811495065689,0.2707851529121399,-0.0008659034501761198
-0.18131794035434723,0.21164532005786896,0.303562730550766
-0.12217811495065689,0.21164532005786896,0.303562730550766
-0.13696306943893433,0.21164532005786896,0.07524125277996063
-0.13696306943893433,0.21164532005786896,0.3796698749065399
-0.07782324403524399,0.226430281996727,0.303562730550766
-0.07782324403524399,0.2855701148509979,0.303562730550766
-0.07782324403524399,0.2707851529121399,0.07524125277996063
-0.07782324403524399,0.2707851529121399,0.3796698749065399
-0.09260819852352142,0.32992497086524963,0.303562730550766
-0.15174803137779236,0.32992497086524963,0.303562730550766
-0.13696306943893433,0.32992497086524963,0.07524125277996063
-0.13696306943893433,0.32992497086524963,0.3796698749065399
-0.19610290229320526,0.3151400089263916,0.303562730550766
-0.19610290229320526,0.25600019097328186,0.303562730550766
-0.19610290229320526,0.2707851529121399,0.07524125277996063
-0.19610290229320526,0.2707851529121399,0.3796698749065399
-0.19610290229320526,0.25600019097328186,-0.0008659034501761198
-0.19610290229320526,0.21164532005786896,0.3796698749065399
-0.19610290229320526,0.2855701148509979,0.6079913973808289
-0.19610290229320526,0.32992497086524963,0.22745557129383087
-0.15174803137779236,0.32992497086524963,-0.0008659034501761198
-0.12217811495065689,0.32992497086524963,0.6079913973808289
-0.07782324403524399,0.32992497086524963,0.22745557129383087
-0.07782324403524399,0.2855701148509979,-0.0008659034501761198
-0.07782324403524399,0.25600019097328186,0.6079913973808289
-0.07782324403524399,0.21164532005786896,0.22745557129383087
-0.12217811495065689,0.21164532005786896,-0.0008659034501761198
-0.15174803137779236,0.21164532005786896,0.6079913973808289
-0.19610290229320526,0.3151400089263916,-0.0008659034501761198
-0.19610290229320526,0.21164532005786896,0.07524125277996063
-0.19610290229320526,0.226430281996727,0.6079913973808289
-0.19610290229320526,0.32992497086524963,0.5318842530250549
-0.09260819852352142,0.32992497086524963,-0.0008659034501761198
-0.18131794035434723,0.32992497086524963,0.6079913973808289
-0.07782324403524399,0.32992497086524963,0.5318842530250549
-0.07782324403524399,0.226430281996727,-0.0008659034501761198
-0.07782324403524399,0.3151400089263916,0.6079913973808289
-0.07782324403524399,0.21164532005786896,0.5318842530250549
-0.18131794035434723,0.21164532005786896,-0.0008659034501761198
-0.09260819852352142,0.21164532005786896,0.6079913973808289
-0.13696306943893433,0.25600019097328186,0.6079913973808289
-0.13696306943893433,0.3151400089263916,0.6079913973808289
-0.12217811495065689,0.2707851529121399,0.6079913973808289
-0.18131794035434723,0.2707851529121399,0.6079913973808289
-0.13696306943893433,0.25600019097328186,-0.0008659034501761198
-0.13696306943893433,0.3151400089263916,-0.0008659034501761198
-0.15174803137779236,0.2707851529121399,-0.0008659034501761198
-0.09260819852352142,0.2707851529121399,-0.0008659034501761198
-0.15174803137779236,0.21164532005786896,0.303562730550766
-0.09260819852352142,0.21164532005786896,0.303562730550766
-0.13696306943893433,0.21164532005786896,0.22745557129383087
-0.13696306943893433,0.21164532005786896,0.5318842530250549
-0.07782324403524399,0.25600019097328186,0.303562730550766
-0.07782324403524399,0.3151400089263916,0.303562730550766
-0.07782324403524399,0.2707851529121399,0.22745557129383087
-0.07782324403524399,0.2707851529121399,0.5318842530250549
-0.12217811495065689,0.32992497086524963,0.303562730550766
-0.18131794035434723,0.32992497086524963,0.303562730550766
-0.13696306943893433,0.32992497086524963,0.22745557129383087
-0.13696306943893433,0.32992497086524963,0.5318842530250549
-0.19610290229320526,0.2855701148509979,0.303562730550766
-0.19610290229320526,0.226430281996727,0.303562730550766
-0.19610290229320526,0.2707851529121399,0.22745557129383087
-0.19610290229320526,0.2707851529121399,0.5318842530250549
-0.19610290229320526,0.25600019097328186,0.45577704906463623
-0.19610290229320526,0.226430281996727,0.45577704906463623
-0.19610290229320526,0.24121522903442383,0.3796698749065399
-0.19610290229320526,0.24121522903442383,0.5318842530250549
-0.19610290229320526,0.25600019097328186,0.15134841203689575
-0.19610290229320526,0.226430281996727,0.15134841203689575
-0.19610290229320526,0.24121522903442383,0.07524125277996063
-0.19610290229320526,0.24121522903442383,0.22745557129383087
-0.19610290229320526,0.3151400089263916,0.15134841203689575
-0.19610290229320526,0.2855701148509979,0.15134841203689575
-0.19610290229320526,0.30035507678985596,0.07524125277996063
-0.19610290229320526,0.30035507678985596,0.22745557129383087
-0.15174803137779236,0.32992497086524963,0.45577704906463623
-0.18131794035434723,0.32992497086524963,0.45577704906463623
-0.1665329933166504,0.32992497086524963,0.3796698749065399
-0.1665329933166504,0.32992497086524963,0.5318842530250549
-0.15174803137779236,0.32992497086524963,0.15134841203689575
-0.18131794035434723,0.32992497086524963,0.15134841203689575
-0.1665329933166504,0.32992497086524963,0.07524125277996063
-0.1665329933166504,0.32992497086524963,0.22745557129383087
-0.09260819852352142,0.32992497086524963,0.15134841203689575
-0.12217811495065689,0.32992497086524963,0.15134841203689575
-0.10739316046237946,0.32992497086524963,0.07524125277996063
-0.10739316046237946,0.32992497086524963,0.22745557129383087
-0.07782324403524399,0.2855701148509979,0.45577704906463623
-0.07782324403524399,0.3151400089263916,0.45577704906463623
-0.07782324403524399,0.30035507678985596,0.3796698749065399
-0.07782324403524399,0.30035507678985596,0.5318842530250549
-0.07782324403524399,0.2855701148509979,0.15134841203689575
-0.07782324403524399,0.3151400089263916,0.15134841203689575
-0.07782324403524399,0.30035507678985596,0.07524125277996063
-0.07782324403524399,0.30035507678985596,0.22745557129383087
-0.07782324403524399,0.226430281996727,0.15134841203689575
-0.07782324403524399,0.25600019097328186,0.15134841203689575
-0.07782324403524399,0.24121522903442383,0.07524125277996063
-0.07782324403524399,0.24121522903442383,0.22745557129383087
-0.12217811495065689,0.21164532005786896,0.45577704906463623
-0.09260819852352142,0.21164532005786896,0.45577704906463623
-0.10739316046237946,0.21164532005786896,0.3796698749065399
-0.10739316046237946,0.21164532005786896,0.5318842530250549
-0.12217811495065689,0.21164532005786896,0.15134841203689575
-0.09260819852352142,0.21164532005786896,0.15134841203689575
-0.10739316046237946,0.21164532005786896,0.07524125277996063
-0.10739316046237946,0.21164532005786896,0.22745557129383087
-0.18131794035434723,0.21164532005786896,0.15134841203689575
-0.15174803137779236,0.21164532005786896,0.15134841203689575
-0.1665329933166504,0.21164532005786896,0.07524125277996063
-0.1665329933166504,0.21164532005786896,0.22745557129383087
-0.10739316046237946,0.2855701148509979,-0.0008659034501761198
-0.10739316046237946,0.3151400089263916,-0.0008659034501761198
-0.12217811495065689,0.30035507678985596,-0.0008659034501761198
-0.09260819852352142,0.30035507678985596,-0.0008659034501761198
-0.1665329933166504,0.2855701148509979,-0.0008659034501761198
-0.1665329933166504,0.3151400089263916,-0.0008659034501761198
-0.18131794035434723,0.30035507678985596,-0.0008659034501761198
-0.15174803137779236,0.30035507678985596,-0.0008659034501761198
-0.1665329933166504,0.226430281996727,-0.0008659034501761198
-0.1665329933166504,0.25600019097328186,-0.0008659034501761198
-0.18131794035434723,0.24121522903442383,-0.0008659034501761198
-0.15174803137779236,0.24121522903442383,-0.0008659034501761198
-0.1665329933166504,0.2855701148509979,0.6079913973808289
-0.1665329933166504,0.3151400089263916,0.6079913973808289
-0.15174803137779236,0.30035507678985596,0.6079913973808289
-0.18131794035434723,0.30035507678985596,0.6079913973808289
-0.10739316046237946,0.2855701148509979,0.6079913973808289
-0.10739316046237946,0.3151400089263916,0.6079913973808289
-0.09260819852352142,0.30035507678985596,0.6079913973808289
-0.12217811495065689,0.30035507678985596,0.6079913973808289
-0.10739316046237946,0.226430281996727,0.6079913973808289
-0.10739316046237946,0.25600019097328186,0.6079913973808289
-0.09260819852352142,0.24121522903442383,0.6079913973808289
-0.12217811495065689,0.24121522903442383,0.6079913973808289
-0.1665329933166504,0.226430281996727,0.6079913973808289
-0.1665329933166504,0.25600019097328186,0.6079913973808289
-0.15174803137779236,0.24121522903442383,0.6079913973808289
-0.18131794035434723,0.24121522903442383,0.6079913973808289
-0.10739316046237946,0.226430281996727,-0.0008659034501761198
-0.10739316046237946,0.25600019097328186,-0.0008659034501761198
-0.12217811495065689,0.24121522903442383,-0.0008659034501761198
-0.09260819852352142,0.24121522903442383,-0.0008659034501761198
-0.18131794035434723,0.21164532005786896,0.45577704906463623
-0.15174803137779236,0.21164532005786896,0.45577704906463623
-0.1665329933166504,0.21164532005786896,0.3796698749065399
-0.1665329933166504,0.21164532005786896,0.5318842530250549
-0.07782324403524399,0.226430281996727,0.45577704906463623
-0.07782324403524399,0.25600019097328186,0.45577704906463623
-0.07782324403524399,0.24121522903442383,0.3796698749065399
-0.07782324403524399,0.24121522903442383,0.5318842530250549
-0.09260819852352142,0.32992497086524963,0.45577704906463623
-0.12217811495065689,0.32992497086524963,0.45577704906463623
-0.10739316046237946,0.32992497086524963,0.3796698749065399
-0.10739316046237946,0.32992497086524963,0.5318842530250549
-0.19610290229320526,0.3151400089263916,0.45577704906463623
-0.19610290229320526,0.2855701148509979,0.45577704906463623
-0.19610290229320526,0.30035507678985596,0.3796698749065399
-0.19610290229320526,0.30035507678985596,0.5318842530250549
-0.19610290229320526,0.2855701148509979,0.5318842530250549
-0.19610290229320526,0.2855701148509979,0.3796698749065399
-0.19610290229320526,0.3151400089263916,0.3796698749065399
-0.12217811495065689,0.32992497086524963,0.5318842530250549
-0.12217811495065689,0.32992497086524963,0.3796698749065399
-0.09260819852352142,0.32992497086524963,0.3796698749065399
-0.07782324403524399,0.25600019097328186,0.5318842530250549
-0.07782324403524399,0.25600019097328186,0.3796698749065399
-0.07782324403524399,0.226430281996727,0.3796698749065399
-0.15174803137779236,0.21164532005786896,0.5318842530250549
-0.15174803137779236,0.21164532005786896,0.3796698749065399
-0.18131794035434723,0.21164532005786896,0.3796698749065399
-0.09260819852352142,0.25600019097328186,-0.0008659034501761198
-0.12217811495065689,0.25600019097328186,-0.0008659034501761198
-0.12217811495065689,0.226430281996727,-0.0008659034501761198
-0.18131794035434723,0.25600019097328186,0.6079913973808289
-0.15174803137779236,0.25600019097328186,0.6079913973808289
-0.15174803137779236,0.226430281996727,0.6079913973808289
-0.12217811495065689,0.25600019097328186,0.6079913973808289
-0.09260819852352142,0.25600019097328186,0.6079913973808289
-0.09260819852352142,0.226430281996727,0.6079913973808289
-0.12217811495065689,0.3151400089263916,0.6079913973808289
-0.09260819852352142,0.3151400089263916,0.6079913973808289
-0.09260819852352142,0.2855701148509979,0.6079913973808289
-0.18131794035434723,0.3151400089263916,0.6079913973808289
-0.15174803137779236,0.3151400089263916,0.6079913973808289
-0.15174803137779236,0.2855701148509979,0.6079913973808289
-0.15174803137779236,0.25600019097328186,-0.0008659034501761198
-0.18131794035434723,0.25600019097328186,-0.0008659034501761198
-0.18131794035434723,0.226430281996727,-0.0008659034501761198
-0.15174803137779236,0.3151400089263916,-0.0008659034501761198
-0.18131794035434723,0.3151400089263916,-0.0008659034501761198
-0.18131794035434723,0.2855701148509979,-0.0008659034501761198
-0.09260819852352142,0.3151400089263916,-0.0008659034501761198
-0.12217811495065689,0.3151400089263916,-0.0008659034501761198
-0.12217811495065689,0.2855701148509979,-0.0008659034501761198
-0.15174803137779236,0.21164532005786896,0.22745557129383087
-0.15174803137779236,0.21164532005786896,0.07524125277996063
-0.18131794035434723,0.21164532005786896,0.07524125277996063
-0.09260819852352142,0.21164532005786896,0.22745557129383087
-0.09260819852352142,0.21164532005786896,0.07524125277996063
-0.12217811495065689,0.21164532005786896,0.07524125277996063
-0.09260819852352142,0.21164532005786896,0.5318842530250549
-0.09260819852352142,0.21164532005786896,0.3796698749065399
-0.12217811495065689,0.21164532005786896,0.3796698749065399
-0.07782324403524399,0.25600019097328186,0.22745557129383087
-0.07782324403524399,0.25600019097328186,0.07524125277996063
-0.07782324403524399,0.226430281996727,0.07524125277996063
-0.07782324403524399,0.3151400089263916,0.22745557129383087
-0.07782324403524399,0.3151400089263916,0.07524125277996063
-0.07782324403524399,0.2855701148509979,0.07524125277996063
-0.07782324403524399,0.3151400089263916,0.5318842530250549
-0.07782324403524399,0.3151400089263916,0.3796698749065399
-0.07782324403524399,0.2855701148509979,0.3796698749065399
-0.12217811495065689,0.32992497086524963,0.22745557129383087
-0.12217811495065689,0.32992497086524963,0.07524125277996063
-0.09260819852352142,0.32992497086524963,0.07524125277996063
-0.18131794035434723,0.32992497086524963,0.22745557129383087
-0.18131794035434723,0.32992497086524963,0.07524125277996063
-0.15174803137779236,0.32992497086524963,0.07524125277996063
-0.18131794035434723,0.32992497086524963,0.5318842530250549
-0.18131794035434723,0.32992497086524963,0.3796698749065399
-0.15174803137779236,0.32992497086524963,0.3796698749065399
-0.19610290229320526,0.2855701148509979,0.22745557129383087
-0.19610290229320526,0.2855701148509979,0.07524125277996063
-0.19610290229320526,0.3151400089263916,0.07524125277996063
-0.19610290229320526,0.226430281996727,0.22745557129383087
-0.19610290229320526,0.226430281996727,0.07524125277996063
-0.19610290229320526,0.25600019097328186,0.07524125277996063
-0.19610290229320526,0.226430281996727,0.5318842530250549
-0.19610290229320526,0.226430281996727,0.3796698749065399
-0.19610290229320526,0.25600019097328186,0.3796698749065399
-0.19610290229320526,0.25600019097328186,0.5318842530250549
-0.19610290229320526,0.25600019097328186,0.22745557129383087
-0.19610290229320526,0.3151400089263916,0.22745557129383087
-0.15174803137779236,0.32992497086524963,0.5318842530250549
-0.15174803137779236,0.32992497086524963,0.22745557129383087
-0.09260819852352142,0.32992497086524963,0.22745557129383087
-0.07782324403524399,0.2855701148509979,0.5318842530250549
-0.07782324403524399,0.2855701148509979,0.22745557129383087
-0.07782324403524399,0.226430281996727,0.22745557129383087
-0.12217811495065689,0.21164532005786896,0.5318842530250549
-0.12217811495065689,0.21164532005786896,0.22745557129383087
-0.18131794035434723,0.21164532005786896,0.22745557129383087
-0.09260819852352142,0.2855701148509979,-0.0008659034501761198
-0.15174803137779236,0.2855701148509979,-0.0008659034501761198
-0.15174803137779236,0.226430281996727,-0.0008659034501761198
-0.18131794035434723,0.2855701148509979,0.6079913973808289
-0.12217811495065689,0.2855701148509979,0.6079913973808289
-0.12217811495065689,0.226430281996727,0.6079913973808289
-0.18131794035434723,0.226430281996727,0.6079913973808289
-0.09260819852352142,0.226430281996727,-0.0008659034501761198
-0.18131794035434723,0.21164532005786896,0.5318842530250549
-0.07782324403524399,0.226430281996727,0.5318842530250549
-0.09260819852352142,0.32992497086524963,0.5318842530250549
-0.19610290229320526,0.3151400089263916,0.5318842530250549
