0.3294173777103424,-0.2442956119775772,-0.0008659064769744873
0.3294173777103424,-0.2442956119775772,0.541243314743042
0.3294173777103424,-0.1872815191745758,-0.0008659064769744873
0.3294173777103424,-0.1872815191745758,0.541243314743042
0.4022132158279419,-0.2442956119775772,-0.0008659064769744873
0.4022132158279419,-0.2442956119775772,0.541243314743042
0.4022132158279419,-0.1872815191745758,-0.0008659064769744873
0.4022132158279419,-0.1872815191745758,0.541243314743042
0.3294173777103424,-0.2157885730266571,-0.0008659064769744873
0.3294173777103424,-0.2442956119775772,0.27018871903419495
0.3294173777103424,-0.2157885730266571,0.541243314743042
0.3294173777103424,-0.1872815191745758,0.27018871903419495
0.36581528186798096,-0.1872815191745758,-0.0008659064769744873
0.36581528186798096,-0.1872815191745758,0.541243314743042
0.4022132158279419,-0.1872815191745758,0.27018871903419495
0.4022132158279419,-0.2157885730266571,-0.0008659064769744873
0.4022132158279419,-0.2157885730266571,0.541243314743042
0.4022132158279419,-0.2442956119775772,0.27018871903419495
0.36581528186798096,-0.2442956119775772,-0.0008659064769744873
0.36581528186798096,-0.2442956119775772,0.541243314743042
0.36581528186798096,-0.2157885730266571,0.541243314743042
0.36581528186798096,-0.2157885730266571,-0.0008659064769744873
0.36581528186798096,-0.2442956119775772,0.27018871903419495
0.4022132158279419,-0.2157885730266571,0.27018871903419495
0.36581528186798096,-0.1872815191745758,0.27018871903419495
0.3294173777103424,-0.2157885730266571,0.27018871903419495
0.3294173777103424,-0.23004209995269775,-0.0008659064769744873
0.3294173777103424,-0.2442956119775772,0.4057160019874573
0.3294173777103424,-0.20153504610061646,0.541243314743042
0.3294173777103424,-0.1872815191745758,0.13466139137744904
0.3476163148880005,-0.1872815191745758,-0.0008659064769744873
0.3840142488479614,-0.1872815191745758,0.541243314743042
0.4022132158279419,-0.1872815191745758,0.13466139137744904
0.4022132158279419,-0.20153504610061646,-0.0008659064769744873
0.4022132158279419,-0.23004209995269775,0.541243314743042
0.4022132158279419,-0.2442956119775772,0.13466139137744904
0.3840142488479614,-0.2442956119775772,-0.0008659064769744873
0.3476163148880005,-0.2442956119775772,0.541243314743042
0.3294173777103424,-0.20153504610061646,-0.0008659064769744873
0.3294173777103424,-0.2442956119775772,0.13466139137744904
0.3294173777103424,-0.23004209995269775,0.541243314743042
0.3294173777103424,-0.1872815191745758,0.4057160019874573
0.3840142488479614,-0.1872815191745758,-0.0008659064769744873
0.3476163148880005,-0.1872815191745758,0.541243314743042
0.4022132158279419,-0.1872815191745758,0.4057160019874573
0.4022132158279419,-0.23004209995269775,-0.0008659064769744873
0.4022132158279419,-0.20153504610061646,0.541243314743042
0.4022132158279419,-0.2442956119775772,0.4057160019874573
0.3476163148880005,-0.2442956119775772,-0.0008659064769744873
0.3840142488479614,-0.2442956119775772,0.541243314743042
0.36581528186798096,-0.23004209995269775,0.541243314743042
0.36581528186798096,-0.20153504610061646,0.541243314743042
0.3840142488479614,-0.2157885730266571,0.541243314743042
0.3476163148880005,-0.2157885730266571,0.541243314743042
0.36581528186798096,-0.23004209995269775,-0.0008659064769744873
0.36581528186798096,-0.20153504610061646,-0.0008659064769744873
0.3476163148880005,-0.2157885730266571,-0.0008659064769744873
0.3840142488479614,-0.2157885730266571,-0.0008659064769744873
0.3476163148880005,-0.2442956119775772,0.27018871903419495
0.3840142488479614,-0.2442956119775772,0.27018871903419495
0.36581528186798096,-0.2442956119775772,0.13466139137744904
0.36581528186798096,-0.2442956119775772,0.4057160019874573
0.4022132158279419,-0.23004209995269775,0.27018871903419495
0.4022132158279419,-0.20153504610061646,0.27018871903419495
0.4022132158279419,-0.2157885730266571,0.13466139137744904
0.4022132158279419,-0.2157885730266571,0.4057160019874573
0.3840142488479614,-0.1872815191745758,0.27018871903419495
0.3476163148880005,-0.1872815191745758,0.27018871903419495
0.36581528186798096,-0.1872815191745758,0.13466139137744904
0.36581528186798096,-0.1872815191745758,0.4057160019874573
0.3294173777103424,-0.20153504610061646,0.27018871903419495
0.3294173777103424,-0.23004209995269775,0.27018871903419495
0.3294173777103424,-0.2157885730266571,0.13466139137744904
0.3294173777103424,-0.2157885730266571,0.4057160019874573
0.3294173777103424,-0.23004209995269775,0.4057160019874573
0.3294173777103424,-0.23004209995269775,0.13466139137744904
0.3294173777103424,-0.20153504610061646,0.13466139137744904
0.3476163148880005,-0.1872815191745758,0.4057160019874573
0.3476163148880005,-0.1872815191745758,0.13466139137744904
0.3840142488479614,-0.1872815191745758,0.13466139137744904
0.4022132158279419,-0.20153504610061646,0.4057160019874573
0.4022132158279419,-0.20153504610061646,0.13466139137744904
0.4022132158279419,-0.23004209995269775,0.13466139137744904
0.3840142488479614,-0.2442956119775772,0.4057160019874573
0.3840142488479614,-0.2442956119775772,0.13466139137744904
0.3476163148880005,-0.2442956119775772,0.13466139137744904
0.3840142488479614,-0.20153504610061646,-0.0008659064769744873
0.3476163148880005,-0.20153504610061646,-0.0008659064769744873
0.3476163148880005,-0.23004209995269775,-0.0008659064769744873
0.3476163148880005,-0.20153504610061646,0.541243314743042
0.3840142488479614,-0.20153504610061646,0.541243314743042
0.3840142488479614,-0.23004209995269775,0.541243314743042
0.3476163148880005,-0.23004209995269775,0.541243314743042
0.3840142488479614,-0.23004209995269775,-0.0008659064769744873
0.3476163148880005,-0.2442956119775772,0.4057160019874573
0.4022132158279419,-0.23004209995269775,0.4057160019874573
0.3840142488479614,-0.1872815191745758,0.4057160019874573
0.3294173777103424,-0.20153504610061646,0.4057160019874573
0.3294173777103424,-0.23716886341571808,-0.0008659064769744873
0.3294173777103424,-0.2442956119775772,0.47347965836524963
0.3294173777103424,-0.19440828263759613,0.541243314743042
0.3294173777103424,-0.1872815191745758,0.06689774245023727
0.33851683139801025,-0.1872815191745758,-0.0008659064769744873
0.39311373233795166,-0.1872815191745758,0.541243314743042
0.4022132158279419,-0.1872815191745758,0.06689774245023727
0.4022132158279419,-0.19440828263759613,-0.0008659064769744873
0.4022132158279419,-0.23716886341571808,0.541243314743042
0.4022132158279419,-0.2442956119775772,0.06689774245023727
0.39311373233795166,-0.2442956119775772,-0.0008659064769744873
0.33851683139801025,-0.2442956119775772,0.541243314743042
0.3294173777103424,-0.20866179466247559,-0.0008659064769744873
0.3294173777103424,-0.2442956119775772,0.2024250626564026
0.3294173777103424,-0.22291533648967743,0.541243314743042
0.3294173777103424,-0.1872815191745758,0.3379523754119873
0.3749147653579712,-0.1872815191745758,-0.0008659064769744873
0.3567157983779907,-0.1872815191745758,0.541243314743042
0.4022132158279419,-0.1872815191745758,0.3379523754119873
0.4022132158279419,-0.22291533648967743,-0.0008659064769744873
0.4022132158279419,-0.20866179466247559,0.541243314743042
0.4022132158279419,-0.2442956119775772,0.3379523754119873
0.3567157983779907,-0.2442956119775772,-0.0008659064769744873
0.3749147653579712,-0.2442956119775772,0.541243314743042
0.36581528186798096,-0.23716886341571808,0.541243314743042
0.36581528186798096,-0.20866179466247559,0.541243314743042
0.39311373233795166,-0.2157885730266571,0.541243314743042
0.3567157983779907,-0.2157885730266571,0.541243314743042
0.36581528186798096,-0.23716886341571808,-0.0008659064769744873
0.36581528186798096,-0.20866179466247559,-0.0008659064769744873
0.33851683139801025,-0.2157885730266571,-0.0008659064769744873
0.3749147653579712,-0.2157885730266571,-0.0008659064769744873
0.33851683139801025,-0.2442956119775772,0.27018871903419495
0.3749147653579712,-0.2442956119775772,0.27018871903419495
0.36581528186798096,-0.2442956119775772,0.06689774245023727
0.36581528186798096,-0.2442956119775772,0.3379523754119873
0.4022132158279419,-0.23716886341571808,0.27018871903419495
0.4022132158279419,-0.20866179466247559,0.27018871903419495
0.4022132158279419,-0.2157885730266571,0.06689774245023727
0.4022132158279419,-0.2157885730266571,0.3379523754119873
0.39311373233795166,-0.1872815191745758,0.27018871903419495
0.3567157983779907,-0.1872815191745758,0.27018871903419495
0.36581528186798096,-0.1872815191745758,0.06689774245023727
0.36581528186798096,-0.1872815191745758,0.3379523754119873
0.3294173777103424,-0.19440828263759613,0.27018871903419495
0.3294173777103424,-0.22291533648967743,0.27018871903419495
0.3294173777103424,-0.2157885730266571,0.06689774245023727
0.3294173777103424,-0.2157885730266571,0.3379523754119873
0.3294173777103424,-0.22291533648967743,-0.0008659064769744873
0.3294173777103424,-0.2442956119775772,0.3379523754119873
0.3294173777103424,-0.20866179466247559,0.541243314743042
0.3294173777103424,-0.1872815191745758,0.2024250626564026
0.3567157983779907,-0.1872815191745758,-0.0008659064769744873
0.3749147653579712,-0.1872815191745758,0.541243314743042
0.4022132158279419,-0.1872815191745758,0.2024250626564026
0.4022132158279419,-0.20866179466247559,-0.0008659064769744873
0.4022132158279419,-0.22291533648967743,0.541243314743042
0.4022132158279419,-0.2442956119775772,0.2024250626564026
0.3749147653579712,-0.2442956119775772,-0.0008659064769744873
0.3567157983779907,-0.2442956119775772,0.541243314743042
0.3294173777103424,-0.19440828263759613,-0.0008659064769744873
0.3294173777103424,-0.2442956119775772,0.06689774245023727
0.3294173777103424,-0.23716886341571808,0.541243314743042
0.3294173777103424,-0.1872815191745758,0.47347965836524963
0.39311373233795166,-0.1872815191745758,-0.0008659064769744873
0.33851683139801025,-0.1872815191745758,0.541243314743042
0.4022132158279419,-0.1872815191745758,0.47347965836524963
0.4022132158279419,-0.23716886341571808,-0.0008659064769744873
0.4022132158279419,-0.19440828263759613,0.541243314743042
0.4022132158279419,-0.2442956119775772,0.47347965836524963
0.33851683139801025,-0.2442956119775772,-0.0008659064769744873
0.39311373233795166,-0.2442956119775772,0.541243314743042
0.36581528186798096,-0.22291533648967743,0.541243314743042
0.36581528186798096,-0.19440828263759613,0.541243314743042
0.3749147653579712,-0.2157885730266571,0.541243314743042
0.33851683139801025,-0.2157885730266571,0.541243314743042
0.36581528186798096,-0.22291533648967743,-0.0008659064769744873
0.36581528186798096,-0.19440828263759613,-0.0008659064769744873
0.3567157983779907,-0.2157885730266571,-0.0008659064769744873
0.39311373233795166,-0.2157885730266571,-0.0008659064769744873
0.3567157983779907,-0.2442956119775772,0.27018871903419495
0.39311373233795166,-0.2442956119775772,0.27018871903419495
0.36581528186798096,-0.2442956119775772,0.2024250626564026
0.36581528186798096,-0.2442956119775772,0.47347965836524963
0.4022132158279419,-0.22291533648967743,0.27018871903419495
0.4022132158279419,-0.19440828263759613,0.27018871903419495
0.4022132158279419,-0.2157885730266571,0.2024250626564026
0.4022132158279419,-0.2157885730266571,0.47347965836524963
0.3749147653579712,-0.1872815191745758,0.27018871903419495
0.33851683139801025,-0.1872815191745758,0.27018871903419495
0.36581528186798096,-0.1872815191745758,0.2024250626564026
0.36581528186798096,-0.1872815191745758,0.47347965836524963
0.3294173777103424,-0.20866179466247559,0.27018871903419495
0.3294173777103424,-0.23716886341571808,0.27018871903419495
0.3294173777103424,-0.2157885730266571,0.2024250626564026
0.3294173777103424,-0.2157885730266571,0.47347965836524963
0.3294173777103424,-0.22291533648967743,0.4057160019874573
0.3294173777103424,-0.23716886341571808,0.4057160019874573
0.3294173777103424,-0.23004209995269775,0.3379523754119873
0.3294173777103424,-0.23004209995269775,0.47347965836524963
0.3294173777103424,-0.22291533648967743,0.13466139137744904
0.3294173777103424,-0.23716886341571808,0.13466139137744904
0.3294173777103424,-0.23004209995269775,0.06689774245023727
0.3294173777103424,-0.23004209995269775,0.2024250626564026
0.3294173777103424,-0.19440828263759613,0.13466139137744904
0.3294173777103424,-0.20866179466247559,0.13466139137744904
0.3294173777103424,-0.20153504610061646,0.06689774245023727
0.3294173777103424,-0.20153504610061646,0.2024250626564026
0.3567157983779907,-0.1872815191745758,0.4057160019874573
0.33851683139801025,-0.1872815191745758,0.4057160019874573
0.3476163148880005,-0.1872815191745758,0.3379523754119873
0.3476163148880005,-0.1872815191745758,0.47347965836524963
0.3567157983779907,-0.1872815191745758,0.13466139137744904
0.33851683139801025,-0.1872815191745758,0.13466139137744904
0.3476163148880005,-0.1872815191745758,0.06689774245023727
0.3476163148880005,-0.1872815191745758,0.2024250626564026
0.39311373233795166,-0.1872815191745758,0.13466139137744904
0.3749147653579712,-0.1872815191745758,0.13466139137744904
0.3840142488479614,-0.1872815191745758,0.06689774245023727
0.3840142488479614,-0.1872815191745758,0.2024250626564026
0.4022132158279419,-0.20866179466247559,0.4057160019874573
0.4022132158279419,-0.19440828263759613,0.4057160019874573
0.4022132158279419,-0.20153504610061646,0.3379523754119873
0.4022132158279419,-0.20153504610061646,0.47347965836524963
0.4022132158279419,-0.20866179466247559,0.13466139137744904
0.4022132158279419,-0.19440828263759613,0.13466139137744904
0.4022132158279419,-0.20153504610061646,0.06689774245023727
0.4022132158279419,-0.20153504610061646,0.2024250626564026
0.4022132158279419,-0.23716886341571808,0.13466139137744904
0.4022132158279419,-0.22291533648967743,0.13466139137744904
0.4022132158279419,-0.23004209995269775,0.06689774245023727
0.4022132158279419,-0.23004209995269775,0.2024250626564026
0.3749147653579712,-0.2442956119775772,0.4057160019874573
0.39311373233795166,-0.2442956119775772,0.4057160019874573
0.3840142488479614,-0.2442956119775772,0.3379523754119873
0.3840142488479614,-0.2442956119775772,0.47347965836524963
0.3749147653579712,-0.2442956119775772,0.13466139137744904
0.39311373233795166,-0.2442956119775772,0.13466139137744904
0.3840142488479614,-0.2442956119775772,0.06689774245023727
0.3840142488479614,-0.2442956119775772,0.2024250626564026
0.33851683139801025,-0.2442956119775772,0.13466139137744904
0.3567157983779907,-0.2442956119775772,0.13466139137744904
0.3476163148880005,-0.2442956119775772,0.06689774245023727
0.3476163148880005,-0.2442956119775772,0.2024250626564026
0.3840142488479614,-0.20866179466247559,-0.0008659064769744873
0.3840142488479614,-0.19440828263759613,-0.0008659064769744873
0.3749147653579712,-0.20153504610061646,-0.0008659064769744873
0.39311373233795166,-0.20153504610061646,-0.0008659064769744873
0.3476163148880005,-0.20866179466247559,-0.0008659064769744873
0.3476163148880005,-0.19440828263759613,-0.0008659064769744873
0.33851683139801025,-0.20153504610061646,-0.0008659064769744873
0.3567157983779907,-0.20153504610061646,-0.0008659064769744873
0.3476163148880005,-0.23716886341571808,-0.0008659064769744873
0.3476163148880005,-0.22291533648967743,-0.0008659064769744873
0.33851683139801025,-0.23004209995269775,-0.0008659064769744873
0.3567157983779907,-0.23004209995269775,-0.0008659064769744873
0.3476163148880005,-0.20866179466247559,0.541243314743042
0.3476163148880005,-0.19440828263759613,0.541243314743042
0.3567157983779907,-0.20153504610061646,0.541243314743042
0.33851683139801025,-0.20153504610061646,0.541243314743042
0.3840142488479614,-0.20866179466247559,0.541243314743042
0.3840142488479614,-0.19440828263759613,0.541243314743042
0.39311373233795166,-0.20153504610061646,0.541243314743042
0.3749147653579712,-0.20153504610061646,0.541243314743042
0.3840142488479614,-0.23716886341571808,0.541243314743042
0.3840142488479614,-0.22291533648967743,0.541243314743042
0.39311373233795166,-0.23004209995269775,0.541243314743042
0.3749147653579712,-0.23004209995269775,0.541243314743042
0.3476163148880005,-0.23716886341571808,0.541243314743042
0.3476163148880005,-0.22291533648967743,0.541243314743042
0.3567157983779907,-0.23004209995269775,0.541243314743042
0.33851683139801025,-0.23004209995269775,0.541243314743042
0.3840142488479614,-0.23716886341571808,-0.0008659064769744873
0.3840142488479614,-0.22291533648967743,-0.0008659064769744873
0.3749147653579712,-0.23004209995269775,-0.0008659064769744873
0.39311373233795166,-0.23004209995269775,-0.0008659064769744873
0.33851683139801025,-0.2442956119775772,0.4057160019874573
0.3567157983779907,-0.2442956119775772,0.4057160019874573
0.3476163148880005,-0.2442956119775772,0.3379523754119873
0.3476163148880005,-0.2442956119775772,0.47347965836524963
0.4022132158279419,-0.23716886341571808,0.4057160019874573
0.4022132158279419,-0.22291533648967743,0.4057160019874573
0.4022132158279419,-0.23004209995269775,0.3379523754119873
0.4022132158279419,-0.23004209995269775,0.47347965836524963
0.39311373233795166,-0.1872815191745758,0.4057160019874573
0.3749147653579712,-0.1872815191745758,0.4057160019874573
0.3840142488479614,-0.1872815191745758,0.3379523754119873
0.3840142488479614,-0.1872815191745758,0.47347965836524963
0.3294173777103424,-0.19440828263759613,0.4057160019874573
0.3294173777103424,-0.20866179466247559,0.4057160019874573
0.3294173777103424,-0.20153504610061646,0.3379523754119873
0.3294173777103424,-0.20153504610061646,0.47347965836524963
0.3294173777103424,-0.20866179466247559,0.47347965836524963
0.3294173777103424,-0.20866179466247559,0.3379523754119873
0.3294173777103424,-0.19440828263759613,0.3379523754119873
0.3749147653579712,-0.1872815191745758,0.47347965836524963
0.3749147653579712,-0.1872815191745758,0.3379523754119873
0.39311373233795166,-0.1872815191745758,0.3379523754119873
0.4022132158279419,-0.22291533648967743,0.47347965836524963
0.4022132158279419,-0.22291533648967743,0.3379523754119873
0.4022132158279419,-0.23716886341571808,0.3379523754119873
0.3567157983779907,-0.2442956119775772,0.47347965836524963
0.3567157983779907,-0.2442956119775772,0.3379523754119873
0.33851683139801025,-0.2442956119775772,0.3379523754119873
0.39311373233795166,-0.22291533648967743,-0.0008659064769744873
0.3749147653579712,-0.22291533648967743,-0.0008659064769744873
0.3749147653579712,-0.23716886341571808,-0.0008659064769744873
0.33851683139801025,-0.22291533648967743,0.541243314743042
0.3567157983779907,-0.22291533648967743,0.541243314743042
0.3567157983779907,-0.23716886341571808,0.541243314743042
0.3749147653579712,-0.22291533648967743,0.541243314743042
0.39311373233795166,-0.22291533648967743,0.541243314743042
0.39311373233795166,-0.23716886341571808,0.541243314743042
0.3749147653579712,-0.19440828263759613,0.541243314743042
0.39311373233795166,-0.19440828263759613,0.541243314743042
0.39311373233795166,-0.20866179466247559,0.541243314743042
0.33851683139801025,-0.19440828263759613,0.541243314743042
0.3567157983779907,-0.19440828263759613,0.541243314743042
0.3567157983779907,-0.20866179466247559,0.541243314743042
0.3567157983779907,-0.22291533648967743,-0.0008659064769744873
0.33851683139801025,-0.22291533648967743,-0.0008659064769744873
0.33851683139801025,-0.23716886341571808,-0.0008659064769744873
0.3567157983779907,-0.19440828263759613,-0.0008659064769744873
0.33851683139801025,-0.19440828263759613,-0.0008659064769744873
0.33851683139801025,-0.20866179466247559,-0.0008659064769744873
0.39311373233795166,-0.19440828263759613,-0.0008659064769744873
0.3749147653579712,-0.19440828263759613,-0.0008659064769744873
0.3749147653579712,-0.20866179466247559,-0.0008659064769744873
0.3567157983779907,-0.2442956119775772,0.2024250626564026
0.3567157983779907,-0.2442956119775772,0.06689774245023727
0.33851683139801025,-0.2442956119775772,0.06689774245023727
0.39311373233795166,-0.2442956119775772,0.2024250626564026
0.39311373233795166,-0.2442956119775772,0.06689774245023727
0.3749147653579712,-0.2442956119775772,0.06689774245023727
0.39311373233795166,-0.2442956119775772,0.47347965836524963
0.39311373233795166,-0.2442956119775772,0.3379523754119873
0.3749147653579712,-0.2442956119775772,0.3379523754119873
0.4022132158279419,-0.22291533648967743,0.2024250626564026
0.4022132158279419,-0.22291533648967743,0.06689774245023727
0.4022132158279419,-0.23716886341571808,0.06689774245023727
0.4022132158279419,-0.19440828263759613,0.2024250626564026
0.4022132158279419,-0.19440828263759613,0.06689774245023727
0.4022132158279419,-0.20866179466247559,0.06689774245023727
0.4022132158279419,-0.19440828263759613,0.47347965836524963
0.4022132158279419,-0.19440828263759613,0.3379523754119873
0.4022132158279419,-0.20866179466247559,0.3379523754119873
0.3749147653579712,-0.1872815191745758,0.2024250626564026
0.3749147653579712,-0.1872815191745758,0.06689774245023727
0.39311373233795166,-0.1872815191745758,0.06689774245023727
0.33851683139801025,-0.1872815191745758,0.2024250626564026
0.33851683139801025,-0.1872815191745758,0.06689774245023727
0.3567157983779907,-0.1872815191745758,0.06689774245023727
0.33851683139801025,-0.1872815191745758,0.47347965836524963
0.33851683139801025,-0.1872815191745758,0.3379523754119873
0.3567157983779907,-0.1872815191745758,0.3379523754119873
0.3294173777103424,-0.20866179466247559,0.2024250626564026
0.3294173777103424,-0.20866179466247559,0.06689774245023727
0.3294173777103424,-0.19440828263759613,0.06689774245023727
0.3294173777103424,-0.23716886341571808,0.2024250626564026
0.3294173777103424,-0.23716886341571808,0.06689774245023727
0.3294173777103424,-0.22291533648967743,0.06689774245023727
0.3294173777103424,-0.23716886341571808,0.47347965836524963
0.3294173777103424,-0.23716886341571808,0.3379523754119873
0.3294173777103424,-0.22291533648967743,0.3379523754119873
0.3294173777103424,-0.22291533648967743,0.47347965836524963
0.3294173777103424,-0.22291533648967743,0.2024250626564026
0.3294173777103424,-0.19440828263759613,0.2024250626564026
0.3567157983779907,-0.1872815191745758,0.47347965836524963
0.3567157983779907,-0.1872815191745758,0.2024250626564026
0.39311373233795166,-0.1872815191745758,0.2024250626564026
0.4022132158279419,-0.20866179466247559,0.47347965836524963
0.4022132158279419,-0.20866179466247559,0.2024250626564026
0.4022132158279419,-0.23716886341571808,0.2024250626564026
0.3749147653579712,-0.2442956119775772,0.47347965836524963
0.3749147653579712,-0.2442956119775772,0.2024250626564026
0.33851683139801025,-0.2442956119775772,0.2024250626564026
0.39311373233795166,-0.20866179466247559,-0.0008659064769744873
0.3567157983779907,-0.20866179466247559,-0.0008659064769744873
0.3567157983779907,-0.23716886341571808,-0.0008659064769744873
0.33851683139801025,-0.20866179466247559,0.541243314743042
0.3749147653579712,-0.20866179466247559,0.541243314743042
0.3749147653579712,-0.23716886341571808,0.541243314743042
0.33851683139801025,-0.23716886341571808,0.541243314743042
0.39311373233795166,-0.23716886341571808,-0.0008659064769744873
0.33851683139801025,-0.2442956119775772,0.47347965836524963
0.4022132158279419,-0.23716886341571808,0.47347965836524963
0.39311373233795166,-0.1872815191745758,0.47347965836524963
0.3294173777103424,-0.19440828263759613,0.47347965836524963
