0.572381317615509,0.21164532005786896,-0.0008659035083837807
0.572381317615509,0.21164532005786896,0.6079913973808289
0.572381317615509,0.32992497086524963,-0.0008659035083837807
0.572381317615509,0.32992497086524963,0.6079913973808289
0.6906609535217285,0.21164532005786896,-0.0008659035083837807
0.6906609535217285,0.21164532005786896,0.6079913973808289
0.6906609535217285,0.32992497086524963,-0.0008659035083837807
0.6906609535217285,0.32992497086524963,0.6079913973808289
0.572381317615509,0.2707851529121399,-0.0008659035083837807
0.572381317615509,0.21164532005786896,0.303562730550766
0.572381317615509,0.2707851529121399,0.6079913973808289
0.572381317615509,0.32992497086524963,0.303562730550766
0.6315211057662964,0.32992497086524963,-0.0008659035083837807
0.6315211057662964,0.32992497086524963,0.6079913973808289
0.6906609535217285,0.32992497086524963,0.303562730550766
0.6906609535217285,0.2707851529121399,-0.0008659035083837807
0.6906609535217285,0.2707851529121399,0.6079913973808289
0.6906609535217285,0.21164532005786896,0.303562730550766
0.6315211057662964,0.21164532005786896,-0.0008659035083837807
0.6315211057662964,0.21164532005786896,0.6079913973808289
0.6315211057662964,0.2707851529121399,0.6079913973808289
0.6315211057662964,0.2707851529121399,-0.0008659035083837807
0.6315211057662964,0.21164532005786896,0.303562730550766
0.6906609535217285,0.2707851529121399,0.303562730550766
0.6315211057662964,0.32992497086524963,0.303562730550766
0.572381317615509,0.2707851529121399,0.303562730550766
0.572381317615509,0.24121522903442383,-0.0008659035083837807
0.572381317615509,0.21164532005786896,0.45577704906463623
0.572381317615509,0.30035504698753357,0.6079913973808289
0.572381317615509,0.32992497086524963,0.15134841203689575
0.6019511818885803,0.32992497086524963,-0.0008659035083837807
0.6610910296440125,0.32992497086524963,0.6079913973808289
0.6906609535217285,0.32992497086524963,0.15134841203689575
0.6906609535217285,0.30035504698753357,-0.0008659035083837807
0.6906609535217285,0.24121522903442383,0.6079913973808289
0.6906609535217285,0.21164532005786896,0.15134841203689575
0.6610910296440125,0.21164532005786896,-0.0008659035083837807
0.6019511818885803,0.21164532005786896,0.6079913973808289
0.572381317615509,0.30035504698753357,-0.0008659035083837807
0.572381317615509,0.21164532005786896,0.15134841203689575
0.572381317615509,0.24121522903442383,0.6079913973808289
0.572381317615509,0.32992497086524963,0.45577704906463623
0.6610910296440125,0.32992497086524963,-0.0008659035083837807
0.6019511818885803,0.32992497086524963,0.6079913973808289
0.6906609535217285,0.32992497086524963,0.45577704906463623
0.6906609535217285,0.24121522903442383,-0.0008659035083837807
0.6906609535217285,0.30035504698753357,0.6079913973808289
0.6906609535217285,0.21164532005786896,0.45577704906463623
0.6019511818885803,0.21164532005786896,-0.0008659035083837807
0.6610910296440125,0.21164532005786896,0.6079913973808289
0.6315211057662964,0.24121522903442383,0.6079913973808289
0.6315211057662964,0.30035504698753357,0.6079913973808289
0.6610910296440125,0.2707851529121399,0.6079913973808289
0.6019511818885803,0.2707851529121399,0.6079913973808289
0.6315211057662964,0.24121522903442383,-0.0008659035083837807
0.6315211057662964,0.30035504698753357,-0.0008659035083837807
0.6019511818885803,0.2707851529121399,-0.0008659035083837807
0.6610910296440125,0.2707851529121399,-0.0008659035083837807
0.6019511818885803,0.21164532005786896,0.303562730550766
0.6610910296440125,0.21164532005786896,0.303562730550766
0.6315211057662964,0.21164532005786896,0.15134841203689575
0.6315211057662964,0.21164532005786896,0.45577704906463623
0.6906609535217285,0.24121522903442383,0.303562730550766
0.6906609535217285,0.30035504698753357,0.303562730550766
0.6906609535217285,0.2707851529121399,0.15134841203689575
0.6906609535217285,0.2707851529121399,0.45577704906463623
0.6610910296440125,0.32992497086524963,0.303562730550766
0.6019511818885803,0.32992497086524963,0.303562730550766
0.6315211057662964,0.32992497086524963,0.15134841203689575
0.6315211057662964,0.32992497086524963,0.45577704906463623
0.572381317615509,0.30035504698753357,0.303562730550766
0.572381317615509,0.24121522903442383,0.303562730550766
0.572381317615509,0.2707851529121399,0.15134841203689575
0.572381317615509,0.2707851529121399,0.45577704906463623
0.572381317615509,0.24121522903442383,0.45577704906463623
0.572381317615509,0.24121522903442383,0.15134841203689575
0.572381317615509,0.30035504698753357,0.15134841203689575
0.6019511818885803,0.32992497086524963,0.45577704906463623
0.6019511818885803,0.32992497086524963,0.15134841203689575
0.6610910296440125,0.32992497086524963,0.15134841203689575
0.6906609535217285,0.30035504698753357,0.45577704906463623
0.6906609535217285,0.30035504698753357,0.15134841203689575
0.6906609535217285,0.24121522903442383,0.15134841203689575
0.6610910296440125,0.21164532005786896,0.45577704906463623
0.6610910296440125,0.21164532005786896,0.15134841203689575
0.6019511818885803,0.21164532005786896,0.15134841203689575
0.6610910296440125,0.30035504698753357,-0.0008659035083837807
0.6019511818885803,0.30035504698753357,-0.0008659035083837807
0.6019511818885803,0.24121522903442383,-0.0008659035083837807
0.6019511818885803,0.30035504698753357,0.6079913973808289
0.6610910296440125,0.30035504698753357,0.6079913973808289
0.6610910296440125,0.24121522903442383,0.6079913973808289
0.6019511818885803,0.24121522903442383,0.6079913973808289
0.6610910296440125,0.24121522903442383,-0.0008659035083837807
0.6019511818885803,0.21164532005786896,0.45577704906463623
0.6906609535217285,0.24121522903442383,0.45577704906463623
0.6610910296440125,0.32992497086524963,0.45577704906463623
0.572381317615509,0.30035504698753357,0.45577704906463623
0.572381317615509,0.226430281996727,-0.0008659035083837807
0.572381317615509,0.21164532005786896,0.5318841934204102
0.572381317615509,0.3151400089263916,0.6079913973808289
0.572381317615509,0.32992497086524963,0.07524125277996063
0.5871662497520447,0.32992497086524963,-0.0008659035083837807
0.6758760213851929,0.32992497086524963,0.6079913973808289
0.6906609535217285,0.32992497086524963,0.07524125277996063
0.6906609535217285,0.3151400089263916,-0.0008659035083837807
0.6906609535217285,0.226430281996727,0.6079913973808289
0.6906609535217285,0.21164532005786896,0.07524125277996063
0.6758760213851929,0.21164532005786896,-0.0008659035083837807
0.5871662497520447,0.21164532005786896,0.6079913973808289
0.572381317615509,0.2855701148509979,-0.0008659035083837807
0.572381317615509,0.21164532005786896,0.22745558619499207
0.572381317615509,0.25600019097328186,0.6079913973808289
0.572381317615509,0.32992497086524963,0.3796699047088623
0.6463060975074768,0.32992497086524963,-0.0008659035083837807
0.6167361736297607,0.32992497086524963,0.6079913973808289
0.6906609535217285,0.32992497086524963,0.3796699047088623
0.6906609535217285,0.25600019097328186,-0.0008659035083837807
0.6906609535217285,0.2855701148509979,0.6079913973808289
0.6906609535217285,0.21164532005786896,0.3796699047088623
0.6167361736297607,0.21164532005786896,-0.0008659035083837807
0.6463060975074768,0.21164532005786896,0.6079913973808289
0.6315211057662964,0.226430281996727,0.6079913973808289
0.6315211057662964,0.2855701148509979,0.6079913973808289
0.6758760213851929,0.2707851529121399,0.6079913973808289
0.6167361736297607,0.2707851529121399,0.6079913973808289
0.6315211057662964,0.226430281996727,-0.0008659035083837807
0.6315211057662964,0.2855701148509979,-0.0008659035083837807
0.5871662497520447,0.2707851529121399,-0.0008659035083837807
0.6463060975074768,0.2707851529121399,-0.0008659035083837807
0.5871662497520447,0.21164532005786896,0.303562730550766
0.6463060975074768,0.21164532005786896,0.303562730550766
0.6315211057662964,0.21164532005786896,0.07524125277996063
0.6315211057662964,0.21164532005786896,0.3796699047088623
0.6906609535217285,0.226430281996727,0.303562730550766
0.6906609535217285,0.2855701148509979,0.303562730550766
0.6906609535217285,0.2707851529121399,0.07524125277996063
0.6906609535217285,0.2707851529121399,0.3796699047088623
0.6758760213851929,0.32992497086524963,0.303562730550766
0.6167361736297607,0.32992497086524963,0.303562730550766
0.6315211057662964,0.32992497086524963,0.07524125277996063
0.6315211057662964,0.32992497086524963,0.3796699047088623
0.572381317615509,0.3151400089263916,0.303562730550766
0.572381317615509,0.25600019097328186,0.303562730550766
0.572381317615509,0.2707851529121399,0.07524125277996063
0.572381317615509,0.2707851529121399,0.3796699047088623
0.572381317615509,0.25600019097328186,-0.0008659035083837807
0.572381317615509,0.21164532005786896,0.3796699047088623
0.572381317615509,0.2855701148509979,0.6079913973808289
0.572381317615509,0.32992497086524963,0.22745558619499207
0.6167361736297607,0.32992497086524963,-0.0008659035083837807
0.6463060975074768,0.32992497086524963,0.6079913973808289
0.6906609535217285,0.32992497086524963,0.22745558619499207
0.6906609535217285,0.2855701148509979,-0.0008659035083837807
0.6906609535217285,0.25600019097328186,0.6079913973808289
0.6906609535217285,0.21164532005786896,0.22745558619499207
0.6463060975074768,0.21164532005786896,-0.0008659035083837807
0.6167361736297607,0.21164532005786896,0.6079913973808289
0.572381317615509,0.3151400089263916,-0.0008659035083837807
0.572381317615509,0.21164532005786896,0.07524125277996063
0.572381317615509,0.226430281996727,0.6079913973808289
0.572381317615509,0.32992497086524963,0.5318841934204102
0.6758760213851929,0.32992497086524963,-0.0008659035083837807
0.5871662497520447,0.32992497086524963,0.6079913973808289
0.6906609535217285,0.32992497086524963,0.5318841934204102
0.6906609535217285,0.226430281996727,-0.0008659035083837807
0.6906609535217285,0.3151400089263916,0.6079913973808289
0.6906609535217285,0.21164532005786896,0.5318841934204102
0.5871662497520447,0.21164532005786896,-0.0008659035083837807
0.6758760213851929,0.21164532005786896,0.6079913973808289
0.6315211057662964,0.25600019097328186,0.6079913973808289
0.6315211057662964,0.3151400089263916,0.6079913973808289
0.6463060975074768,0.2707851529121399,0.6079913973808289
0.5871662497520447,0.2707851529121399,0.6079913973808289
0.6315211057662964,0.25600019097328186,-0.0008659035083837807
0.6315211057662964,0.3151400089263916,-0.0008659035083837807
0.6167361736297607,0.2707851529121399,-0.0008659035083837807
0.6758760213851929,0.2707851529121399,-0.0008659035083837807
0.6167361736297607,0.21164532005786896,0.303562730550766
0.6758760213851929,0.21164532005786896,0.303562730550766
0.6315211057662964,0.21164532005786896,0.22745558619499207
0.6315211057662964,0.21164532005786896,0.5318841934204102
0.6906609535217285,0.25600019097328186,0.303562730550766
0.6906609535217285,0.3151400089263916,0.303562730550766
0.6906609535217285,0.2707851529121399,0.22745558619499207
0.6906609535217285,0.2707851529121399,0.5318841934204102
0.6463060975074768,0.32992497086524963,0.303562730550766
0.5871662497520447,0.32992497086524963,0.303562730550766
0.6315211057662964,0.32992497086524963,0.22745558619499207
0.6315211057662964,0.32992497086524963,0.5318841934204102
0.572381317615509,0.2855701148509979,0.303562730550766
0.572381317615509,0.226430281996727,0.303562730550766
0.572381317615509,0.2707851529121399,0.22745558619499207
0.572381317615509,0.2707851529121399,0.5318841934204102
0.572381317615509,0.25600019097328186,0.45577704906463623
0.572381317615509,0.226430281996727,0.45577704906463623
0.572381317615509,0.24121522903442383,0.3796699047088623
0.572381317615509,0.24121522903442383,0.5318841934204102
0.572381317615509,0.25600019097328186,0.15134841203689575
0.572381317615509,0.226430281996727,0.15134841203689575
0.572381317615509,0.24121522903442383,0.07524125277996063
0.572381317615509,0.24121522903442383,0.22745558619499207
0.572381317615509,0.3151400089263916,0.15134841203689575
0.572381317615509,0.2855701148509979,0.15134841203689575
0.572381317615509,0.30035504698753357,0.07524125277996063
0.572381317615509,0.30035504698753357,0.22745558619499207
0.6167361736297607,0.32992497086524963,0.45577704906463623
0.5871662497520447,0.32992497086524963,0.45577704906463623
0.6019511818885803,0.32992497086524963,0.3796699047088623
0.6019511818885803,0.32992497086524963,0.5318841934204102
0.6167361736297607,0.32992497086524963,0.15134841203689575
0.5871662497520447,0.32992497086524963,0.15134841203689575
0.6019511818885803,0.32992497086524963,0.07524125277996063
0.6019511818885803,0.32992497086524963,0.22745558619499207
0.6758760213851929,0.32992497086524963,0.15134841203689575
0.6463060975074768,0.32992497086524963,0.15134841203689575
0.6610910296440125,0.32992497086524963,0.07524125277996063
0.6610910296440125,0.32992497086524963,0.22745558619499207
0.6906609535217285,0.2855701148509979,0.45577704906463623
0.6906609535217285,0.3151400089263916,0.45577704906463623
0.6906609535217285,0.30035504698753357,0.3796699047088623
0.6906609535217285,0.30035504698753357,0.5318841934204102
0.6906609535217285,0.2855701148509979,0.15134841203689575
0.6906609535217285,0.3151400089263916,0.15134841203689575
0.6906609535217285,0.30035504698753357,0.07524125277996063
0.6906609535217285,0.30035504698753357,0.22745558619499207
0.6906609535217285,0.226430281996727,0.15134841203689575
0.6906609535217285,0.25600019097328186,0.15134841203689575
0.6906609535217285,0.24121522903442383,0.07524125277996063
0.6906609535217285,0.24121522903442383,0.22745558619499207
0.6463060975074768,0.21164532005786896,0.45577704906463623
0.6758760213851929,0.21164532005786896,0.45577704906463623
0.6610910296440125,0.21164532005786896,0.3796699047088623
0.6610910296440125,0.21164532005786896,0.5318841934204102
0.6463060975074768,0.21164532005786896,0.15134841203689575
0.6758760213851929,0.21164532005786896,0.15134841203689575
0.6610910296440125,0.21164532005786896,0.07524125277996063
0.6610910296440125,0.21164532005786896,0.22745558619499207
0.5871662497520447,0.21164532005786896,0.15134841203689575
0.6167361736297607,0.21164532005786896,0.15134841203689575
0.6019511818885803,0.21164532005786896,0.07524125277996063
0.6019511818885803,0.21164532005786896,0.22745558619499207
0.6610910296440125,0.2855701148509979,-0.0008659035083837807
0.6610910296440125,0.3151400089263916,-0.0008659035083837807
0.6463060975074768,0.30035504698753357,-0.0008659035083837807
0.6758760213851929,0.30035504698753357,-0.0008659035083837807
0.6019511818885803,0.2855701148509979,-0.0008659035083837807
0.6019511818885803,0.3151400089263916,-0.0008659035083837807
0.5871662497520447,0.30035504698753357,-0.0008659035083837807
0.6167361736297607,0.30035504698753357,-0.0008659035083837807
0.6019511818885803,0.226430281996727,-0.0008659035083837807
0.6019511818885803,0.25600019097328186,-0.0008659035083837807
0.5871662497520447,0.24121522903442383,-0.0008659035083837807
0.6167361736297607,0.24121522903442383,-0.0008659035083837807
0.6019511818885803,0.2855701148509979,0.6079913973808289
0.6019511818885803,0.3151400089263916,0.6079913973808289
0.6167361736297607,0.30035504698753357,0.6079913973808289
0.5871662497520447,0.30035504698753357,0.6079913973808289
0.6610910296440125,0.2855701148509979,0.6079913973808289
0.6610910296440125,0.3151400089263916,0.6079913973808289
0.6758760213851929,0.30035504698753357,0.6079913973808289
0.6463060975074768,0.30035504698753357,0.6079913973808289
0.6610910296440125,0.226430281996727,0.6079913973808289
0.6610910296440125,0.25600019097328186,0.6079913973808289
0.6758760213851929,0.24121522903442383,0.6079913973808289
0.6463060975074768,0.24121522903442383,0.6079913973808289
0.6019511818885803,0.226430281996727,0.6079913973808289
0.6019511818885803,0.25600019097328186,0.6079913973808289
0.6167361736297607,0.24121522903442383,0.6079913973808289
0.5871662497520447,0.24121522903442383,0.6079913973808289
0.6610910296440125,0.226430281996727,-0.0008659035083837807
0.6610910296440125,0.25600019097328186,-0.0008659035083837807
0.6463060975074768,0.24121522903442383,-0.0008659035083837807
0.6758760213851929,0.24121522903442383,-0.0008659035083837807
0.5871662497520447,0.21164532005786896,0.45577704906463623
0.6167361736297607,0.21164532005786896,0.45577704906463623
0.6019511818885803,0.21164532005786896,0.3796699047088623
0.6019511818885803,0.21164532005786896,0.5318841934204102
0.6906609535217285,0.226430281996727,0.45577704906463623
0.6906609535217285,0.25600019097328186,0.45577704906463623
0.6906609535217285,0.24121522903442383,0.3796699047088623
0.6906609535217285,0.24121522903442383,0.5318841934204102
0.6758760213851929,0.32992497086524963,0.45577704906463623
0.6463060975074768,0.32992497086524963,0.45577704906463623
0.6610910296440125,0.32992497086524963,0.3796699047088623
0.6610910296440125,0.32992497086524963,0.5318841934204102
0.572381317615509,0.3151400089263916,0.45577704906463623
0.572381317615509,0.2855701148509979,0.45577704906463623
0.572381317615509,0.30035504698753357,0.3796699047088623
0.572381317615509,0.30035504698753357,0.5318841934204102
0.572381317615509,0.2855701148509979,0.5318841934204102
0.572381317615509,0.2855701148509979,0.3796699047088623
0.572381317615509,0.3151400089263916,0.3796699047088623
0.6463060975074768,0.32992497086524963,0.5318841934204102
0.6463060975074768,0.32992497086524963,0.3796699047088623
0.6758760213851929,0.32992497086524963,0.3796699047088623
0.6906609535217285,0.25600019097328186,0.5318841934204102
0.6906609535217285,0.25600019097328186,0.3796699047088623
0.6906609535217285,0.226430281996727,0.3796699047088623
0.6167361736297607,0.21164532005786896,0.5318841934204102
0.6167361736297607,0.21164532005786896,0.3796699047088623
0.5871662497520447,0.21164532005786896,0.3796699047088623
0.6758760213851929,0.25600019097328186,-0.0008659035083837807
0.6463060975074768,0.25600019097328186,-0.0008659035083837807
0.6463060975074768,0.226430281996727,-0.0008659035083837807
0.5871662497520447,0.25600019097328186,0.6079913973808289
0.6167361736297607,0.25600019097328186,0.6079913973808289
0.6167361736297607,0.226430281996727,0.6079913973808289
0.6463060975074768,0.25600019097328186,0.6079913973808289
0.6758760213851929,0.25600019097328186,0.6079913973808289
0.6758760213851929,0.226430281996727,0.6079913973808289
0.6463060975074768,0.3151400089263916,0.6079913973808289
0.6758760213851929,0.3151400089263916,0.6079913973808289
0.6758760213851929,0.2855701148509979,0.6079913973808289
0.5871662497520447,0.3151400089263916,0.6079913973808289
0.6167361736297607,0.3151400089263916,0.6079913973808289
0.6167361736297607,0.2855701148509979,0.6079913973808289
0.6167361736297607,0.25600019097328186,-0.0008659035083837807
0.5871662497520447,0.25600019097328186,-0.0008659035083837807
0.5871662497520447,0.226430281996727,-0.0008659035083837807
0.6167361736297607,0.3151400089263916,-0.0008659035083837807
0.5871662497520447,0.3151400089263916,-0.0008659035083837807
0.5871662497520447,0.2855701148509979,-0.0008659035083837807
0.6758760213851929,0.3151400089263916,-0.0008659035083837807
0.6463060975074768,0.3151400089263916,-0.0008659035083837807
0.6463060975074768,0.2855701148509979,-0.0008659035083837807
0.6167361736297607,0.21164532005786896,0.22745558619499207
0.6167361736297607,0.21164532005786896,0.07524125277996063
0.5871662497520447,0.21164532005786896,0.07524125277996063
0.6758760213851929,0.21164532005786896,0.22745558619499207
0.6758760213851929,0.21164532005786896,0.07524125277996063
0.6463060975074768,0.21164532005786896,0.07524125277996063
0.6758760213851929,0.21164532005786896,0.5318841934204102
0.6758760213851929,0.21164532005786896,0.3796699047088623
0.6463060975074768,0.21164532005786896,0.3796699047088623
0.6906609535217285,0.25600019097328186,0.22745558619499207
0.6906609535217285,0.25600019097328186,0.07524125277996063
0.6906609535217285,0.226430281996727,0.07524125277996063
0.6906609535217285,0.3151400089263916,0.22745558619499207
0.6906609535217285,0.3151400089263916,0.07524125277996063
0.6906609535217285,0.2855701148509979,0.07524125277996063
0.6906609535217285,0.3151400089263916,0.5318841934204102
0.6906609535217285,0.3151400089263916,0.3796699047088623
0.6906609535217285,0.2855701148509979,0.3796699047088623
0.6463060975074768,0.32992497086524963,0.22745558619499207
0.6463060975074768,0.32992497086524963,0.07524125277996063
0.6758760213851929,0.32992497086524963,0.07524125277996063
0.5871662497520447,0.32992497086524963,0.22745558619499207
0.5871662497520447,0.32992497086524963,0.07524125277996063
0.6167361736297607,0.32992497086524963,0.07524125277996063
0.5871662497520447,0.32992497086524963,0.5318841934204102
0.5871662497520447,0.32992497086524963,0.3796699047088623
0.6167361736297607,0.32992497086524963,0.3796699047088623
0.572381317615509,0.2855701148509979,0.22745558619499207
0.572381317615509,0.2855701148509979,0.07524125277996063
0.572381317615509,0.3151400089263916,0.07524125277996063
0.572381317615509,0.226430281996727,0.22745558619499207
0.572381317615509,0.226430281996727,0.07524125277996063
0.572381317615509,0.25600019097328186,0.07524125277996063
0.572381317615509,0.226430281996727,0.5318841934204102
0.572381317615509,0.226430281996727,0.3796699047088623
0.572381317615509,0.25600019097328186,0.3796699047088623
0.572381317615509,0.25600019097328186,0.5318841934204102
0.572381317615509,0.25600019097328186,0.22745558619499207
0.572381317615509,0.3151400089263916,0.22745558619499207
0.6167361736297607,0.32992497086524963,0.5318841934204102
0.6167361736297607,0.32992497086524963,0.22745558619499207
0.6758760213851929,0.32992497086524963,0.22745558619499207
0.6906609535217285,0.2855701148509979,0.5318841934204102
0.6906609535217285,0.2855701148509979,0.22745558619499207
0.6906609535217285,0.226430281996727,0.22745558619499207
0.6463060975074768,0.21164532005786896,0.5318841934204102
0.6463060975074768,0.21164532005786896,0.22745558619499207
0.5871662497520447,0.21164532005786896,0.22745558619499207
0.6758760213851929,0.2855701148509979,-0.0008659035083837807
0.6167361736297607,0.2855701148509979,-0.0008659035083837807
0.6167361736297607,0.226430281996727,-0.0008659035083837807
0.5871662497520447,0.2855701148509979,0.6079913973808289
0.6463060975074768,0.2855701148509979,0.6079913973808289
0.6463060975074768,0.226430281996727,0.6079913973808289
0.5871662497520447,0.226430281996727,0.6079913973808289
0.6758760213851929,0.226430281996727,-0.0008659035083837807
0.5871662497520447,0.21164532005786896,0.5318841934204102
0.6906609535217285,0.226430281996727,0.5318841934204102
0.6758760213851929,0.32992497086524963,0.5318841934204102
0.572381317615509,0.3151400089263916,0.5318841934204102
