0.08694852143526077,0.1117170974612236,-0.0008659064769744873
0.08694852143526077,0.1117170974612236,0.541243314743042
0.08694852143526077,0.1687311977148056,-0.0008659064769744873
0.08694852143526077,0.1687311977148056,0.541243314743042
0.15974433720111847,0.1117170974612236,-0.0008659064769744873
0.15974433720111847,0.1117170974612236,0.541243314743042
0.15974433720111847,0.1687311977148056,-0.0008659064769744873
0.15974433720111847,0.1687311977148056,0.541243314743042
0.08694852143526077,0.1402241587638855,-0.0008659064769744873
0.08694852143526077,0.1117170974612236,0.27018871903419495
0.08694852143526077,0.1402241587638855,0.541243314743042
0.08694852143526077,0.1687311977148056,0.27018871903419495
0.12334641069173813,0.1687311977148056,-0.0008659064769744873
0.12334641069173813,0.1687311977148056,0.541243314743042
0.15974433720111847,0.1687311977148056,0.27018871903419495
0.15974433720111847,0.1402241587638855,-0.0008659064769744873
0.15974433720111847,0.1402241587638855,0.541243314743042
0.15974433720111847,0.1117170974612236,0.27018871903419495
0.12334641069173813,0.1117170974612236,-0.0008659064769744873
0.12334641069173813,0.1117170974612236,0.541243314743042
0.12334641069173813,0.1402241587638855,0.541243314743042
0.12334641069173813,0.1402241587638855,-0.0008659064769744873
0.12334641069173813,0.1117170974612236,0.27018871903419495
0.15974433720111847,0.1402241587638855,0.27018871903419495
0.12334641069173813,0.1687311977148056,0.27018871903419495
0.08694852143526077,0.1402241587638855,0.27018871903419495
0.08694852143526077,0.12597061693668365,-0.0008659064769744873
0.08694852143526077,0.1117170974612236,0.4057160019874573
0.08694852143526077,0.15447767078876495,0.541243314743042
0.08694852143526077,0.1687311977148056,0.13466139137744904
0.10514745116233826,0.1687311977148056,-0.0008659064769744873
0.1415453851222992,0.1687311977148056,0.541243314743042
0.15974433720111847,0.1687311977148056,0.13466139137744904
0.15974433720111847,0.15447767078876495,-0.0008659064769744873
0.15974433720111847,0.12597061693668365,0.541243314743042
0.15974433720111847,0.1117170974612236,0.13466139137744904
0.1415453851222992,0.1117170974612236,-0.0008659064769744873
0.10514745116233826,0.1117170974612236,0.541243314743042
0.08694852143526077,0.15447767078876495,-0.0008659064769744873
0.08694852143526077,0.1117170974612236,0.13466139137744904
0.08694852143526077,0.12597061693668365,0.541243314743042
0.08694852143526077,0.1687311977148056,0.4057160019874573
0.1415453851222992,0.1687311977148056,-0.0008659064769744873
0.10514745116233826,0.1687311977148056,0.541243314743042
0.15974433720111847,0.1687311977148056,0.4057160019874573
0.15974433720111847,0.12597061693668365,-0.0008659064769744873
0.15974433720111847,0.15447767078876495,0.541243314743042
0.15974433720111847,0.1117170974612236,0.4057160019874573
0.10514745116233826,0.1117170974612236,-0.0008659064769744873
0.1415453851222992,0.1117170974612236,0.541243314743042
0.12334641069173813,0.12597061693668365,0.541243314743042
0.12334641069173813,0.15447767078876495,0.541243314743042
0.1415453851222992,0.1402241587638855,0.541243314743042
0.10514745116233826,0.1402241587638855,0.541243314743042
0.12334641069173813,0.12597061693668365,-0.0008659064769744873
0.12334641069173813,0.15447767078876495,-0.0008659064769744873
0.10514745116233826,0.1402241587638855,-0.0008659064769744873
0.1415453851222992,0.1402241587638855,-0.0008659064769744873
0.10514745116233826,0.1117170974612236,0.27018871903419495
0.1415453851222992,0.1117170974612236,0.27018871903419495
0.12334641069173813,0.1117170974612236,0.13466139137744904
0.12334641069173813,0.1117170974612236,0.4057160019874573
0.15974433720111847,0.12597061693668365,0.27018871903419495
0.15974433720111847,0.15447767078876495,0.27018871903419495
0.15974433720111847,0.1402241587638855,0.13466139137744904
0.15974433720111847,0.1402241587638855,0.4057160019874573
0.1415453851222992,0.1687311977148056,0.27018871903419495
0.10514745116233826,0.1687311977148056,0.27018871903419495
0.12334641069173813,0.1687311977148056,0.13466139137744904
0.12334641069173813,0.1687311977148056,0.4057160019874573
0.08694852143526077,0.15447767078876495,0.27018871903419495
0.08694852143526077,0.12597061693668365,0.27018871903419495
0.08694852143526077,0.1402241587638855,0.13466139137744904
0.08694852143526077,0.1402241587638855,0.4057160019874573
0.08694852143526077,0.12597061693668365,0.4057160019874573
0.08694852143526077,0.12597061693668365,0.13466139137744904
0.08694852143526077,0.15447767078876495,0.13466139137744904
0.10514745116233826,0.1687311977148056,0.4057160019874573
0.10514745116233826,0.1687311977148056,0.13466139137744904
0.1415453851222992,0.1687311977148056,0.13466139137744904
0.15974433720111847,0.15447767078876495,0.4057160019874573
0.15974433720111847,0.15447767078876495,0.13466139137744904
0.15974433720111847,0.12597061693668365,0.13466139137744904
0.1415453851222992,0.1117170974612236,0.4057160019874573
0.1415453851222992,0.1117170974612236,0.13466139137744904
0.10514745116233826,0.1117170974612236,0.13466139137744904
0.1415453851222992,0.15447767078876495,-0.0008659064769744873
0.10514745116233826,0.15447767078876495,-0.0008659064769744873
0.10514745116233826,0.12597061693668365,-0.0008659064769744873
0.10514745116233826,0.15447767078876495,0.541243314743042
0.1415453851222992,0.15447767078876495,0.541243314743042
0.1415453851222992,0.12597061693668365,0.541243314743042
0.10514745116233826,0.12597061693668365,0.541243314743042
0.1415453851222992,0.12597061693668365,-0.0008659064769744873
0.10514745116233826,0.1117170974612236,0.4057160019874573
0.15974433720111847,0.12597061693668365,0.4057160019874573
0.1415453851222992,0.1687311977148056,0.4057160019874573
0.08694852143526077,0.15447767078876495,0.4057160019874573
0.08694852143526077,0.11884386837482452,-0.0008659064769744873
0.08694852143526077,0.1117170974612236,0.47347965836524963
0.08694852143526077,0.16160443425178528,0.541243314743042
0.08694852143526077,0.1687311977148056,0.06689774245023727
0.09604798257350922,0.1687311977148056,-0.0008659064769744873
0.15064488351345062,0.1687311977148056,0.541243314743042
0.15974433720111847,0.1687311977148056,0.06689774245023727
0.15974433720111847,0.16160443425178528,-0.0008659064769744873
0.15974433720111847,0.11884386837482452,0.541243314743042
0.15974433720111847,0.1117170974612236,0.06689774245023727
0.15064488351345062,0.1117170974612236,-0.0008659064769744873
0.09604798257350922,0.1117170974612236,0.541243314743042
0.08694852143526077,0.14735092222690582,-0.0008659064769744873
0.08694852143526077,0.1117170974612236,0.2024250626564026
0.08694852143526077,0.13309739530086517,0.541243314743042
0.08694852143526077,0.1687311977148056,0.3379523754119873
0.13244591653347015,0.1687311977148056,-0.0008659064769744873
0.11424694955348969,0.1687311977148056,0.541243314743042
0.15974433720111847,0.1687311977148056,0.3379523754119873
0.15974433720111847,0.13309739530086517,-0.0008659064769744873
0.15974433720111847,0.14735092222690582,0.541243314743042
0.15974433720111847,0.1117170974612236,0.3379523754119873
0.11424694955348969,0.1117170974612236,-0.0008659064769744873
0.13244591653347015,0.1117170974612236,0.541243314743042
0.12334641069173813,0.11884386837482452,0.541243314743042
0.12334641069173813,0.14735092222690582,0.541243314743042
0.15064488351345062,0.1402241587638855,0.541243314743042
0.11424694955348969,0.1402241587638855,0.541243314743042
0.12334641069173813,0.11884386837482452,-0.0008659064769744873
0.12334641069173813,0.14735092222690582,-0.0008659064769744873
0.09604798257350922,0.1402241587638855,-0.0008659064769744873
0.13244591653347015,0.1402241587638855,-0.0008659064769744873
0.09604798257350922,0.1117170974612236,0.27018871903419495
0.13244591653347015,0.1117170974612236,0.27018871903419495
0.12334641069173813,0.1117170974612236,0.06689774245023727
0.12334641069173813,0.1117170974612236,0.3379523754119873
0.15974433720111847,0.11884386837482452,0.27018871903419495
0.15974433720111847,0.14735092222690582,0.27018871903419495
0.15974433720111847,0.1402241587638855,0.06689774245023727
0.15974433720111847,0.1402241587638855,0.3379523754119873
0.15064488351345062,0.1687311977148056,0.27018871903419495
0.11424694955348969,0.1687311977148056,0.27018871903419495
0.12334641069173813,0.1687311977148056,0.06689774245023727
0.12334641069173813,0.1687311977148056,0.3379523754119873
0.08694852143526077,0.16160443425178528,0.27018871903419495
0.08694852143526077,0.13309739530086517,0.27018871903419495
0.08694852143526077,0.1402241587638855,0.06689774245023727
0.08694852143526077,0.1402241587638855,0.3379523754119873
0.08694852143526077,0.13309739530086517,-0.0008659064769744873
0.08694852143526077,0.1117170974612236,0.3379523754119873
0.08694852143526077,0.14735092222690582,0.541243314743042
0.08694852143526077,0.1687311977148056,0.2024250626564026
0.11424694955348969,0.1687311977148056,-0.0008659064769744873
0.13244591653347015,0.1687311977148056,0.541243314743042
0.15974433720111847,0.1687311977148056,0.2024250626564026
0.15974433720111847,0.14735092222690582,-0.0008659064769744873
0.15974433720111847,0.13309739530086517,0.541243314743042
0.15974433720111847,0.1117170974612236,0.2024250626564026
0.13244591653347015,0.1117170974612236,-0.0008659064769744873
0.11424694955348969,0.1117170974612236,0.541243314743042
0.08694852143526077,0.16160443425178528,-0.0008659064769744873
0.08694852143526077,0.1117170974612236,0.06689774245023727
0.08694852143526077,0.11884386837482452,0.541243314743042
0.08694852143526077,0.1687311977148056,0.47347965836524963
0.15064488351345062,0.1687311977148056,-0.0008659064769744873
0.09604798257350922,0.1687311977148056,0.541243314743042
0.15974433720111847,0.1687311977148056,0.47347965836524963
0.15974433720111847,0.11884386837482452,-0.0008659064769744873
0.15974433720111847,0.16160443425178528,0.541243314743042
0.15974433720111847,0.1117170974612236,0.47347965836524963
0.09604798257350922,0.1117170974612236,-0.0008659064769744873
0.15064488351345062,0.1117170974612236,0.541243314743042
0.12334641069173813,0.13309739530086517,0.541243314743042
0.12334641069173813,0.16160443425178528,0.541243314743042
0.13244591653347015,0.1402241587638855,0.541243314743042
0.09604798257350922,0.1402241587638855,0.541243314743042
0.12334641069173813,0.13309739530086517,-0.0008659064769744873
0.12334641069173813,0.16160443425178528,-0.0008659064769744873
0.11424694955348969,0.1402241587638855,-0.0008659064769744873
0.15064488351345062,0.1402241587638855,-0.0008659064769744873
0.11424694955348969,0.1117170974612236,0.27018871903419495
0.15064488351345062,0.1117170974612236,0.27018871903419495
0.12334641069173813,0.1117170974612236,0.2024250626564026
0.12334641069173813,0.1117170974612236,0.47347965836524963
0.15974433720111847,0.13309739530086517,0.27018871903419495
0.15974433720111847,0.16160443425178528,0.27018871903419495
0.15974433720111847,0.1402241587638855,0.2024250626564026
0.15974433720111847,0.1402241587638855,0.47347965836524963
0.13244591653347015,0.1687311977148056,0.27018871903419495
0.09604798257350922,0.1687311977148056,0.27018871903419495
0.12334641069173813,0.1687311977148056,0.2024250626564026
0.12334641069173813,0.1687311977148056,0.47347965836524963
0.08694852143526077,0.14735092222690582,0.27018871903419495
0.08694852143526077,0.11884386837482452,0.27018871903419495
0.08694852143526077,0.1402241587638855,0.2024250626564026
0.08694852143526077,0.1402241587638855,0.47347965836524963
0.08694852143526077,0.13309739530086517,0.4057160019874573
0.08694852143526077,0.11884386837482452,0.4057160019874573
0.08694852143526077,0.12597061693668365,0.3379523754119873
0.08694852143526077,0.12597061693668365,0.47347965836524963
0.08694852143526077,0.13309739530086517,0.13466139137744904
0.08694852143526077,0.11884386837482452,0.13466139137744904
0.08694852143526077,0.12597061693668365,0.06689774245023727
0.08694852143526077,0.12597061693668365,0.2024250626564026
0.08694852143526077,0.16160443425178528,0.13466139137744904
0.08694852143526077,0.14735092222690582,0.13466139137744904
0.08694852143526077,0.15447767078876495,0.06689774245023727
0.08694852143526077,0.15447767078876495,0.2024250626564026
0.11424694955348969,0.1687311977148056,0.4057160019874573
0.09604798257350922,0.1687311977148056,0.4057160019874573
0.10514745116233826,0.1687311977148056,0.3379523754119873
0.10514745116233826,0.1687311977148056,0.47347965836524963
0.11424694955348969,0.1687311977148056,0.13466139137744904
0.09604798257350922,0.1687311977148056,0.13466139137744904
0.10514745116233826,0.1687311977148056,0.06689774245023727
0.10514745116233826,0.1687311977148056,0.2024250626564026
0.15064488351345062,0.1687311977148056,0.13466139137744904
0.13244591653347015,0.1687311977148056,0.13466139137744904
0.1415453851222992,0.1687311977148056,0.06689774245023727
0.1415453851222992,0.1687311977148056,0.2024250626564026
0.15974433720111847,0.14735092222690582,0.4057160019874573
0.15974433720111847,0.16160443425178528,0.4057160019874573
0.15974433720111847,0.15447767078876495,0.3379523754119873
0.15974433720111847,0.15447767078876495,0.47347965836524963
0.15974433720111847,0.14735092222690582,0.13466139137744904
0.15974433720111847,0.16160443425178528,0.13466139137744904
0.15974433720111847,0.15447767078876495,0.06689774245023727
0.15974433720111847,0.15447767078876495,0.2024250626564026
0.15974433720111847,0.11884386837482452,0.13466139137744904
0.15974433720111847,0.13309739530086517,0.13466139137744904
0.15974433720111847,0.12597061693668365,0.06689774245023727
0.15974433720111847,0.12597061693668365,0.2024250626564026
0.13244591653347015,0.1117170974612236,0.4057160019874573
0.15064488351345062,0.1117170974612236,0.4057160019874573
0.1415453851222992,0.1117170974612236,0.3379523754119873
0.1415453851222992,0.1117170974612236,0.47347965836524963
0.13244591653347015,0.1117170974612236,0.13466139137744904
0.15064488351345062,0.1117170974612236,0.13466139137744904
0.1415453851222992,0.1117170974612236,0.06689774245023727
0.1415453851222992,0.1117170974612236,0.2024250626564026
0.09604798257350922,0.1117170974612236,0.13466139137744904
0.11424694955348969,0.1117170974612236,0.13466139137744904
0.10514745116233826,0.1117170974612236,0.06689774245023727
0.10514745116233826,0.1117170974612236,0.2024250626564026
0.1415453851222992,0.14735092222690582,-0.0008659064769744873
0.1415453851222992,0.16160443425178528,-0.0008659064769744873
0.13244591653347015,0.15447767078876495,-0.0008659064769744873
0.15064488351345062,0.15447767078876495,-0.0008659064769744873
0.10514745116233826,0.14735092222690582,-0.0008659064769744873
0.10514745116233826,0.16160443425178528,-0.0008659064769744873
0.09604798257350922,0.15447767078876495,-0.0008659064769744873
0.11424694955348969,0.15447767078876495,-0.0008659064769744873
0.10514745116233826,0.11884386837482452,-0.0008659064769744873
0.10514745116233826,0.13309739530086517,-0.0008659064769744873
0.09604798257350922,0.12597061693668365,-0.0008659064769744873
0.11424694955348969,0.12597061693668365,-0.0008659064769744873
0.10514745116233826,0.14735092222690582,0.541243314743042
0.10514745116233826,0.16160443425178528,0.541243314743042
0.11424694955348969,0.15447767078876495,0.541243314743042
0.09604798257350922,0.15447767078876495,0.541243314743042
0.1415453851222992,0.14735092222690582,0.541243314743042
0.1415453851222992,0.16160443425178528,0.541243314743042
0.15064488351345062,0.15447767078876495,0.541243314743042
0.13244591653347015,0.15447767078876495,0.541243314743042
0.1415453851222992,0.11884386837482452,0.541243314743042
0.1415453851222992,0.13309739530086517,0.541243314743042
0.15064488351345062,0.12597061693668365,0.541243314743042
0.13244591653347015,0.12597061693668365,0.541243314743042
0.10514745116233826,0.11884386837482452,0.541243314743042
0.10514745116233826,0.13309739530086517,0.541243314743042
0.11424694955348969,0.12597061693668365,0.541243314743042
0.09604798257350922,0.12597061693668365,0.541243314743042
0.1415453851222992,0.11884386837482452,-0.0008659064769744873
0.1415453851222992,0.13309739530086517,-0.0008659064769744873
0.13244591653347015,0.12597061693668365,-0.0008659064769744873
0.15064488351345062,0.12597061693668365,-0.0008659064769744873
0.09604798257350922,0.1117170974612236,0.4057160019874573
0.11424694955348969,0.1117170974612236,0.4057160019874573
0.10514745116233826,0.1117170974612236,0.3379523754119873
0.10514745116233826,0.1117170974612236,0.47347965836524963
0.15974433720111847,0.11884386837482452,0.4057160019874573
0.15974433720111847,0.13309739530086517,0.4057160019874573
0.15974433720111847,0.12597061693668365,0.3379523754119873
0.15974433720111847,0.12597061693668365,0.47347965836524963
0.15064488351345062,0.1687311977148056,0.4057160019874573
0.13244591653347015,0.1687311977148056,0.4057160019874573
0.1415453851222992,0.1687311977148056,0.3379523754119873
0.1415453851222992,0.1687311977148056,0.47347965836524963
0.08694852143526077,0.16160443425178528,0.4057160019874573
0.08694852143526077,0.14735092222690582,0.4057160019874573
0.08694852143526077,0.15447767078876495,0.3379523754119873
0.08694852143526077,0.15447767078876495,0.47347965836524963
0.08694852143526077,0.14735092222690582,0.47347965836524963
0.08694852143526077,0.14735092222690582,0.3379523754119873
0.08694852143526077,0.16160443425178528,0.3379523754119873
0.13244591653347015,0.1687311977148056,0.47347965836524963
0.13244591653347015,0.1687311977148056,0.3379523754119873
0.15064488351345062,0.1687311977148056,0.3379523754119873
0.15974433720111847,0.13309739530086517,0.47347965836524963
0.15974433720111847,0.13309739530086517,0.3379523754119873
0.15974433720111847,0.11884386837482452,0.3379523754119873
0.11424694955348969,0.1117170974612236,0.47347965836524963
0.11424694955348969,0.1117170974612236,0.3379523754119873
0.09604798257350922,0.1117170974612236,0.3379523754119873
0.15064488351345062,0.13309739530086517,-0.0008659064769744873
0.13244591653347015,0.13309739530086517,-0.0008659064769744873
0.13244591653347015,0.11884386837482452,-0.0008659064769744873
0.09604798257350922,0.13309739530086517,0.541243314743042
0.11424694955348969,0.13309739530086517,0.541243314743042
0.11424694955348969,0.11884386837482452,0.541243314743042
0.13244591653347015,0.13309739530086517,0.541243314743042
0.15064488351345062,0.13309739530086517,0.541243314743042
0.15064488351345062,0.11884386837482452,0.541243314743042
0.13244591653347015,0.16160443425178528,0.541243314743042
0.15064488351345062,0.16160443425178528,0.541243314743042
0.15064488351345062,0.14735092222690582,0.541243314743042
0.09604798257350922,0.16160443425178528,0.541243314743042
0.11424694955348969,0.16160443425178528,0.541243314743042
0.11424694955348969,0.14735092222690582,0.541243314743042
0.11424694955348969,0.13309739530086517,-0.0008659064769744873
0.09604798257350922,0.13309739530086517,-0.0008659064769744873
0.09604798257350922,0.11884386837482452,-0.0008659064769744873
0.11424694955348969,0.16160443425178528,-0.0008659064769744873
0.09604798257350922,0.16160443425178528,-0.0008659064769744873
0.09604798257350922,0.14735092222690582,-0.0008659064769744873
0.15064488351345062,0.16160443425178528,-0.0008659064769744873
0.13244591653347015,0.16160443425178528,-0.0008659064769744873
0.13244591653347015,0.14735092222690582,-0.0008659064769744873
0.11424694955348969,0.1117170974612236,0.2024250626564026
0.11424694955348969,0.1117170974612236,0.06689774245023727
0.09604798257350922,0.1117170974612236,0.06689774245023727
0.15064488351345062,0.1117170974612236,0.2024250626564026
0.15064488351345062,0.1117170974612236,0.06689774245023727
0.13244591653347015,0.1117170974612236,0.06689774245023727
0.15064488351345062,0.1117170974612236,0.47347965836524963
0.15064488351345062,0.1117170974612236,0.3379523754119873
0.13244591653347015,0.1117170974612236,0.3379523754119873
0.15974433720111847,0.13309739530086517,0.2024250626564026
0.15974433720111847,0.13309739530086517,0.06689774245023727
0.15974433720111847,0.11884386837482452,0.06689774245023727
0.15974433720111847,0.16160443425178528,0.2024250626564026
0.15974433720111847,0.16160443425178528,0.06689774245023727
0.15974433720111847,0.14735092222690582,0.06689774245023727
0.15974433720111847,0.16160443425178528,0.47347965836524963
0.15974433720111847,0.16160443425178528,0.3379523754119873
0.15974433720111847,0.14735092222690582,0.3379523754119873
0.13244591653347015,0.1687311977148056,0.2024250626564026
0.13244591653347015,0.1687311977148056,0.06689774245023727
0.15064488351345062,0.1687311977148056,0.06689774245023727
0.09604798257350922,0.1687311977148056,0.2024250626564026
0.09604798257350922,0.1687311977148056,0.06689774245023727
0.11424694955348969,0.1687311977148056,0.06689774245023727
0.09604798257350922,0.1687311977148056,0.47347965836524963
0.09604798257350922,0.1687311977148056,0.3379523754119873
0.11424694955348969,0.1687311977148056,0.3379523754119873
0.08694852143526077,0.14735092222690582,0.2024250626564026
0.08694852143526077,0.14735092222690582,0.06689774245023727
0.08694852143526077,0.16160443425178528,0.06689774245023727
0.08694852143526077,0.11884386837482452,0.2024250626564026
0.08694852143526077,0.11884386837482452,0.06689774245023727
0.08694852143526077,0.13309739530086517,0.06689774245023727
0.08694852143526077,0.11884386837482452,0.47347965836524963
0.08694852143526077,0.11884386837482452,0.3379523754119873
0.08694852143526077,0.13309739530086517,0.3379523754119873
0.08694852143526077,0.13309739530086517,0.47347965836524963
0.08694852143526077,0.13309739530086517,0.2024250626564026
0.08694852143526077,0.16160443425178528,0.2024250626564026
0.11424694955348969,0.1687311977148056,0.47347965836524963
0.11424694955348969,0.1687311977148056,0.2024250626564026
0.15064488351345062,0.1687311977148056,0.2024250626564026
0.15974433720111847,0.14735092222690582,0.47347965836524963
0.15974433720111847,0.14735092222690582,0.2024250626564026
0.15974433720111847,0.11884386837482452,0.2024250626564026
0.13244591653347015,0.1117170974612236,0.47347965836524963
0.13244591653347015,0.1117170974612236,0.2024250626564026
0.09604798257350922,0.1117170974612236,0.2024250626564026
0.15064488351345062,0.14735092222690582,-0.0008659064769744873
0.11424694955348969,0.14735092222690582,-0.0008659064769744873
0.11424694955348969,0.11884386837482452,-0.0008659064769744873
0.09604798257350922,0.14735092222690582,0.541243314743042
0.13244591653347015,0.14735092222690582,0.541243314743042
0.13244591653347015,0.11884386837482452,0.541243314743042
0.09604798257350922,0.11884386837482452,0.541243314743042
0.15064488351345062,0.11884386837482452,-0.0008659064769744873
0.09604798257350922,0.1117170974612236,0.47347965836524963
0.15974433720111847,0.11884386837482452,0.47347965836524963
0.15064488351345062,0.1687311977148056,0.47347965836524963
0.08694852143526077,0.16160443425178528,0.47347965836524963
