0.0;0.0,0.0,0.0;1.0,0.0,0.0,0.0
0.041666666666666664;9.915733244270086e-06,0.0,0.0;0.9999942779541016,0.0,1.8734544937615283e-05,0.0
0.08333333333333333;3.9573933463543653e-05,0.0,0.0;0.9999771118164062,0.0,7.477071631001309e-05,0.0
0.125;8.884206181392074e-05,0.0,0.0;0.9999486804008484,0.0,0.00016785733168944716,0.0
0.16666666666666666;0.00015758705558255315,0.0,0.0;0.9999089241027832,0.0,0.00029774318682029843,0.0
0.20833333333333334;0.0002456757356412709,0.0,0.0;0.9998579621315002,0.0,0.00046417710836976767,0.0
0.25;0.0003529753885231912,0.0,0.0;0.9997959136962891,0.0,0.0006669079302810133,0.0
0.2916666666666667;0.00047935283510014415,0.0,0.0;0.9997228980064392,0.0,0.0009056843700818717,0.0
0.3333333333333333;0.0006246754783205688,0.0,0.0;0.9996389150619507,0.0,0.0011802553199231625,0.0
0.375;0.0007888101390562952,0.0,0.0;0.9995440244674683,0.0,0.0014903695555403829,0.0
0.4166666666666667;0.0009716238710097969,0.0,0.0;0.9994383454322815,0.0,0.0018357759108766913,0.0
0.4583333333333333;0.0011729837860912085,0.0,0.0;0.9993219375610352,0.0,0.002216223394498229,0.0
0.5;0.0013927568215876818,0.0,0.0;0.999194860458374,0.0,0.002631460316479206,0.0
0.5416666666666666;0.001630810322239995,0.0,0.0;0.9990572333335876,0.0,0.003081236034631729,0.0
0.5833333333333334;0.0018870111089199781,0.0,0.0;0.9989091753959656,0.0,0.0035652988590300083,0.0
0.625;0.002161226235330105,0.0,0.0;0.998750627040863,0.0,0.004083398263901472,0.0
0.6666666666666666;0.002453322522342205,0.0,0.0;0.9985817670822144,0.0,0.0046352818608284,0.0
0.7083333333333334;0.002763167256489396,0.0,0.0;0.9984026551246643,0.0,0.005220699589699507,0.0
0.75;0.003090627957135439,0.0,0.0;0.9982133507728577,0.0,0.0058394004590809345,0.0
0.7916666666666666;0.00343557121232152,0.0,0.0;0.998013973236084,0.0,0.006491133011877537,0.0
0.8333333333333334;0.0037978636100888252,0.0,0.0;0.9978045225143433,0.0,0.007175643928349018,0.0
0.875;0.004177373368293047,0.0,0.0;0.997585117816925,0.0,0.007892685942351818,0.0
0.9166666666666666;0.004573966842144728,0.0,0.0;0.9973558783531189,0.0,0.008642004802823067,0.0
0.9583333333333334;0.004987509921193123,0.0,0.0;0.9971168637275696,0.0,0.009423349052667618,0.0
1.0;0.005417872220277786,0.0,0.0;0.9968680739402771,0.0,0.010236470960080624,0.0
1.0416666666666667;0.005864919163286686,0.0,0.0;0.996609628200531,0.0,0.011081116273999214,0.0
1.0833333333333333;0.006328517571091652,0.0,0.0;0.9963415861129761,0.0,0.011957035399973392,0.0
1.125;0.0068085347302258015,0.0,0.0;0.9960641264915466,0.0,0.012863974086940289,0.0
1.1666666666666667;0.007304838392883539,0.0,0.0;0.9957771897315979,0.0,0.013801686465740204,0.0
1.2083333333333333;0.007817295379936695,0.0,0.0;0.9954809546470642,0.0,0.01476991642266512,0.0
1.25;0.008345771580934525,0.0,0.0;0.9951754212379456,0.0,0.015768414363265038,0.0
1.2916666666666667;0.008890137076377869,0.0,0.0;0.9948607683181763,0.0,0.016796929761767387,0.0
1.3333333333333333;0.009450254961848259,0.0,0.0;0.9945369958877563,0.0,0.017855213955044746,0.0
1.375;0.010025995783507824,0.0,0.0;0.9942041635513306,0.0,0.01894301176071167,0.0
1.4166666666666667;0.010617222636938095,0.0,0.0;0.9938623309135437,0.0,0.020060069859027863,0.0
1.4583333333333333;0.011223806999623775,0.0,0.0;0.9935117363929749,0.0,0.021206144243478775,0.0
1.5;0.011845612898468971,0.0,0.0;0.9931522607803345,0.0,0.022380977869033813,0.0
1.5416666666666667;0.012482508085668087,0.0,0.0;0.9927840828895569,0.0,0.02358431927859783,0.0
1.5833333333333333;0.013134362176060677,0.0,0.0;0.9924072623252869,0.0,0.02481592632830143,0.0
1.625;0.013801037333905697,0.0,0.0;0.992021918296814,0.0,0.02607553079724312,0.0
1.6666666666666667;0.014482402242720127,0.0,0.0;0.9916280508041382,0.0,0.027362899854779243,0.0
1.7083333333333333;0.01517832837998867,0.0,0.0;0.9912256598472595,0.0,0.028677772730588913,0.0
1.75;0.015888676047325134,0.0,0.0;0.9908151030540466,0.0,0.03001989796757698,0.0
1.7916666666666667;0.016613313928246498,0.0,0.0;0.9903961420059204,0.0,0.0313890241086483,0.0
1.8333333333333333;0.017352117225527763,0.0,0.0;0.9899690747261047,0.0,0.03278490900993347,0.0
1.875;0.01810494065284729,0.0,0.0;0.9895339012145996,0.0,0.034207288175821304,0.0
1.9166666666666667;0.01887165941298008,0.0,0.0;0.9890906810760498,0.0,0.0356559157371521,0.0
1.9583333333333333;0.019652141258120537,0.0,0.0;0.9886394739151001,0.0,0.03713054955005646,0.0
2.0;0.02044624462723732,0.0,0.0;0.98818039894104,0.0,0.03863092511892319,0.0
2.0416666666666665;0.02125384472310543,0.0,0.0;0.9877135753631592,0.0,0.04015678912401199,0.0
2.0833333333333335;0.022074809297919273,0.0,0.0;0.9872390031814575,0.0,0.04170791059732437,0.0
2.125;0.022908994928002357,0.0,0.0;0.9867567420005798,0.0,0.04328401759266853,0.0
2.1666666666666665;0.023756282404065132,0.0,0.0;0.9862669706344604,0.0,0.04488487169146538,0.0
2.2083333333333335;0.024616528302431107,0.0,0.0;0.9857696890830994,0.0,0.04651021584868431,0.0
2.25;0.025489604100584984,0.0,0.0;0.9852649569511414,0.0,0.04815978929400444,0.0
2.2916666666666665;0.026375379413366318,0.0,0.0;0.984752893447876,0.0,0.04983336478471756,0.0
2.3333333333333335;0.027273716405034065,0.0,0.0;0.9842336177825928,0.0,0.05153067037463188,0.0
2.375;0.02818448096513748,0.0,0.0;0.983707070350647,0.0,0.053251463919878006,0.0
2.4166666666666665;0.02910754829645157,0.0,0.0;0.9831734895706177,0.0,0.05499549210071564,0.0
2.4583333333333335;0.030042780563235283,0.0,0.0;0.9826328158378601,0.0,0.05676250904798508,0.0
2.5;0.030990036204457283,0.0,0.0;0.9820852279663086,0.0,0.058552246540784836,0.0
2.5416666666666665;0.03194919973611832,0.0,0.0;0.9815307855606079,0.0,0.06036447733640671,0.0
2.5833333333333335;0.032920125871896744,0.0,0.0;0.9809694886207581,0.0,0.062198929488658905,0.0
2.625;0.03390267863869667,0.0,0.0;0.9804015159606934,0.0,0.06405536830425262,0.0
2.6666666666666665;0.034896742552518845,0.0,0.0;0.9798268675804138,0.0,0.06593354046344757,0.0
2.7083333333333335;0.03590216487646103,0.0,0.0;0.979245662689209,0.0,0.06783317774534225,0.0
2.75;0.03691882640123367,0.0,0.0;0.9786579012870789,0.0,0.06975404173135757,0.0
2.7916666666666665;0.037946589291095734,0.0,0.0;0.9780638217926025,0.0,0.07169588655233383,0.0
2.8333333333333335;0.03898531571030617,0.0,0.0;0.9774633646011353,0.0,0.07365844398736954,0.0
2.875;0.04003487899899483,0.0,0.0;0.9768565893173218,0.0,0.07564147561788559,0.0
2.9166666666666665;0.041095148772001266,0.0,0.0;0.9762436747550964,0.0,0.07764474302530289,0.0
2.9583333333333335;0.042165979743003845,0.0,0.0;0.9756246209144592,0.0,0.07966796308755875,0.0
3.0;0.04324725642800331,0.0,0.0;0.9749996066093445,0.0,0.08171091228723526,0.0
3.0416666666666665;0.04433882609009743,0.0,0.0;0.9743685722351074,0.0,0.08377332240343094,0.0
3.0833333333333335;0.04544057697057724,0.0,0.0;0.9737316966056824,0.0,0.08585494756698608,0.0
3.125;0.04655235633254051,0.0,0.0;0.9730889797210693,0.0,0.087955541908741,0.0
3.1666666666666665;0.047674041241407394,0.0,0.0;0.9724405407905579,0.0,0.09007483720779419,0.0
3.2083333333333335;0.048805512487888336,0.0,0.0;0.9717864394187927,0.0,0.09221262484788895,0.0
3.25;0.049946609884500504,0.0,0.0;0.9711267948150635,0.0,0.0943685919046402,0.0
3.2916666666666665;0.05109721049666405,0.0,0.0;0.9704616665840149,0.0,0.09654252976179123,0.0
3.3333333333333335;0.05225718393921852,0.0,0.0;0.9697911143302917,0.0,0.09873418509960175,0.0
3.375;0.05342639610171318,0.0,0.0;0.9691151976585388,0.0,0.10094327479600906,0.0
3.4166666666666665;0.05460471659898758,0.0,0.0;0.9684340357780457,0.0,0.10316958278417587,0.0
3.4583333333333335;0.05579202622175217,0.0,0.0;0.967747688293457,0.0,0.10541287064552307,0.0
3.5;0.05698816478252411,0.0,0.0;0.9670562148094177,0.0,0.10767284780740738,0.0
3.5416666666666665;0.058193009346723557,0.0,0.0;0.9663597345352173,0.0,0.1099492609500885,0.0
3.5833333333333335;0.059406425803899765,0.0,0.0;0.9656583070755005,0.0,0.11224187910556793,0.0
3.625;0.060628291219472885,0.0,0.0;0.9649519920349121,0.0,0.11455045640468597,0.0
3.6666666666666665;0.06185847148299217,0.0,0.0;0.9642408490180969,0.0,0.11687475442886353,0.0
3.7083333333333335;0.06309682130813599,0.0,0.0;0.9635249376296997,0.0,0.11921447515487671,0.0
3.75;0.06434321403503418,0.0,0.0;0.96280437707901,0.0,0.12156939506530762,0.0
3.7916666666666665;0.0655975192785263,0.0,0.0;0.9620793461799622,0.0,0.12393926084041595,0.0
3.8333333333333335;0.06685959547758102,0.0,0.0;0.9613497257232666,0.0,0.12632381916046143,0.0
3.875;0.06812931597232819,0.0,0.0;0.9606157541275024,0.0,0.12872281670570374,0.0
3.9166666666666665;0.06940656155347824,0.0,0.0;0.9598773717880249,0.0,0.13113602995872498,0.0
3.9583333333333335;0.07069118320941925,0.0,0.0;0.9591347575187683,0.0,0.13356317579746246,0.0
4.0;0.07198303192853928,0.0,0.0;0.9583879709243774,0.0,0.1360040009021759,0.0
4.041666666666667;0.07328201085329056,0.0,0.0;0.9576370716094971,0.0,0.138458251953125,0.0
4.083333333333333;0.07458796352148056,0.0,0.0;0.956882119178772,0.0,0.14092570543289185,0.0
4.125;0.07590075582265854,0.0,0.0;0.9561232328414917,0.0,0.14340610802173615,0.0
4.166666666666667;0.07722028344869614,0.0,0.0;0.9553604125976562,0.0,0.1458991914987564,0.0
4.208333333333333;0.07854637503623962,0.0,0.0;0.9545938372612,0.0,0.14840468764305115,0.0
4.25;0.07987891137599945,0.0,0.0;0.9538235068321228,0.0,0.15092238783836365,0.0
4.291666666666667;0.08121776580810547,0.0,0.0;0.9530495405197144,0.0,0.15345199406147003,0.0
4.333333333333333;0.08256280422210693,0.0,0.0;0.9522720575332642,0.0,0.15599331259727478,0.0
4.375;0.0839138999581337,0.0,0.0;0.9514909982681274,0.0,0.15854603052139282,0.0
4.416666666666667;0.08527091145515442,0.0,0.0;0.9507065415382385,0.0,0.16110996901988983,0.0
4.458333333333333;0.08663370460271835,0.0,0.0;0.9499186873435974,0.0,0.16368478536605835,0.0
4.5;0.08800213038921356,0.0,0.0;0.9491276741027832,0.0,0.16627030074596405,0.0
4.541666666666667;0.08937608450651169,0.0,0.0;0.9483333826065063,0.0,0.16886623203754425,0.0
4.583333333333333;0.09075542539358139,0.0,0.0;0.9475359916687012,0.0,0.17147234082221985,0.0
4.625;0.09214002639055252,0.0,0.0;0.9467355608940125,0.0,0.17408838868141174,0.0
4.666666666666667;0.09352973848581314,0.0,0.0;0.9459322690963745,0.0,0.17671409249305725,0.0
4.708333333333333;0.0949244424700737,0.0,0.0;0.9451259970664978,0.0,0.17934921383857727,0.0
4.75;0.09632397443056107,0.0,0.0;0.9443169236183167,0.0,0.1819935142993927,0.0
4.791666666666667;0.09772824496030807,0.0,0.0;0.9435051679611206,0.0,0.18464671075344086,0.0
4.833333333333333;0.09913710504770279,0.0,0.0;0.9426907300949097,0.0,0.18730857968330383,0.0
4.875;0.10055041313171387,0.0,0.0;0.9418737292289734,0.0,0.18997886776924133,0.0
4.916666666666667;0.10196805745363235,0.0,0.0;0.9410542249679565,0.0,0.19265735149383545,0.0
4.958333333333333;0.10338985919952393,0.0,0.0;0.9402322769165039,0.0,0.19534370303153992,0.0
5.0;0.10481572151184082,0.0,0.0;0.9394080638885498,0.0,0.19803771376609802,0.0
5.041666666666667;0.10624551773071289,0.0,0.0;0.9385814666748047,0.0,0.20073917508125305,0.0
5.083333333333333;0.1076790988445282,0.0,0.0;0.9377527236938477,0.0,0.20344775915145874,0.0
5.125;0.10911635309457779,0.0,0.0;0.9369218945503235,0.0,0.20616327226161957,0.0
5.166666666666667;0.11055711656808853,0.0,0.0;0.936089038848877,0.0,0.20888541638851166,0.0
5.208333333333333;0.11200126260519028,0.0,0.0;0.9352542161941528,0.0,0.2116139829158783,0.0
5.25;0.11344866454601288,0.0,0.0;0.9344174861907959,0.0,0.214348703622818,0.0
5.291666666666667;0.11489920318126678,0.0,0.0;0.9335789680480957,0.0,0.21708932518959045,0.0
5.333333333333333;0.11635271459817886,0.0,0.0;0.932738721370697,0.0,0.2198355793952942,0.0
5.375;0.11780910938978195,0.0,0.0;0.9318968057632446,0.0,0.22258728742599487,0.0
5.416666666666667;0.11926821619272232,0.0,0.0;0.9310532808303833,0.0,0.22534412145614624,0.0
5.458333333333333;0.12072992324829102,0.0,0.0;0.9302083849906921,0.0,0.2281058430671692,0.0
5.5;0.1221940889954567,0.0,0.0;0.9293619394302368,0.0,0.23087218403816223,0.0
5.541666666666667;0.12366057187318802,0.0,0.0;0.9285141825675964,0.0,0.23364295065402985,0.0
5.583333333333333;0.12512923777103424,0.0,0.0;0.927665114402771,0.0,0.23641785979270935,0.0
5.625;0.126599982380867,0.0,0.0;0.9268149137496948,0.0,0.23919668793678284,0.0
5.666666666666667;0.12807264924049377,0.0,0.0;0.9259636402130127,0.0,0.24197912216186523,0.0
5.708333333333333;0.129547119140625,0.0,0.0;0.9251112937927246,0.0,0.24476496875286102,0.0
5.75;0.13102324306964874,0.0,0.0;0.9242579936981201,0.0,0.24755391478538513,0.0
5.791666666666667;0.13250090181827545,0.0,0.0;0.9234037399291992,0.0,0.25034576654434204,0.0
5.833333333333333;0.13397996127605438,0.0,0.0;0.922548770904541,0.0,0.25314033031463623,0.0
5.875;0.1354602724313736,0.0,0.0;0.921692967414856,0.0,0.25593721866607666,0.0
5.916666666666667;0.13694170117378235,0.0,0.0;0.9208366274833679,0.0,0.2587362229824066,0.0
5.958333333333333;0.13842414319515228,0.0,0.0;0.9199796319007874,0.0,0.2615371346473694,0.0
6.0;0.13990744948387146,0.0,0.0;0.9191221594810486,0.0,0.2643396258354187,0.0
6.041666666666667;0.14139148592948914,0.0,0.0;0.9182642698287964,0.0,0.2671436071395874,0.0
6.083333333333333;0.14287611842155457,0.0,0.0;0.9174060225486755,0.0,0.26994866132736206,0.0
6.125;0.1443612277507782,0.0,0.0;0.9165475368499756,0.0,0.27275457978248596,0.0
6.166666666666667;0.1458466649055481,0.0,0.0;0.9156888127326965,0.0,0.2755611538887024,0.0
6.208333333333333;0.1473322957754135,0.0,0.0;0.9148299694061279,0.0,0.2783680856227875,0.0
6.25;0.1488179862499237,0.0,0.0;0.9139711856842041,0.0,0.2811751365661621,0.0
6.291666666666667;0.15030360221862793,0.0,0.0;0.9131123423576355,0.0,0.2839820384979248,0.0
6.333333333333333;0.15178903937339783,0.0,0.0;0.9122536778450012,0.0,0.28678861260414124,0.0
6.375;0.15327414870262146,0.0,0.0;0.9113951325416565,0.0,0.2895945608615875,0.0
6.416666666666667;0.1547587662935257,0.0,0.0;0.9105369448661804,0.0,0.2923995852470398,0.0
6.458333333333333;0.15624284744262695,0.0,0.0;0.9096789956092834,0.0,0.2952035665512085,0.0
6.5;0.15772613883018494,0.0,0.0;0.9088215231895447,0.0,0.2980060577392578,0.0
6.541666666666667;0.15920858085155487,0.0,0.0;0.9079645276069641,0.0,0.30080699920654297,0.0
6.583333333333333;0.16069000959396362,0.0,0.0;0.9071081876754761,0.0,0.3036060333251953,0.0
6.625;0.16217032074928284,0.0,0.0;0.906252384185791,0.0,0.30640289187431335,0.0
6.666666666666667;0.16364938020706177,0.0,0.0;0.9053974151611328,0.0,0.30919742584228516,0.0
6.708333333333333;0.16512703895568848,0.0,0.0;0.9045431613922119,0.0,0.3119892477989197,0.0
6.75;0.16660314798355103,0.0,0.0;0.9036899209022522,0.0,0.314778208732605,0.0
6.791666666666667;0.16807761788368225,0.0,0.0;0.9028375148773193,0.0,0.31756407022476196,0.0
6.833333333333333;0.16955026984214783,0.0,0.0;0.9019861817359924,0.0,0.320346474647522,0.0
6.875;0.17102102935314178,0.0,0.0;0.9011359810829163,0.0,0.32312536239624023,0.0
6.916666666666667;0.1724897027015686,0.0,0.0;0.9002870321273804,0.0,0.32590025663375854,0.0
6.958333333333333;0.17395621538162231,0.0,0.0;0.8994392156600952,0.0,0.32867100834846497,0.0
7.0;0.1754203736782074,0.0,0.0;0.8985928297042847,0.0,0.3314374089241028,0.0
7.041666666666667;0.1768820583820343,0.0,0.0;0.8977478742599487,0.0,0.33419913053512573,0.0
7.083333333333333;0.17834118008613586,0.0,0.0;0.8969043493270874,0.0,0.3369559347629547,0.0
7.125;0.17979755997657776,0.0,0.0;0.896062433719635,0.0,0.339707612991333,0.0
7.166666666666667;0.18125106394290924,0.0,0.0;0.8952221870422363,0.0,0.34245383739471436,0.0
7.208333333333333;0.18270161747932434,0.0,0.0;0.8943836688995361,0.0,0.3451945185661316,0.0
7.25;0.18414902687072754,0.0,0.0;0.8935469388961792,0.0,0.3479292094707489,0.0
7.291666666666667;0.18559318780899048,0.0,0.0;0.8927121162414551,0.0,0.35065779089927673,0.0
7.333333333333333;0.18703392148017883,0.0,0.0;0.8918792009353638,0.0,0.3533799350261688,0.0
7.375;0.18847113847732544,0.0,0.0;0.8910484313964844,0.0,0.35609540343284607,0.0
7.416666666666667;0.18990477919578552,0.0,0.0;0.8902196884155273,0.0,0.3588040769100189,0.0
7.458333333333333;0.1913345754146576,0.0,0.0;0.8893930912017822,0.0,0.36150553822517395,0.0
7.5;0.1927604228258133,0.0,0.0;0.8885688781738281,0.0,0.36419954895973206,0.0
7.541666666666667;0.19418223202228546,0.0,0.0;0.8877469301223755,0.0,0.36688587069511414,0.0
7.583333333333333;0.19559988379478455,0.0,0.0;0.8869274258613586,0.0,0.36956432461738586,0.0
7.625;0.19701316952705383,0.0,0.0;0.8861104249954224,0.0,0.37223461270332336,0.0
7.666666666666667;0.19842202961444855,0.0,0.0;0.8852959871292114,0.0,0.37489649653434753,0.0
7.708333333333333;0.19982630014419556,0.0,0.0;0.8844842314720154,0.0,0.3775497376918793,0.0
7.75;0.20122583210468292,0.0,0.0;0.883675217628479,0.0,0.38019394874572754,0.0
7.791666666666667;0.20262053608894348,0.0,0.0;0.8828689455986023,0.0,0.38282909989356995,0.0
7.833333333333333;0.2040102630853653,0.0,0.0;0.8820655345916748,0.0,0.38545480370521545,0.0
7.875;0.20539483428001404,0.0,0.0;0.8812651634216309,0.0,0.3880707919597626,0.0
7.916666666666667;0.20677421987056732,0.0,0.0;0.8804677724838257,0.0,0.39067700505256653,0.0
7.958333333333333;0.20814813673496246,0.0,0.0;0.8796735405921936,0.0,0.39327290654182434,0.0
8.0;0.20951658487319946,0.0,0.0;0.8788824677467346,0.0,0.3958584666252136,0.0
8.041666666666666;0.2108793705701828,0.0,0.0;0.8780946731567383,0.0,0.39843329787254333,0.0
8.083333333333334;0.21223637461662292,0.0,0.0;0.8773102164268494,0.0,0.4009971618652344,0.0
8.125;0.21358747780323029,0.0,0.0;0.8765291571617126,0.0,0.4035498797893524,0.0
8.166666666666666;0.21493251621723175,0.0,0.0;0.8757516145706177,0.0,0.40609118342399597,0.0
8.208333333333334;0.21627138555049896,0.0,0.0;0.8749776482582092,0.0,0.4086208641529083,0.0
8.25;0.2176039069890976,0.0,0.0;0.8742073774337769,0.0,0.4111385643482208,0.0
8.291666666666666;0.21892999112606049,0.0,0.0;0.8734407424926758,0.0,0.413644015789032,0.0
8.333333333333334;0.22024951875209808,0.0,0.0;0.8726779222488403,0.0,0.41613712906837463,0.0
8.375;0.22156234085559845,0.0,0.0;0.8719190359115601,0.0,0.4186175465583801,0.0
8.416666666666666;0.22286829352378845,0.0,0.0;0.871164083480835,0.0,0.4210849702358246,0.0
8.458333333333334;0.22416724264621735,0.0,0.0;0.8704131841659546,0.0,0.4235392212867737,0.0
8.5;0.22545911371707916,0.0,0.0;0.8696663975715637,0.0,0.4259800910949707,0.0
8.541666666666666;0.22674374282360077,0.0,0.0;0.8689237236976624,0.0,0.4284071922302246,0.0
8.583333333333334;0.22802095115184784,0.0,0.0;0.8681854009628296,0.0,0.43082037568092346,0.0
8.625;0.2292906790971756,0.0,0.0;0.8674514293670654,0.0,0.43321943283081055,0.0
8.666666666666666;0.23055274784564972,0.0,0.0;0.8667218089103699,0.0,0.4356039762496948,0.0
8.708333333333334;0.23180706799030304,0.0,0.0;0.865996778011322,0.0,0.43797385692596436,0.0
8.75;0.23305347561836243,0.0,0.0;0.8652762174606323,0.0,0.4403287470340729,0.0
8.791666666666666;0.23429182171821594,0.0,0.0;0.8645604252815247,0.0,0.44266846776008606,0.0
8.833333333333334;0.23552197217941284,0.0,0.0;0.8638492822647095,0.0,0.44499269127845764,0.0
8.875;0.23674385249614716,0.0,0.0;0.8631428480148315,0.0,0.44730129837989807,0.0
8.916666666666666;0.23795729875564575,0.0,0.0;0.8624414205551147,0.0,0.4495939314365387,0.0
8.958333333333334;0.2391621470451355,0.0,0.0;0.8617448806762695,0.0,0.4518704116344452,0.0
9.0;0.24035826325416565,0.0,0.0;0.861053466796875,0.0,0.4541303813457489,0.0
9.041666666666666;0.24154554307460785,0.0,0.0;0.8603671193122864,0.0,0.4563736021518707,0.0
9.083333333333334;0.24272388219833374,0.0,0.0;0.8596859574317932,0.0,0.45859992504119873,0.0
9.125;0.2438930720090866,0.0,0.0;0.8590100407600403,0.0,0.46080902218818665,0.0
9.166666666666666;0.24505306780338287,0.0,0.0;0.8583394885063171,0.0,0.46300065517425537,0.0
9.208333333333334;0.24620366096496582,0.0,0.0;0.8576743602752686,0.0,0.4651745557785034,0.0
9.25;0.24734479188919067,0.0,0.0;0.8570147156715393,0.0,0.46733060479164124,0.0
9.291666666666666;0.24847622215747833,0.0,0.0;0.8563606142997742,0.0,0.469468355178833,0.0
9.333333333333334;0.2495979368686676,0.0,0.0;0.8557121753692627,0.0,0.4715876877307892,0.0
9.375;0.2507096827030182,0.0,0.0;0.8550694584846497,0.0,0.4736883044242859,0.0
9.416666666666666;0.2518114447593689,0.0,0.0;0.8544325828552246,0.0,0.47576990723609924,0.0
9.458333333333334;0.252903014421463,0.0,0.0;0.8538015484809875,0.0,0.4778323471546173,0.0
9.5;0.2539842426776886,0.0,0.0;0.853176474571228,0.0,0.47987526655197144,0.0
9.541666666666666;0.25505515933036804,0.0,0.0;0.8525574803352356,0.0,0.4818984866142273,0.0
9.583333333333334;0.2561153769493103,0.0,0.0;0.8519445657730103,0.0,0.4839017391204834,0.0
9.625;0.25716495513916016,0.0,0.0;0.8513377904891968,0.0,0.48588478565216064,0.0
9.666666666666666;0.2582036852836609,0.0,0.0;0.8507373332977295,0.0,0.48784732818603516,0.0
9.708333333333334;0.2592313885688782,0.0,0.0;0.8501431941986084,0.0,0.4897891879081726,0.0
9.75;0.260248064994812,0.0,0.0;0.8495555520057678,0.0,0.49171000719070435,0.0
9.791666666666666;0.2612535357475281,0.0,0.0;0.8489742875099182,0.0,0.4936096668243408,0.0
9.833333333333334;0.26224762201309204,0.0,0.0;0.8483996391296387,0.0,0.49548792839050293,0.0
9.875;0.2632301449775696,0.0,0.0;0.847831666469574,0.0,0.49734431505203247,0.0
9.916666666666666;0.2642010748386383,0.0,0.0;0.8472703695297241,0.0,0.49917876720428467,0.0
9.958333333333334;0.2651601731777191,0.0,0.0;0.8467159271240234,0.0,0.5009909868240356,0.0
10.0;0.2661074697971344,0.0,0.0;0.8461682796478271,0.0,0.5027807354927063,0.0
10.041666666666666;0.26704269647598267,0.0,0.0;0.8456276655197144,0.0,0.504547655582428,0.0
10.083333333333334;0.26796576380729675,0.0,0.0;0.8450940847396851,0.0,0.5062918066978455,0.0
10.125;0.2688765823841095,0.0,0.0;0.844567596912384,0.0,0.508012592792511,0.0
10.166666666666666;0.2697748839855194,0.0,0.0;0.844048261642456,0.0,0.509709894657135,0.0
10.208333333333334;0.2706606090068817,0.0,0.0;0.8435361981391907,0.0,0.5113834142684937,0.0
10.25;0.27153369784355164,0.0,0.0;0.8430315256118774,0.0,0.5130329132080078,0.0
10.291666666666666;0.2723940312862396,0.0,0.0;0.8425341844558716,0.0,0.5146583914756775,0.0
10.333333333333334;0.2732413113117218,0.0,0.0;0.8420444130897522,0.0,0.5162591934204102,0.0
10.375;0.2740754783153534,0.0,0.0;0.8415622115135193,0.0,0.5178353190422058,0.0
10.416666666666666;0.27489644289016724,0.0,0.0;0.8410875797271729,0.0,0.5193864107131958,0.0
10.458333333333334;0.275704026222229,0.0,0.0;0.8406206965446472,0.0,0.5209123492240906,0.0
10.5;0.27649810910224915,0.0,0.0;0.8401616811752319,0.0,0.5224126577377319,0.0
10.541666666666666;0.2772786021232605,0.0,0.0;0.8397104740142822,0.0,0.5238872766494751,0.0
10.583333333333334;0.27804532647132874,0.0,0.0;0.8392672538757324,0.0,0.5253359079360962,0.0
10.625;0.2787981331348419,0.0,0.0;0.8388320803642273,0.0,0.5267583131790161,0.0
10.666666666666666;0.2795369327068329,0.0,0.0;0.8384050130844116,0.0,0.528154194355011,0.0
10.708333333333334;0.2802615463733673,0.0,0.0;0.8379861116409302,0.0,0.5295233130455017,0.0
10.75;0.2809719443321228,0.0,0.0;0.8375754952430725,0.0,0.5308653712272644,0.0
10.791666666666666;0.2816678583621979,0.0,0.0;0.8371731638908386,0.0,0.5321803092956543,0.0
10.833333333333334;0.28234922885894775,0.0,0.0;0.8367792367935181,0.0,0.533467710018158,0.0
10.875;0.2830159366130829,0.0,0.0;0.8363938331604004,0.0,0.5347272753715515,0.0
10.916666666666666;0.28366777300834656,0.0,0.0;0.8360170125961304,0.0,0.5359589457511902,0.0
10.958333333333334;0.284304678440094,0.0,0.0;0.8356488943099976,0.0,0.5371623039245605,0.0
11.0;0.28492647409439087,0.0,0.0;0.8352894186973572,0.0,0.5383370518684387,0.0
11.041666666666666;0.28553304076194763,0.0,0.0;0.8349387645721436,0.0,0.5394830703735352,0.0
11.083333333333334;0.2861242890357971,0.0,0.0;0.8345969915390015,0.0,0.5406001806259155,0.0
11.125;0.2867000102996826,0.0,0.0;0.8342641592025757,0.0,0.5416880249977112,0.0
11.166666666666666;0.28726014494895935,0.0,0.0;0.8339403867721558,0.0,0.5427462458610535,0.0
11.208333333333334;0.287804514169693,0.0,0.0;0.8336256742477417,0.0,0.5437747836112976,0.0
11.25;0.2883329689502716,0.0,0.0;0.8333202600479126,0.0,0.5447733402252197,0.0
11.291666666666666;0.288845419883728,0.0,0.0;0.8330239057540894,0.0,0.5457414984703064,0.0
11.333333333333334;0.2893417477607727,0.0,0.0;0.8327369689941406,0.0,0.5466792583465576,0.0
11.375;0.28982171416282654,0.0,0.0;0.832459568977356,0.0,0.54758620262146,0.0
11.416666666666666;0.2902853488922119,0.0,0.0;0.832191526889801,0.0,0.5484621524810791,0.0
11.458333333333334;0.29073238372802734,0.0,0.0;0.8319331407546997,0.0,0.5493068099021912,0.0
11.5;0.29116278886795044,0.0,0.0;0.8316843509674072,0.0,0.5501198172569275,0.0
11.541666666666666;0.2915763258934021,0.0,0.0;0.8314453363418579,0.0,0.5509012341499329,0.0
11.583333333333334;0.29197293519973755,0.0,0.0;0.831216037273407,0.0,0.5516505241394043,0.0
11.625;0.29235243797302246,0.0,0.0;0.8309966325759888,0.0,0.5523675680160522,0.0
11.666666666666666;0.2927147150039673,0.0,0.0;0.830787181854248,0.0,0.5530520677566528,0.0
11.708333333333334;0.29305967688560486,0.0,0.0;0.8305878043174744,0.0,0.5537039041519165,0.0
11.75;0.29338714480400085,0.0,0.0;0.8303985595703125,0.0,0.5543226003646851,0.0
11.791666666666666;0.29369696974754333,0.0,0.0;0.8302193880081177,0.0,0.5549079775810242,0.0
11.833333333333334;0.29398903250694275,0.0,0.0;0.8300504684448242,0.0,0.5554598569869995,0.0
11.875;0.2942632734775543,0.0,0.0;0.8298919796943665,0.0,0.5559779405593872,0.0
11.916666666666666;0.29451945424079895,0.0,0.0;0.8297438621520996,0.0,0.5564620494842529,0.0
11.958333333333334;0.29475751519203186,0.0,0.0;0.829606294631958,0.0,0.5569117665290833,0.0
12.0;0.2949772775173187,0.0,0.0;0.8294792175292969,0.0,0.5573269128799438,0.0
12.041666666666666;0.29517868161201477,0.0,0.0;0.8293628692626953,0.0,0.5577074289321899,0.0
12.083333333333334;0.2953614890575409,0.0,0.0;0.8292571306228638,0.0,0.5580528974533081,0.0
12.125;0.29552558064460754,0.0,0.0;0.8291622400283813,0.0,0.5583629608154297,0.0
12.166666666666666;0.29567089676856995,0.0,0.0;0.8290782570838928,0.0,0.5586376190185547,0.0
12.208333333333334;0.29579731822013855,0.0,0.0;0.8290051817893982,0.0,0.5588763952255249,0.0
12.25;0.29590460658073425,0.0,0.0;0.8289432525634766,0.0,0.5590790510177612,0.0
12.291666666666666;0.2959927022457123,0.0,0.0;0.8288922309875488,0.0,0.5592454671859741,0.0
12.333333333333334;0.2960614860057831,0.0,0.0;0.8288525342941284,0.0,0.5593754053115845,0.0
12.375;0.29611071944236755,0.0,0.0;0.8288240432739258,0.0,0.5594685077667236,0.0
12.416666666666666;0.2961404025554657,0.0,0.0;0.8288068771362305,0.0,0.5595245361328125,0.0
12.458333333333334;0.2961502969264984,0.0,0.0;0.828801155090332,0.0,0.559543251991272,0.0
