0.3231019377708435,0.24171145260334015,0.17897580564022064
0.44142407178878784,0.15574640035629272,0.2693648338317871
0.2779077887535095,0.10261580348014832,0.26936477422714233
0.17684800922870636,0.24171145260334015,0.26936548948287964
0.2779077887535095,0.380807101726532,0.26936477422714233
0.44142407178878784,0.3276765048503876,0.2693648338317871
0.3682960867881775,0.10261580348014832,0.41562092304229736
0.20477980375289917,0.15574640035629272,0.4156208634376526
0.20477980375289917,0.3276765048503876,0.4156208634376526
0.3682960867881775,0.380807101726532,0.41562092304229736
0.46935588121414185,0.24171145260334015,0.41562020778656006
0.3231019377708435,0.24171145260334015,0.5060098767280579
0.29653769731521606,0.15995371341705322,0.20339635014533997
0.39264944195747375,0.19118282198905945,0.20339639484882355
0.3660854697227478,0.10942426323890686,0.25652578473091125
0.46219736337661743,0.24171145260334015,0.25652605295181274
0.39264944195747375,0.29224008321762085,0.20339639484882355
0.23713615536689758,0.24171145260334015,0.20339679718017578
0.21057124435901642,0.15995343029499054,0.25652602314949036
0.29653769731521606,0.3234691917896271,0.20339635014533997
0.21057124435901642,0.32346946001052856,0.25652602314949036
0.3660854697227478,0.37399864196777344,0.25652578473091125
0.4786161184310913,0.19118261337280273,0.34249284863471985
0.4786161184310913,0.29224029183387756,0.34249284863471985
0.3231019377708435,0.07819442451000214,0.34249284863471985
0.4192149043083191,0.10942342877388,0.34249284863471985
0.1675877720117569,0.19118261337280273,0.34249284863471985
0.22698897123336792,0.10942342877388,0.34249284863471985
0.22698897123336792,0.3739994764328003,0.34249284863471985
0.1675877720117569,0.29224029183387756,0.34249284863471985
0.4192149043083191,0.3739994764328003,0.34249284863471985
0.3231019377708435,0.40522849559783936,0.34249284863471985
0.4356326460838318,0.15995343029499054,0.42845967411994934
0.2801184058189392,0.10942426323890686,0.42845991253852844
0.18400651216506958,0.24171145260334015,0.42845964431762695
0.2801184058189392,0.37399864196777344,0.42845991253852844
0.4356326460838318,0.32346946001052856,0.42845967411994934
0.34966617822647095,0.15995371341705322,0.48158931732177734
0.40906772017478943,0.24171145260334015,0.4815889000892639
0.25355443358421326,0.19118282198905945,0.48158931732177734
0.25355443358421326,0.29224008321762085,0.48158931732177734
0.34966617822647095,0.3234691917896271,0.48158931732177734
