-0.1579020470380783,-0.08606916666030884,0.3680955767631531
-0.03957992047071457,-0.17203420400619507,0.45848461985588074
-0.2030961960554123,-0.22516481578350067,0.45848456025123596
-0.30415597558021545,-0.08606916666030884,0.4584852457046509
-0.2030961960554123,0.053026482462882996,0.45848456025123596
-0.03957992047071457,-0.0001041218638420105,0.45848461985588074
-0.11270789802074432,-0.22516481578350067,0.6047406792640686
-0.27622416615486145,-0.17203420400619507,0.6047406196594238
-0.27622416615486145,-0.0001041218638420105,0.6047406196594238
-0.11270789802074432,0.053026482462882996,0.6047406792640686
-0.011648118495941162,-0.08606916666030884,0.6047400236129761
-0.1579020470380783,-0.08606916666030884,0.6951296925544739
-0.18446630239486694,-0.16782692074775696,0.3925161361694336
-0.08835454285144806,-0.13659779727458954,0.39251619577407837
-0.11491851508617401,-0.21835635602474213,0.4456455707550049
-0.018806621432304382,-0.08606916666030884,0.44564586877822876
-0.08835454285144806,-0.03554053604602814,0.39251619577407837
-0.24386781454086304,-0.08606916666030884,0.3925165832042694
-0.2704327404499054,-0.16782718896865845,0.445645809173584
-0.18446630239486694,-0.004311420023441315,0.3925161361694336
-0.2704327404499054,-0.0043111443519592285,0.445645809173584
-0.11491851508617401,0.04621802270412445,0.4456455707550049
-0.0023878812789916992,-0.13659799098968506,0.5316126346588135
-0.0023878812789916992,-0.03554033488035202,0.5316126346588135
-0.1579020470380783,-0.24958619475364685,0.5316126346588135
-0.06178908050060272,-0.21835719048976898,0.5316126346588135
-0.3134162127971649,-0.13659799098968506,0.5316126346588135
-0.2540150284767151,-0.21835719048976898,0.5316126346588135
-0.2540150284767151,0.046218857169151306,0.5316126346588135
-0.3134162127971649,-0.03554033488035202,0.5316126346588135
-0.06178908050060272,0.046218857169151306,0.5316126346588135
-0.1579020470380783,0.07744786143302917,0.5316126346588135
-0.04537135362625122,-0.16782718896865845,0.617579460144043
-0.2008855789899826,-0.21835635602474213,0.6175796985626221
-0.2969974875450134,-0.08606916666030884,0.6175794005393982
-0.2008855789899826,0.04621802270412445,0.6175796985626221
-0.04537135362625122,-0.0043111443519592285,0.617579460144043
-0.13133779168128967,-0.16782692074775696,0.6707091331481934
-0.07193627208471298,-0.08606916666030884,0.6707086563110352
-0.22744955122470856,-0.13659779727458954,0.6707090735435486
-0.22744955122470856,-0.03554053604602814,0.6707090735435486
-0.13133779168128967,-0.004311420023441315,0.6707091331481934
