0.38280051946640015,-0.37119191884994507,0.15941579639911652
0.38280051946640015,-0.37119191884994507,0.21820257604122162
0.38280051946640015,0.1478433609008789,0.15941579639911652
0.38280051946640015,0.1478433609008789,0.21820257604122162
0.8781017661094666,-0.37119191884994507,0.15941579639911652
0.8781017661094666,-0.37119191884994507,0.21820257604122162
0.8781017661094666,0.1478433609008789,0.15941579639911652
0.8781017661094666,0.1478433609008789,0.21820257604122162
0.38280051946640015,-0.11167428642511368,0.15941579639911652
0.38280051946640015,-0.37119191884994507,0.18880918622016907
0.38280051946640015,-0.11167428642511368,0.21820257604122162
0.38280051946640015,0.1478433609008789,0.18880918622016907
0.6304511427879333,0.1478433609008789,0.15941579639911652
0.6304511427879333,0.1478433609008789,0.21820257604122162
0.8781017661094666,0.1478433609008789,0.18880918622016907
0.8781017661094666,-0.11167428642511368,0.15941579639911652
0.8781017661094666,-0.11167428642511368,0.21820257604122162
0.8781017661094666,-0.37119191884994507,0.18880918622016907
0.6304511427879333,-0.37119191884994507,0.15941579639911652
0.6304511427879333,-0.37119191884994507,0.21820257604122162
0.6304511427879333,-0.11167428642511368,0.21820257604122162
0.6304511427879333,-0.11167428642511368,0.15941579639911652
0.6304511427879333,-0.37119191884994507,0.18880918622016907
0.8781017661094666,-0.11167428642511368,0.18880918622016907
0.6304511427879333,0.1478433609008789,0.18880918622016907
0.38280051946640015,-0.11167428642511368,0.18880918622016907
0.38280051946640015,-0.24143311381340027,0.15941579639911652
0.38280051946640015,-0.37119191884994507,0.20350588858127594
0.38280051946640015,0.018084537237882614,0.21820257604122162
0.38280051946640015,0.1478433609008789,0.1741124987602234
0.5066258311271667,0.1478433609008789,0.15941579639911652
0.7542764544487,0.1478433609008789,0.21820257604122162
0.8781017661094666,0.1478433609008789,0.1741124987602234
0.8781017661094666,0.018084537237882614,0.15941579639911652
0.8781017661094666,-0.24143311381340027,0.21820257604122162
0.8781017661094666,-0.37119191884994507,0.1741124987602234
0.7542764544487,-0.37119191884994507,0.15941579639911652
0.5066258311271667,-0.37119191884994507,0.21820257604122162
0.38280051946640015,0.018084537237882614,0.15941579639911652
0.38280051946640015,-0.37119191884994507,0.1741124987602234
0.38280051946640015,-0.24143311381340027,0.21820257604122162
0.38280051946640015,0.1478433609008789,0.20350588858127594
0.7542764544487,0.1478433609008789,0.15941579639911652
0.5066258311271667,0.1478433609008789,0.21820257604122162
0.8781017661094666,0.1478433609008789,0.20350588858127594
0.8781017661094666,-0.24143311381340027,0.15941579639911652
0.8781017661094666,0.018084537237882614,0.21820257604122162
0.8781017661094666,-0.37119191884994507,0.20350588858127594
0.5066258311271667,-0.37119191884994507,0.15941579639911652
0.7542764544487,-0.37119191884994507,0.21820257604122162
0.6304511427879333,-0.24143311381340027,0.21820257604122162
0.6304511427879333,0.018084537237882614,0.21820257604122162
0.7542764544487,-0.11167428642511368,0.21820257604122162
0.5066258311271667,-0.11167428642511368,0.21820257604122162
0.6304511427879333,-0.24143311381340027,0.15941579639911652
0.6304511427879333,0.018084537237882614,0.15941579639911652
0.5066258311271667,-0.11167428642511368,0.15941579639911652
0.7542764544487,-0.11167428642511368,0.15941579639911652
0.5066258311271667,-0.37119191884994507,0.18880918622016907
0.7542764544487,-0.37119191884994507,0.18880918622016907
0.6304511427879333,-0.37119191884994507,0.1741124987602234
0.6304511427879333,-0.37119191884994507,0.20350588858127594
0.8781017661094666,-0.24143311381340027,0.18880918622016907
0.8781017661094666,0.018084537237882614,0.18880918622016907
0.8781017661094666,-0.11167428642511368,0.1741124987602234
0.8781017661094666,-0.11167428642511368,0.20350588858127594
0.7542764544487,0.1478433609008789,0.18880918622016907
0.5066258311271667,0.1478433609008789,0.18880918622016907
0.6304511427879333,0.1478433609008789,0.1741124987602234
0.6304511427879333,0.1478433609008789,0.20350588858127594
0.38280051946640015,0.018084537237882614,0.18880918622016907
0.38280051946640015,-0.24143311381340027,0.18880918622016907
0.38280051946640015,-0.11167428642511368,0.1741124987602234
0.38280051946640015,-0.11167428642511368,0.20350588858127594
0.38280051946640015,-0.24143311381340027,0.20350588858127594
0.38280051946640015,-0.24143311381340027,0.1741124987602234
0.38280051946640015,0.018084537237882614,0.1741124987602234
0.5066258311271667,0.1478433609008789,0.20350588858127594
0.5066258311271667,0.1478433609008789,0.1741124987602234
0.7542764544487,0.1478433609008789,0.1741124987602234
0.8781017661094666,0.018084537237882614,0.20350588858127594
0.8781017661094666,0.018084537237882614,0.1741124987602234
0.8781017661094666,-0.24143311381340027,0.1741124987602234
0.7542764544487,-0.37119191884994507,0.20350588858127594
0.7542764544487,-0.37119191884994507,0.1741124987602234
0.5066258311271667,-0.37119191884994507,0.1741124987602234
0.7542764544487,0.018084537237882614,0.15941579639911652
0.5066258311271667,0.018084537237882614,0.15941579639911652
0.5066258311271667,-0.24143311381340027,0.15941579639911652
0.5066258311271667,0.018084537237882614,0.21820257604122162
0.7542764544487,0.018084537237882614,0.21820257604122162
0.7542764544487,-0.24143311381340027,0.21820257604122162
0.5066258311271667,-0.24143311381340027,0.21820257604122162
0.7542764544487,-0.24143311381340027,0.15941579639911652
0.5066258311271667,-0.37119191884994507,0.20350588858127594
0.8781017661094666,-0.24143311381340027,0.20350588858127594
0.7542764544487,0.1478433609008789,0.20350588858127594
0.38280051946640015,0.018084537237882614,0.20350588858127594
0.38280051946640015,-0.3063125014305115,0.15941579639911652
0.38280051946640015,-0.37119191884994507,0.21085423231124878
0.38280051946640015,0.08296395093202591,0.21820257604122162
0.38280051946640015,0.1478433609008789,0.16676415503025055
0.44471317529678345,0.1478433609008789,0.15941579639911652
0.8161891102790833,0.1478433609008789,0.21820257604122162
0.8781017661094666,0.1478433609008789,0.16676415503025055
0.8781017661094666,0.08296395093202591,0.15941579639911652
0.8781017661094666,-0.3063125014305115,0.21820257604122162
0.8781017661094666,-0.37119191884994507,0.16676415503025055
0.8161891102790833,-0.37119191884994507,0.15941579639911652
0.44471317529678345,-0.37119191884994507,0.21820257604122162
0.38280051946640015,-0.04679487645626068,0.15941579639911652
0.38280051946640015,-0.37119191884994507,0.18146084249019623
0.38280051946640015,-0.17655369639396667,0.21820257604122162
0.38280051946640015,0.1478433609008789,0.1961575299501419
0.6923637986183167,0.1478433609008789,0.15941579639911652
0.56853848695755,0.1478433609008789,0.21820257604122162
0.8781017661094666,0.1478433609008789,0.1961575299501419
0.8781017661094666,-0.17655369639396667,0.15941579639911652
0.8781017661094666,-0.04679487645626068,0.21820257604122162
0.8781017661094666,-0.37119191884994507,0.1961575299501419
0.56853848695755,-0.37119191884994507,0.15941579639911652
0.6923637986183167,-0.37119191884994507,0.21820257604122162
0.6304511427879333,-0.3063125014305115,0.21820257604122162
0.6304511427879333,-0.04679487645626068,0.21820257604122162
0.8161891102790833,-0.11167428642511368,0.21820257604122162
0.56853848695755,-0.11167428642511368,0.21820257604122162
0.6304511427879333,-0.3063125014305115,0.15941579639911652
0.6304511427879333,-0.04679487645626068,0.15941579639911652
0.44471317529678345,-0.11167428642511368,0.15941579639911652
0.6923637986183167,-0.11167428642511368,0.15941579639911652
0.44471317529678345,-0.37119191884994507,0.18880918622016907
0.6923637986183167,-0.37119191884994507,0.18880918622016907
0.6304511427879333,-0.37119191884994507,0.16676415503025055
0.6304511427879333,-0.37119191884994507,0.1961575299501419
0.8781017661094666,-0.3063125014305115,0.18880918622016907
0.8781017661094666,-0.04679487645626068,0.18880918622016907
0.8781017661094666,-0.11167428642511368,0.16676415503025055
0.8781017661094666,-0.11167428642511368,0.1961575299501419
0.8161891102790833,0.1478433609008789,0.18880918622016907
0.56853848695755,0.1478433609008789,0.18880918622016907
0.6304511427879333,0.1478433609008789,0.16676415503025055
0.6304511427879333,0.1478433609008789,0.1961575299501419
0.38280051946640015,0.08296395093202591,0.18880918622016907
0.38280051946640015,-0.17655369639396667,0.18880918622016907
0.38280051946640015,-0.11167428642511368,0.16676415503025055
0.38280051946640015,-0.11167428642511368,0.1961575299501419
0.38280051946640015,-0.17655369639396667,0.15941579639911652
0.38280051946640015,-0.37119191884994507,0.1961575299501419
0.38280051946640015,-0.04679487645626068,0.21820257604122162
0.38280051946640015,0.1478433609008789,0.18146084249019623
0.56853848695755,0.1478433609008789,0.15941579639911652
0.6923637986183167,0.1478433609008789,0.21820257604122162
0.8781017661094666,0.1478433609008789,0.18146084249019623
0.8781017661094666,-0.04679487645626068,0.15941579639911652
0.8781017661094666,-0.17655369639396667,0.21820257604122162
0.8781017661094666,-0.37119191884994507,0.18146084249019623
0.6923637986183167,-0.37119191884994507,0.15941579639911652
0.56853848695755,-0.37119191884994507,0.21820257604122162
0.38280051946640015,0.08296395093202591,0.15941579639911652
0.38280051946640015,-0.37119191884994507,0.16676415503025055
0.38280051946640015,-0.3063125014305115,0.21820257604122162
0.38280051946640015,0.1478433609008789,0.21085423231124878
0.8161891102790833,0.1478433609008789,0.15941579639911652
0.44471317529678345,0.1478433609008789,0.21820257604122162
0.8781017661094666,0.1478433609008789,0.21085423231124878
0.8781017661094666,-0.3063125014305115,0.15941579639911652
0.8781017661094666,0.08296395093202591,0.21820257604122162
0.8781017661094666,-0.37119191884994507,0.21085423231124878
0.44471317529678345,-0.37119191884994507,0.15941579639911652
0.8161891102790833,-0.37119191884994507,0.21820257604122162
0.6304511427879333,-0.17655369639396667,0.21820257604122162
0.6304511427879333,0.08296395093202591,0.21820257604122162
0.6923637986183167,-0.11167428642511368,0.21820257604122162
0.44471317529678345,-0.11167428642511368,0.21820257604122162
0.6304511427879333,-0.17655369639396667,0.15941579639911652
0.6304511427879333,0.08296395093202591,0.15941579639911652
0.56853848695755,-0.11167428642511368,0.15941579639911652
0.8161891102790833,-0.11167428642511368,0.15941579639911652
0.56853848695755,-0.37119191884994507,0.18880918622016907
0.8161891102790833,-0.37119191884994507,0.18880918622016907
0.6304511427879333,-0.37119191884994507,0.18146084249019623
0.6304511427879333,-0.37119191884994507,0.21085423231124878
0.8781017661094666,-0.17655369639396667,0.18880918622016907
0.8781017661094666,0.08296395093202591,0.18880918622016907
0.8781017661094666,-0.11167428642511368,0.18146084249019623
0.8781017661094666,-0.11167428642511368,0.21085423231124878
0.6923637986183167,0.1478433609008789,0.18880918622016907
0.44471317529678345,0.1478433609008789,0.18880918622016907
0.6304511427879333,0.1478433609008789,0.18146084249019623
0.6304511427879333,0.1478433609008789,0.21085423231124878
0.38280051946640015,-0.04679487645626068,0.18880918622016907
0.38280051946640015,-0.3063125014305115,0.18880918622016907
0.38280051946640015,-0.11167428642511368,0.18146084249019623
0.38280051946640015,-0.11167428642511368,0.21085423231124878
0.38280051946640015,-0.17655369639396667,0.20350588858127594
0.38280051946640015,-0.3063125014305115,0.20350588858127594
0.38280051946640015,-0.24143311381340027,0.1961575299501419
0.38280051946640015,-0.24143311381340027,0.21085423231124878
0.38280051946640015,-0.17655369639396667,0.1741124987602234
0.38280051946640015,-0.3063125014305115,0.1741124987602234
0.38280051946640015,-0.24143311381340027,0.16676415503025055
0.38280051946640015,-0.24143311381340027,0.18146084249019623
0.38280051946640015,0.08296395093202591,0.1741124987602234
0.38280051946640015,-0.04679487645626068,0.1741124987602234
0.38280051946640015,0.018084537237882614,0.16676415503025055
0.38280051946640015,0.018084537237882614,0.18146084249019623
0.56853848695755,0.1478433609008789,0.20350588858127594
0.44471317529678345,0.1478433609008789,0.20350588858127594
0.5066258311271667,0.1478433609008789,0.1961575299501419
0.5066258311271667,0.1478433609008789,0.21085423231124878
0.56853848695755,0.1478433609008789,0.1741124987602234
0.44471317529678345,0.1478433609008789,0.1741124987602234
0.5066258311271667,0.1478433609008789,0.16676415503025055
0.5066258311271667,0.1478433609008789,0.18146084249019623
0.8161891102790833,0.1478433609008789,0.1741124987602234
0.6923637986183167,0.1478433609008789,0.1741124987602234
0.7542764544487,0.1478433609008789,0.16676415503025055
0.7542764544487,0.1478433609008789,0.18146084249019623
0.8781017661094666,-0.04679487645626068,0.20350588858127594
0.8781017661094666,0.08296395093202591,0.20350588858127594
0.8781017661094666,0.018084537237882614,0.1961575299501419
0.8781017661094666,0.018084537237882614,0.21085423231124878
0.8781017661094666,-0.04679487645626068,0.1741124987602234
0.8781017661094666,0.08296395093202591,0.1741124987602234
0.8781017661094666,0.018084537237882614,0.16676415503025055
0.8781017661094666,0.018084537237882614,0.18146084249019623
0.8781017661094666,-0.3063125014305115,0.1741124987602234
0.8781017661094666,-0.17655369639396667,0.1741124987602234
0.8781017661094666,-0.24143311381340027,0.16676415503025055
0.8781017661094666,-0.24143311381340027,0.18146084249019623
0.6923637986183167,-0.37119191884994507,0.20350588858127594
0.8161891102790833,-0.37119191884994507,0.20350588858127594
0.7542764544487,-0.37119191884994507,0.1961575299501419
0.7542764544487,-0.37119191884994507,0.21085423231124878
0.6923637986183167,-0.37119191884994507,0.1741124987602234
0.8161891102790833,-0.37119191884994507,0.1741124987602234
0.7542764544487,-0.37119191884994507,0.16676415503025055
0.7542764544487,-0.37119191884994507,0.18146084249019623
0.44471317529678345,-0.37119191884994507,0.1741124987602234
0.56853848695755,-0.37119191884994507,0.1741124987602234
0.5066258311271667,-0.37119191884994507,0.16676415503025055
0.5066258311271667,-0.37119191884994507,0.18146084249019623
0.7542764544487,-0.04679487645626068,0.15941579639911652
0.7542764544487,0.08296395093202591,0.15941579639911652
0.6923637986183167,0.018084537237882614,0.15941579639911652
0.8161891102790833,0.018084537237882614,0.15941579639911652
0.5066258311271667,-0.04679487645626068,0.15941579639911652
0.5066258311271667,0.08296395093202591,0.15941579639911652
0.44471317529678345,0.018084537237882614,0.15941579639911652
0.56853848695755,0.018084537237882614,0.15941579639911652
0.5066258311271667,-0.3063125014305115,0.15941579639911652
0.5066258311271667,-0.17655369639396667,0.15941579639911652
0.44471317529678345,-0.24143311381340027,0.15941579639911652
0.56853848695755,-0.24143311381340027,0.15941579639911652
0.5066258311271667,-0.04679487645626068,0.21820257604122162
0.5066258311271667,0.08296395093202591,0.21820257604122162
0.56853848695755,0.018084537237882614,0.21820257604122162
0.44471317529678345,0.018084537237882614,0.21820257604122162
0.7542764544487,-0.04679487645626068,0.21820257604122162
0.7542764544487,0.08296395093202591,0.21820257604122162
0.8161891102790833,0.018084537237882614,0.21820257604122162
0.6923637986183167,0.018084537237882614,0.21820257604122162
0.7542764544487,-0.3063125014305115,0.21820257604122162
0.7542764544487,-0.17655369639396667,0.21820257604122162
0.8161891102790833,-0.24143311381340027,0.21820257604122162
0.6923637986183167,-0.24143311381340027,0.21820257604122162
0.5066258311271667,-0.3063125014305115,0.21820257604122162
0.5066258311271667,-0.17655369639396667,0.21820257604122162
0.56853848695755,-0.24143311381340027,0.21820257604122162
0.44471317529678345,-0.24143311381340027,0.21820257604122162
0.7542764544487,-0.3063125014305115,0.15941579639911652
0.7542764544487,-0.17655369639396667,0.15941579639911652
0.6923637986183167,-0.24143311381340027,0.15941579639911652
0.8161891102790833,-0.24143311381340027,0.15941579639911652
0.44471317529678345,-0.37119191884994507,0.20350588858127594
0.56853848695755,-0.37119191884994507,0.20350588858127594
0.5066258311271667,-0.37119191884994507,0.1961575299501419
0.5066258311271667,-0.37119191884994507,0.21085423231124878
0.8781017661094666,-0.3063125014305115,0.20350588858127594
0.8781017661094666,-0.17655369639396667,0.20350588858127594
0.8781017661094666,-0.24143311381340027,0.1961575299501419
0.8781017661094666,-0.24143311381340027,0.21085423231124878
0.8161891102790833,0.1478433609008789,0.20350588858127594
0.6923637986183167,0.1478433609008789,0.20350588858127594
0.7542764544487,0.1478433609008789,0.1961575299501419
0.7542764544487,0.1478433609008789,0.21085423231124878
0.38280051946640015,0.08296395093202591,0.20350588858127594
0.38280051946640015,-0.04679487645626068,0.20350588858127594
0.38280051946640015,0.018084537237882614,0.1961575299501419
0.38280051946640015,0.018084537237882614,0.21085423231124878
0.38280051946640015,-0.04679487645626068,0.21085423231124878
0.38280051946640015,-0.04679487645626068,0.1961575299501419
0.38280051946640015,0.08296395093202591,0.1961575299501419
0.6923637986183167,0.1478433609008789,0.21085423231124878
0.6923637986183167,0.1478433609008789,0.1961575299501419
0.8161891102790833,0.1478433609008789,0.1961575299501419
0.8781017661094666,-0.17655369639396667,0.21085423231124878
0.8781017661094666,-0.17655369639396667,0.1961575299501419
0.8781017661094666,-0.3063125014305115,0.1961575299501419
0.56853848695755,-0.37119191884994507,0.21085423231124878
0.56853848695755,-0.37119191884994507,0.1961575299501419
0.44471317529678345,-0.37119191884994507,0.1961575299501419
0.8161891102790833,-0.17655369639396667,0.15941579639911652
0.6923637986183167,-0.17655369639396667,0.15941579639911652
0.6923637986183167,-0.3063125014305115,0.15941579639911652
0.44471317529678345,-0.17655369639396667,0.21820257604122162
0.56853848695755,-0.17655369639396667,0.21820257604122162
0.56853848695755,-0.3063125014305115,0.21820257604122162
0.6923637986183167,-0.17655369639396667,0.21820257604122162
0.8161891102790833,-0.17655369639396667,0.21820257604122162
0.8161891102790833,-0.3063125014305115,0.21820257604122162
0.6923637986183167,0.08296395093202591,0.21820257604122162
0.8161891102790833,0.08296395093202591,0.21820257604122162
0.8161891102790833,-0.04679487645626068,0.21820257604122162
0.44471317529678345,0.08296395093202591,0.21820257604122162
0.56853848695755,0.08296395093202591,0.21820257604122162
0.56853848695755,-0.04679487645626068,0.21820257604122162
0.56853848695755,-0.17655369639396667,0.15941579639911652
0.44471317529678345,-0.17655369639396667,0.15941579639911652
0.44471317529678345,-0.3063125014305115,0.15941579639911652
0.56853848695755,0.08296395093202591,0.15941579639911652
0.44471317529678345,0.08296395093202591,0.15941579639911652
0.44471317529678345,-0.04679487645626068,0.15941579639911652
0.8161891102790833,0.08296395093202591,0.15941579639911652
0.6923637986183167,0.08296395093202591,0.15941579639911652
0.6923637986183167,-0.04679487645626068,0.15941579639911652
0.56853848695755,-0.37119191884994507,0.18146084249019623
0.56853848695755,-0.37119191884994507,0.16676415503025055
0.44471317529678345,-0.37119191884994507,0.16676415503025055
0.8161891102790833,-0.37119191884994507,0.18146084249019623
0.8161891102790833,-0.37119191884994507,0.16676415503025055
0.6923637986183167,-0.37119191884994507,0.16676415503025055
0.8161891102790833,-0.37119191884994507,0.21085423231124878
0.8161891102790833,-0.37119191884994507,0.1961575299501419
0.6923637986183167,-0.37119191884994507,0.1961575299501419
0.8781017661094666,-0.17655369639396667,0.18146084249019623
0.8781017661094666,-0.17655369639396667,0.16676415503025055
0.8781017661094666,-0.3063125014305115,0.16676415503025055
0.8781017661094666,0.08296395093202591,0.18146084249019623
0.8781017661094666,0.08296395093202591,0.16676415503025055
0.8781017661094666,-0.04679487645626068,0.16676415503025055
0.8781017661094666,0.08296395093202591,0.21085423231124878
0.8781017661094666,0.08296395093202591,0.1961575299501419
0.8781017661094666,-0.04679487645626068,0.1961575299501419
0.6923637986183167,0.1478433609008789,0.18146084249019623
0.6923637986183167,0.1478433609008789,0.16676415503025055
0.8161891102790833,0.1478433609008789,0.16676415503025055
0.44471317529678345,0.1478433609008789,0.18146084249019623
0.44471317529678345,0.1478433609008789,0.16676415503025055
0.56853848695755,0.1478433609008789,0.16676415503025055
0.44471317529678345,0.1478433609008789,0.21085423231124878
0.44471317529678345,0.1478433609008789,0.1961575299501419
0.56853848695755,0.1478433609008789,0.1961575299501419
0.38280051946640015,-0.04679487645626068,0.18146084249019623
0.38280051946640015,-0.04679487645626068,0.16676415503025055
0.38280051946640015,0.08296395093202591,0.16676415503025055
0.38280051946640015,-0.3063125014305115,0.18146084249019623
0.38280051946640015,-0.3063125014305115,0.16676415503025055
0.38280051946640015,-0.17655369639396667,0.16676415503025055
0.38280051946640015,-0.3063125014305115,0.21085423231124878
0.38280051946640015,-0.3063125014305115,0.1961575299501419
0.38280051946640015,-0.17655369639396667,0.1961575299501419
0.38280051946640015,-0.17655369639396667,0.21085423231124878
0.38280051946640015,-0.17655369639396667,0.18146084249019623
0.38280051946640015,0.08296395093202591,0.18146084249019623
0.56853848695755,0.1478433609008789,0.21085423231124878
0.56853848695755,0.1478433609008789,0.18146084249019623
0.8161891102790833,0.1478433609008789,0.18146084249019623
0.8781017661094666,-0.04679487645626068,0.21085423231124878
0.8781017661094666,-0.04679487645626068,0.18146084249019623
0.8781017661094666,-0.3063125014305115,0.18146084249019623
0.6923637986183167,-0.37119191884994507,0.21085423231124878
0.6923637986183167,-0.37119191884994507,0.18146084249019623
0.44471317529678345,-0.37119191884994507,0.18146084249019623
0.8161891102790833,-0.04679487645626068,0.15941579639911652
0.56853848695755,-0.04679487645626068,0.15941579639911652
0.56853848695755,-0.3063125014305115,0.15941579639911652
0.44471317529678345,-0.04679487645626068,0.21820257604122162
0.6923637986183167,-0.04679487645626068,0.21820257604122162
0.6923637986183167,-0.3063125014305115,0.21820257604122162
0.44471317529678345,-0.3063125014305115,0.21820257604122162
0.8161891102790833,-0.3063125014305115,0.15941579639911652
0.44471317529678345,-0.37119191884994507,0.21085423231124878
0.8781017661094666,-0.3063125014305115,0.21085423231124878
0.8161891102790833,0.1478433609008789,0.21085423231124878
0.38280051946640015,0.08296395093202591,0.21085423231124878
