0.596156656742096,-0.47223371267318726,0.1284152865409851
0.596156656742096,-0.47223371267318726,0.1872020661830902
0.596156656742096,0.04680155962705612,0.1284152865409851
0.596156656742096,0.04680155962705612,0.1872020661830902
1.0914578437805176,-0.47223371267318726,0.1284152865409851
1.0914578437805176,-0.47223371267318726,0.1872020661830902
1.0914578437805176,0.04680155962705612,0.1284152865409851
1.0914578437805176,0.04680155962705612,0.1872020661830902
0.596156656742096,-0.21271608769893646,0.1284152865409851
0.596156656742096,-0.47223371267318726,0.15780867636203766
0.596156656742096,-0.21271608769893646,0.1872020661830902
0.596156656742096,0.04680155962705612,0.15780867636203766
0.8438072800636292,0.04680155962705612,0.1284152865409851
0.8438072800636292,0.04680155962705612,0.1872020661830902
1.0914578437805176,0.04680155962705612,0.15780867636203766
1.0914578437805176,-0.21271608769893646,0.1284152865409851
1.0914578437805176,-0.21271608769893646,0.1872020661830902
1.0914578437805176,-0.47223371267318726,0.15780867636203766
0.8438072800636292,-0.47223371267318726,0.1284152865409851
0.8438072800636292,-0.47223371267318726,0.1872020661830902
0.8438072800636292,-0.21271608769893646,0.1872020661830902
0.8438072800636292,-0.21271608769893646,0.1284152865409851
0.8438072800636292,-0.47223371267318726,0.15780867636203766
1.0914578437805176,-0.21271608769893646,0.15780867636203766
0.8438072800636292,0.04680155962705612,0.15780867636203766
0.596156656742096,-0.21271608769893646,0.15780867636203766
0.596156656742096,-0.34247490763664246,0.1284152865409851
0.596156656742096,-0.47223371267318726,0.17250537872314453
0.596156656742096,-0.08295726776123047,0.1872020661830902
0.596156656742096,0.04680155962705612,0.14311198890209198
0.7199819684028625,0.04680155962705612,0.1284152865409851
0.9676325917243958,0.04680155962705612,0.1872020661830902
1.0914578437805176,0.04680155962705612,0.14311198890209198
1.0914578437805176,-0.08295726776123047,0.1284152865409851
1.0914578437805176,-0.34247490763664246,0.1872020661830902
1.0914578437805176,-0.47223371267318726,0.14311198890209198
0.9676325917243958,-0.47223371267318726,0.1284152865409851
0.7199819684028625,-0.47223371267318726,0.1872020661830902
0.596156656742096,-0.08295726776123047,0.1284152865409851
0.596156656742096,-0.47223371267318726,0.14311198890209198
0.596156656742096,-0.34247490763664246,0.1872020661830902
0.596156656742096,0.04680155962705612,0.17250537872314453
0.9676325917243958,0.04680155962705612,0.1284152865409851
0.7199819684028625,0.04680155962705612,0.1872020661830902
1.0914578437805176,0.04680155962705612,0.17250537872314453
1.0914578437805176,-0.34247490763664246,0.1284152865409851
1.0914578437805176,-0.08295726776123047,0.1872020661830902
1.0914578437805176,-0.47223371267318726,0.17250537872314453
0.7199819684028625,-0.47223371267318726,0.1284152865409851
0.9676325917243958,-0.47223371267318726,0.1872020661830902
0.8438072800636292,-0.34247490763664246,0.1872020661830902
0.8438072800636292,-0.08295726776123047,0.1872020661830902
0.9676325917243958,-0.21271608769893646,0.1872020661830902
0.7199819684028625,-0.21271608769893646,0.1872020661830902
0.8438072800636292,-0.34247490763664246,0.1284152865409851
0.8438072800636292,-0.08295726776123047,0.1284152865409851
0.7199819684028625,-0.21271608769893646,0.1284152865409851
0.9676325917243958,-0.21271608769893646,0.1284152865409851
0.7199819684028625,-0.47223371267318726,0.15780867636203766
0.9676325917243958,-0.47223371267318726,0.15780867636203766
0.8438072800636292,-0.47223371267318726,0.14311198890209198
0.8438072800636292,-0.47223371267318726,0.17250537872314453
1.0914578437805176,-0.34247490763664246,0.15780867636203766
1.0914578437805176,-0.08295726776123047,0.15780867636203766
1.0914578437805176,-0.21271608769893646,0.14311198890209198
1.0914578437805176,-0.21271608769893646,0.17250537872314453
0.9676325917243958,0.04680155962705612,0.15780867636203766
0.7199819684028625,0.04680155962705612,0.15780867636203766
0.8438072800636292,0.04680155962705612,0.14311198890209198
0.8438072800636292,0.04680155962705612,0.17250537872314453
0.596156656742096,-0.08295726776123047,0.15780867636203766
0.596156656742096,-0.34247490763664246,0.15780867636203766
0.596156656742096,-0.21271608769893646,0.14311198890209198
0.596156656742096,-0.21271608769893646,0.17250537872314453
0.596156656742096,-0.34247490763664246,0.17250537872314453
0.596156656742096,-0.34247490763664246,0.14311198890209198
0.596156656742096,-0.08295726776123047,0.14311198890209198
0.7199819684028625,0.04680155962705612,0.17250537872314453
0.7199819684028625,0.04680155962705612,0.14311198890209198
0.9676325917243958,0.04680155962705612,0.14311198890209198
1.0914578437805176,-0.08295726776123047,0.17250537872314453
1.0914578437805176,-0.08295726776123047,0.14311198890209198
1.0914578437805176,-0.34247490763664246,0.14311198890209198
0.9676325917243958,-0.47223371267318726,0.17250537872314453
0.9676325917243958,-0.47223371267318726,0.14311198890209198
0.7199819684028625,-0.47223371267318726,0.14311198890209198
0.9676325917243958,-0.08295726776123047,0.1284152865409851
0.7199819684028625,-0.08295726776123047,0.1284152865409851
0.7199819684028625,-0.34247490763664246,0.1284152865409851
0.7199819684028625,-0.08295726776123047,0.1872020661830902
0.9676325917243958,-0.08295726776123047,0.1872020661830902
0.9676325917243958,-0.34247490763664246,0.1872020661830902
0.7199819684028625,-0.34247490763664246,0.1872020661830902
0.9676325917243958,-0.34247490763664246,0.1284152865409851
0.7199819684028625,-0.47223371267318726,0.17250537872314453
1.0914578437805176,-0.34247490763664246,0.17250537872314453
0.9676325917243958,0.04680155962705612,0.17250537872314453
0.596156656742096,-0.08295726776123047,0.17250537872314453
0.596156656742096,-0.40735429525375366,0.1284152865409851
0.596156656742096,-0.47223371267318726,0.17985372245311737
0.596156656742096,-0.018077850341796875,0.1872020661830902
0.596156656742096,0.04680155962705612,0.13576364517211914
0.6580693125724792,0.04680155962705612,0.1284152865409851
1.0295451879501343,0.04680155962705612,0.1872020661830902
1.0914578437805176,0.04680155962705612,0.13576364517211914
1.0914578437805176,-0.018077850341796875,0.1284152865409851
1.0914578437805176,-0.40735429525375366,0.1872020661830902
1.0914578437805176,-0.47223371267318726,0.13576364517211914
1.0295451879501343,-0.47223371267318726,0.1284152865409851
0.6580693125724792,-0.47223371267318726,0.1872020661830902
0.596156656742096,-0.14783668518066406,0.1284152865409851
0.596156656742096,-0.47223371267318726,0.15046033263206482
0.596156656742096,-0.27759549021720886,0.1872020661830902
0.596156656742096,0.04680155962705612,0.1651570200920105
0.9057199358940125,0.04680155962705612,0.1284152865409851
0.7818946242332458,0.04680155962705612,0.1872020661830902
1.0914578437805176,0.04680155962705612,0.1651570200920105
1.0914578437805176,-0.27759549021720886,0.1284152865409851
1.0914578437805176,-0.14783668518066406,0.1872020661830902
1.0914578437805176,-0.47223371267318726,0.1651570200920105
0.7818946242332458,-0.47223371267318726,0.1284152865409851
0.9057199358940125,-0.47223371267318726,0.1872020661830902
0.8438072800636292,-0.40735429525375366,0.1872020661830902
0.8438072800636292,-0.14783668518066406,0.1872020661830902
1.0295451879501343,-0.21271608769893646,0.1872020661830902
0.7818946242332458,-0.21271608769893646,0.1872020661830902
0.8438072800636292,-0.40735429525375366,0.1284152865409851
0.8438072800636292,-0.14783668518066406,0.1284152865409851
0.6580693125724792,-0.21271608769893646,0.1284152865409851
0.9057199358940125,-0.21271608769893646,0.1284152865409851
0.6580693125724792,-0.47223371267318726,0.15780867636203766
0.9057199358940125,-0.47223371267318726,0.15780867636203766
0.8438072800636292,-0.47223371267318726,0.13576364517211914
0.8438072800636292,-0.47223371267318726,0.1651570200920105
1.0914578437805176,-0.40735429525375366,0.15780867636203766
1.0914578437805176,-0.14783668518066406,0.15780867636203766
1.0914578437805176,-0.21271608769893646,0.13576364517211914
1.0914578437805176,-0.21271608769893646,0.1651570200920105
1.0295451879501343,0.04680155962705612,0.15780867636203766
0.7818946242332458,0.04680155962705612,0.15780867636203766
0.8438072800636292,0.04680155962705612,0.13576364517211914
0.8438072800636292,0.04680155962705612,0.1651570200920105
0.596156656742096,-0.018077850341796875,0.15780867636203766
0.596156656742096,-0.27759549021720886,0.15780867636203766
0.596156656742096,-0.21271608769893646,0.13576364517211914
0.596156656742096,-0.21271608769893646,0.1651570200920105
0.596156656742096,-0.27759549021720886,0.1284152865409851
0.596156656742096,-0.47223371267318726,0.1651570200920105
0.596156656742096,-0.14783668518066406,0.1872020661830902
0.596156656742096,0.04680155962705612,0.15046033263206482
0.7818946242332458,0.04680155962705612,0.1284152865409851
0.9057199358940125,0.04680155962705612,0.1872020661830902
1.0914578437805176,0.04680155962705612,0.15046033263206482
1.0914578437805176,-0.14783668518066406,0.1284152865409851
1.0914578437805176,-0.27759549021720886,0.1872020661830902
1.0914578437805176,-0.47223371267318726,0.15046033263206482
0.9057199358940125,-0.47223371267318726,0.1284152865409851
0.7818946242332458,-0.47223371267318726,0.1872020661830902
0.596156656742096,-0.018077850341796875,0.1284152865409851
0.596156656742096,-0.47223371267318726,0.13576364517211914
0.596156656742096,-0.40735429525375366,0.1872020661830902
0.596156656742096,0.04680155962705612,0.17985372245311737
1.0295451879501343,0.04680155962705612,0.1284152865409851
0.6580693125724792,0.04680155962705612,0.1872020661830902
1.0914578437805176,0.04680155962705612,0.17985372245311737
1.0914578437805176,-0.40735429525375366,0.1284152865409851
1.0914578437805176,-0.018077850341796875,0.1872020661830902
1.0914578437805176,-0.47223371267318726,0.17985372245311737
0.6580693125724792,-0.47223371267318726,0.1284152865409851
1.0295451879501343,-0.47223371267318726,0.1872020661830902
0.8438072800636292,-0.27759549021720886,0.1872020661830902
0.8438072800636292,-0.018077850341796875,0.1872020661830902
0.9057199358940125,-0.21271608769893646,0.1872020661830902
0.6580693125724792,-0.21271608769893646,0.1872020661830902
0.8438072800636292,-0.27759549021720886,0.1284152865409851
0.8438072800636292,-0.018077850341796875,0.1284152865409851
0.7818946242332458,-0.21271608769893646,0.1284152865409851
1.0295451879501343,-0.21271608769893646,0.1284152865409851
0.7818946242332458,-0.47223371267318726,0.15780867636203766
1.0295451879501343,-0.47223371267318726,0.15780867636203766
0.8438072800636292,-0.47223371267318726,0.15046033263206482
0.8438072800636292,-0.47223371267318726,0.17985372245311737
1.0914578437805176,-0.27759549021720886,0.15780867636203766
1.0914578437805176,-0.018077850341796875,0.15780867636203766
1.0914578437805176,-0.21271608769893646,0.15046033263206482
1.0914578437805176,-0.21271608769893646,0.17985372245311737
0.9057199358940125,0.04680155962705612,0.15780867636203766
0.6580693125724792,0.04680155962705612,0.15780867636203766
0.8438072800636292,0.04680155962705612,0.15046033263206482
0.8438072800636292,0.04680155962705612,0.17985372245311737
0.596156656742096,-0.14783668518066406,0.15780867636203766
0.596156656742096,-0.40735429525375366,0.15780867636203766
0.596156656742096,-0.21271608769893646,0.15046033263206482
0.596156656742096,-0.21271608769893646,0.17985372245311737
0.596156656742096,-0.27759549021720886,0.17250537872314453
0.596156656742096,-0.40735429525375366,0.17250537872314453
0.596156656742096,-0.34247490763664246,0.1651570200920105
0.596156656742096,-0.34247490763664246,0.17985372245311737
0.596156656742096,-0.27759549021720886,0.14311198890209198
0.596156656742096,-0.40735429525375366,0.14311198890209198
0.596156656742096,-0.34247490763664246,0.13576364517211914
0.596156656742096,-0.34247490763664246,0.15046033263206482
0.596156656742096,-0.018077850341796875,0.14311198890209198
0.596156656742096,-0.14783668518066406,0.14311198890209198
0.596156656742096,-0.08295726776123047,0.13576364517211914
0.596156656742096,-0.08295726776123047,0.15046033263206482
0.7818946242332458,0.04680155962705612,0.17250537872314453
0.6580693125724792,0.04680155962705612,0.17250537872314453
0.7199819684028625,0.04680155962705612,0.1651570200920105
0.7199819684028625,0.04680155962705612,0.17985372245311737
0.7818946242332458,0.04680155962705612,0.14311198890209198
0.6580693125724792,0.04680155962705612,0.14311198890209198
0.7199819684028625,0.04680155962705612,0.13576364517211914
0.7199819684028625,0.04680155962705612,0.15046033263206482
1.0295451879501343,0.04680155962705612,0.14311198890209198
0.9057199358940125,0.04680155962705612,0.14311198890209198
0.9676325917243958,0.04680155962705612,0.13576364517211914
0.9676325917243958,0.04680155962705612,0.15046033263206482
1.0914578437805176,-0.14783668518066406,0.17250537872314453
1.0914578437805176,-0.018077850341796875,0.17250537872314453
1.0914578437805176,-0.08295726776123047,0.1651570200920105
1.0914578437805176,-0.08295726776123047,0.17985372245311737
1.0914578437805176,-0.14783668518066406,0.14311198890209198
1.0914578437805176,-0.018077850341796875,0.14311198890209198
1.0914578437805176,-0.08295726776123047,0.13576364517211914
1.0914578437805176,-0.08295726776123047,0.15046033263206482
1.0914578437805176,-0.40735429525375366,0.14311198890209198
1.0914578437805176,-0.27759549021720886,0.14311198890209198
1.0914578437805176,-0.34247490763664246,0.13576364517211914
1.0914578437805176,-0.34247490763664246,0.15046033263206482
0.9057199358940125,-0.47223371267318726,0.17250537872314453
1.0295451879501343,-0.47223371267318726,0.17250537872314453
0.9676325917243958,-0.47223371267318726,0.1651570200920105
0.9676325917243958,-0.47223371267318726,0.17985372245311737
0.9057199358940125,-0.47223371267318726,0.14311198890209198
1.0295451879501343,-0.47223371267318726,0.14311198890209198
0.9676325917243958,-0.47223371267318726,0.13576364517211914
0.9676325917243958,-0.47223371267318726,0.15046033263206482
0.6580693125724792,-0.47223371267318726,0.14311198890209198
0.7818946242332458,-0.47223371267318726,0.14311198890209198
0.7199819684028625,-0.47223371267318726,0.13576364517211914
0.7199819684028625,-0.47223371267318726,0.15046033263206482
0.9676325917243958,-0.14783668518066406,0.1284152865409851
0.9676325917243958,-0.018077850341796875,0.1284152865409851
0.9057199358940125,-0.08295726776123047,0.1284152865409851
1.0295451879501343,-0.08295726776123047,0.1284152865409851
0.7199819684028625,-0.14783668518066406,0.1284152865409851
0.7199819684028625,-0.018077850341796875,0.1284152865409851
0.6580693125724792,-0.08295726776123047,0.1284152865409851
0.7818946242332458,-0.08295726776123047,0.1284152865409851
0.7199819684028625,-0.40735429525375366,0.1284152865409851
0.7199819684028625,-0.27759549021720886,0.1284152865409851
0.6580693125724792,-0.34247490763664246,0.1284152865409851
0.7818946242332458,-0.34247490763664246,0.1284152865409851
0.7199819684028625,-0.14783668518066406,0.1872020661830902
0.7199819684028625,-0.018077850341796875,0.1872020661830902
0.7818946242332458,-0.08295726776123047,0.1872020661830902
0.6580693125724792,-0.08295726776123047,0.1872020661830902
0.9676325917243958,-0.14783668518066406,0.1872020661830902
0.9676325917243958,-0.018077850341796875,0.1872020661830902
1.0295451879501343,-0.08295726776123047,0.1872020661830902
0.9057199358940125,-0.08295726776123047,0.1872020661830902
0.9676325917243958,-0.40735429525375366,0.1872020661830902
0.9676325917243958,-0.27759549021720886,0.1872020661830902
1.0295451879501343,-0.34247490763664246,0.1872020661830902
0.9057199358940125,-0.34247490763664246,0.1872020661830902
0.7199819684028625,-0.40735429525375366,0.1872020661830902
0.7199819684028625,-0.27759549021720886,0.1872020661830902
0.7818946242332458,-0.34247490763664246,0.1872020661830902
0.6580693125724792,-0.34247490763664246,0.1872020661830902
0.9676325917243958,-0.40735429525375366,0.1284152865409851
0.9676325917243958,-0.27759549021720886,0.1284152865409851
0.9057199358940125,-0.34247490763664246,0.1284152865409851
1.0295451879501343,-0.34247490763664246,0.1284152865409851
0.6580693125724792,-0.47223371267318726,0.17250537872314453
0.7818946242332458,-0.47223371267318726,0.17250537872314453
0.7199819684028625,-0.47223371267318726,0.1651570200920105
0.7199819684028625,-0.47223371267318726,0.17985372245311737
1.0914578437805176,-0.40735429525375366,0.17250537872314453
1.0914578437805176,-0.27759549021720886,0.17250537872314453
1.0914578437805176,-0.34247490763664246,0.1651570200920105
1.0914578437805176,-0.34247490763664246,0.17985372245311737
1.0295451879501343,0.04680155962705612,0.17250537872314453
0.9057199358940125,0.04680155962705612,0.17250537872314453
0.9676325917243958,0.04680155962705612,0.1651570200920105
0.9676325917243958,0.04680155962705612,0.17985372245311737
0.596156656742096,-0.018077850341796875,0.17250537872314453
0.596156656742096,-0.14783668518066406,0.17250537872314453
0.596156656742096,-0.08295726776123047,0.1651570200920105
0.596156656742096,-0.08295726776123047,0.17985372245311737
0.596156656742096,-0.14783668518066406,0.17985372245311737
0.596156656742096,-0.14783668518066406,0.1651570200920105
0.596156656742096,-0.018077850341796875,0.1651570200920105
0.9057199358940125,0.04680155962705612,0.17985372245311737
0.9057199358940125,0.04680155962705612,0.1651570200920105
1.0295451879501343,0.04680155962705612,0.1651570200920105
1.0914578437805176,-0.27759549021720886,0.17985372245311737
1.0914578437805176,-0.27759549021720886,0.1651570200920105
1.0914578437805176,-0.40735429525375366,0.1651570200920105
0.7818946242332458,-0.47223371267318726,0.17985372245311737
0.7818946242332458,-0.47223371267318726,0.1651570200920105
0.6580693125724792,-0.47223371267318726,0.1651570200920105
1.0295451879501343,-0.27759549021720886,0.1284152865409851
0.9057199358940125,-0.27759549021720886,0.1284152865409851
0.9057199358940125,-0.40735429525375366,0.1284152865409851
0.6580693125724792,-0.27759549021720886,0.1872020661830902
0.7818946242332458,-0.27759549021720886,0.1872020661830902
0.7818946242332458,-0.40735429525375366,0.1872020661830902
0.9057199358940125,-0.27759549021720886,0.1872020661830902
1.0295451879501343,-0.27759549021720886,0.1872020661830902
1.0295451879501343,-0.40735429525375366,0.1872020661830902
0.9057199358940125,-0.018077850341796875,0.1872020661830902
1.0295451879501343,-0.018077850341796875,0.1872020661830902
1.0295451879501343,-0.14783668518066406,0.1872020661830902
0.6580693125724792,-0.018077850341796875,0.1872020661830902
0.7818946242332458,-0.018077850341796875,0.1872020661830902
0.7818946242332458,-0.14783668518066406,0.1872020661830902
0.7818946242332458,-0.27759549021720886,0.1284152865409851
0.6580693125724792,-0.27759549021720886,0.1284152865409851
0.6580693125724792,-0.40735429525375366,0.1284152865409851
0.7818946242332458,-0.018077850341796875,0.1284152865409851
0.6580693125724792,-0.018077850341796875,0.1284152865409851
0.6580693125724792,-0.14783668518066406,0.1284152865409851
1.0295451879501343,-0.018077850341796875,0.1284152865409851
0.9057199358940125,-0.018077850341796875,0.1284152865409851
0.9057199358940125,-0.14783668518066406,0.1284152865409851
0.7818946242332458,-0.47223371267318726,0.15046033263206482
0.7818946242332458,-0.47223371267318726,0.13576364517211914
0.6580693125724792,-0.47223371267318726,0.13576364517211914
1.0295451879501343,-0.47223371267318726,0.15046033263206482
1.0295451879501343,-0.47223371267318726,0.13576364517211914
0.9057199358940125,-0.47223371267318726,0.13576364517211914
1.0295451879501343,-0.47223371267318726,0.17985372245311737
1.0295451879501343,-0.47223371267318726,0.1651570200920105
0.9057199358940125,-0.47223371267318726,0.1651570200920105
1.0914578437805176,-0.27759549021720886,0.15046033263206482
1.0914578437805176,-0.27759549021720886,0.13576364517211914
1.0914578437805176,-0.40735429525375366,0.13576364517211914
1.0914578437805176,-0.018077850341796875,0.15046033263206482
1.0914578437805176,-0.018077850341796875,0.13576364517211914
1.0914578437805176,-0.14783668518066406,0.13576364517211914
1.0914578437805176,-0.018077850341796875,0.17985372245311737
1.0914578437805176,-0.018077850341796875,0.1651570200920105
1.0914578437805176,-0.14783668518066406,0.1651570200920105
0.9057199358940125,0.04680155962705612,0.15046033263206482
0.9057199358940125,0.04680155962705612,0.13576364517211914
1.0295451879501343,0.04680155962705612,0.13576364517211914
0.6580693125724792,0.04680155962705612,0.15046033263206482
0.6580693125724792,0.04680155962705612,0.13576364517211914
0.7818946242332458,0.04680155962705612,0.13576364517211914
0.6580693125724792,0.04680155962705612,0.17985372245311737
0.6580693125724792,0.04680155962705612,0.1651570200920105
0.7818946242332458,0.04680155962705612,0.1651570200920105
0.596156656742096,-0.14783668518066406,0.15046033263206482
0.596156656742096,-0.14783668518066406,0.13576364517211914
0.596156656742096,-0.018077850341796875,0.13576364517211914
0.596156656742096,-0.40735429525375366,0.15046033263206482
0.596156656742096,-0.40735429525375366,0.13576364517211914
0.596156656742096,-0.27759549021720886,0.13576364517211914
0.596156656742096,-0.40735429525375366,0.17985372245311737
0.596156656742096,-0.40735429525375366,0.1651570200920105
0.596156656742096,-0.27759549021720886,0.1651570200920105
0.596156656742096,-0.27759549021720886,0.17985372245311737
0.596156656742096,-0.27759549021720886,0.15046033263206482
0.596156656742096,-0.018077850341796875,0.15046033263206482
0.7818946242332458,0.04680155962705612,0.17985372245311737
0.7818946242332458,0.04680155962705612,0.15046033263206482
1.0295451879501343,0.04680155962705612,0.15046033263206482
1.0914578437805176,-0.14783668518066406,0.17985372245311737
1.0914578437805176,-0.14783668518066406,0.15046033263206482
1.0914578437805176,-0.40735429525375366,0.15046033263206482
0.9057199358940125,-0.47223371267318726,0.17985372245311737
0.9057199358940125,-0.47223371267318726,0.15046033263206482
0.6580693125724792,-0.47223371267318726,0.15046033263206482
1.0295451879501343,-0.14783668518066406,0.1284152865409851
0.7818946242332458,-0.14783668518066406,0.1284152865409851
0.7818946242332458,-0.40735429525375366,0.1284152865409851
0.6580693125724792,-0.14783668518066406,0.1872020661830902
0.9057199358940125,-0.14783668518066406,0.1872020661830902
0.9057199358940125,-0.40735429525375366,0.1872020661830902
0.6580693125724792,-0.40735429525375366,0.1872020661830902
1.0295451879501343,-0.40735429525375366,0.1284152865409851
0.6580693125724792,-0.47223371267318726,0.17985372245311737
1.0914578437805176,-0.40735429525375366,0.17985372245311737
1.0295451879501343,0.04680155962705612,0.17985372245311737
0.596156656742096,-0.018077850341796875,0.17985372245311737
