0.33987703919410706,0.5114922523498535,0.15946832299232483
0.4581991732120514,0.4255272150039673,0.2498573362827301
0.29468289017677307,0.3723965883255005,0.24985727667808533
0.1936231106519699,0.5114922523498535,0.24985799193382263
0.29468289017677307,0.6505879163742065,0.24985727667808533
0.4581991732120514,0.5974572896957397,0.2498573362827301
0.38507118821144104,0.3723965883255005,0.39611342549324036
0.22155490517616272,0.4255272150039673,0.3961133658885956
0.22155490517616272,0.5974572896957397,0.3961133658885956
0.38507118821144104,0.6505879163742065,0.39611342549324036
0.4861309826374054,0.5114922523498535,0.39611271023750305
0.33987703919410706,0.5114922523498535,0.48650237917900085
0.3133127987384796,0.4297345280647278,0.18388885259628296
0.4094245433807373,0.4609636068344116,0.18388888239860535
0.38286057114601135,0.37920504808425903,0.23701831698417664
0.478972464799881,0.5114922523498535,0.23701855540275574
0.4094245433807373,0.5620208978652954,0.18388888239860535
0.25391125679016113,0.5114922523498535,0.18388929963111877
0.22734634578227997,0.4297342300415039,0.23701855540275574
0.3133127987384796,0.593250036239624,0.18388885259628296
0.22734634578227997,0.5932502746582031,0.23701855540275574
0.38286057114601135,0.643779456615448,0.23701831698417664
0.49539121985435486,0.4609634280204773,0.32298538088798523
0.49539121985435486,0.5620211362838745,0.32298538088798523
0.33987703919410706,0.3479752540588379,0.32298538088798523
0.43599000573158264,0.3792042136192322,0.32298538088798523
0.18436287343502045,0.4609634280204773,0.32298538088798523
0.24376407265663147,0.3792042136192322,0.32298538088798523
0.24376407265663147,0.6437802910804749,0.32298538088798523
0.18436287343502045,0.5620211362838745,0.32298538088798523
0.43599000573158264,0.6437802910804749,0.32298538088798523
0.33987703919410706,0.6750093102455139,0.32298538088798523
0.45240774750709534,0.4297342300415039,0.4089522063732147
0.29689350724220276,0.37920504808425903,0.4089524447917938
0.20078161358833313,0.5114922523498535,0.40895214676856995
0.29689350724220276,0.643779456615448,0.4089524447917938
0.45240774750709534,0.5932502746582031,0.4089522063732147
0.3664412796497345,0.4297345280647278,0.46208181977272034
0.425842821598053,0.5114922523498535,0.4620814025402069
0.2703295350074768,0.4609636068344116,0.46208181977272034
0.2703295350074768,0.5620208978652954,0.46208181977272034
0.3664412796497345,0.593250036239624,0.46208181977272034
