0.29249513149261475,-0.32613372802734375,0.14838935434818268
0.4108172655105591,-0.41209876537323,0.23877836763858795
0.24730098247528076,-0.4652293920516968,0.23877830803394318
0.1462411880493164,-0.32613372802734375,0.23877902328968048
0.24730098247528076,-0.18703803420066833,0.23877830803394318
0.4108172655105591,-0.24016866087913513,0.23877836763858795
0.33768928050994873,-0.4652293920516968,0.3850345015525818
0.1741729974746704,-0.41209876537323,0.38503438234329224
0.1741729974746704,-0.24016866087913513,0.38503438234329224
0.33768928050994873,-0.18703803420066833,0.3850345015525818
0.4387490749359131,-0.32613372802734375,0.3850337862968445
0.29249513149261475,-0.32613372802734375,0.4754233956336975
0.2659308910369873,-0.4078914523124695,0.17280985414981842
0.362042635679245,-0.37666237354278564,0.1728099137544632
0.33547866344451904,-0.45842093229293823,0.2259392887353897
0.43159055709838867,-0.32613372802734375,0.2259395867586136
0.362042635679245,-0.27560505270957947,0.1728099137544632
0.20652934908866882,-0.32613372802734375,0.17281033098697662
0.17996442317962646,-0.40789175033569336,0.2259395271539688
0.2659308910369873,-0.24437594413757324,0.17280985414981842
0.17996442317962646,-0.24437567591667175,0.2259395271539688
0.33547866344451904,-0.19384649395942688,0.2259392887353897
0.4480092525482178,-0.37666255235671997,0.3119063973426819
0.4480092525482178,-0.27560487389564514,0.3119063973426819
0.29249513149261475,-0.4896507263183594,0.3119063973426819
0.38860809803009033,-0.4584217667579651,0.3119063973426819
0.13698096573352814,-0.37666255235671997,0.3119063973426819
0.19638216495513916,-0.4584217667579651,0.3119063973426819
0.19638216495513916,-0.19384565949440002,0.3119063973426819
0.13698096573352814,-0.27560487389564514,0.3119063973426819
0.38860809803009033,-0.19384565949440002,0.3119063973426819
0.29249513149261475,-0.16261667013168335,0.3119063973426819
0.40502581000328064,-0.40789175033569336,0.3978732228279114
0.24951159954071045,-0.45842093229293823,0.3978734612464905
0.15339970588684082,-0.32613372802734375,0.3978732228279114
0.24951159954071045,-0.19384649395942688,0.3978734612464905
0.40502581000328064,-0.24437567591667175,0.3978732228279114
0.3190593719482422,-0.4078914523124695,0.45100289583206177
0.37846091389656067,-0.32613372802734375,0.45100241899490356
0.2229476273059845,-0.37666237354278564,0.45100289583206177
0.2229476273059845,-0.27560505270957947,0.45100289583206177
0.3190593719482422,-0.24437594413757324,0.45100289583206177
