0.37382572889328003,-0.47223371267318726,0.1284152865409851
0.37382572889328003,-0.47223371267318726,0.1872020661830902
0.37382572889328003,0.04680155962705612,0.1284152865409851
0.37382572889328003,0.04680155962705612,0.1872020661830902
0.8691269755363464,-0.47223371267318726,0.1284152865409851
0.8691269755363464,-0.47223371267318726,0.1872020661830902
0.8691269755363464,0.04680155962705612,0.1284152865409851
0.8691269755363464,0.04680155962705612,0.1872020661830902
0.37382572889328003,-0.21271608769893646,0.1284152865409851
0.37382572889328003,-0.47223371267318726,0.15780867636203766
0.37382572889328003,-0.21271608769893646,0.1872020661830902
0.37382572889328003,0.04680155962705612,0.15780867636203766
0.6214763522148132,0.04680155962705612,0.1284152865409851
0.6214763522148132,0.04680155962705612,0.1872020661830902
0.8691269755363464,0.04680155962705612,0.15780867636203766
0.8691269755363464,-0.21271608769893646,0.1284152865409851
0.8691269755363464,-0.21271608769893646,0.1872020661830902
0.8691269755363464,-0.47223371267318726,0.15780867636203766
0.6214763522148132,-0.47223371267318726,0.1284152865409851
0.6214763522148132,-0.47223371267318726,0.1872020661830902
0.6214763522148132,-0.21271608769893646,0.1872020661830902
0.6214763522148132,-0.21271608769893646,0.1284152865409851
0.6214763522148132,-0.47223371267318726,0.15780867636203766
0.8691269755363464,-0.21271608769893646,0.15780867636203766
0.6214763522148132,0.04680155962705612,0.15780867636203766
0.37382572889328003,-0.21271608769893646,0.15780867636203766
0.37382572889328003,-0.34247490763664246,0.1284152865409851
0.37382572889328003,-0.47223371267318726,0.17250537872314453
0.37382572889328003,-0.08295726776123047,0.1872020661830902
0.37382572889328003,0.04680155962705612,0.14311198890209198
0.49765104055404663,0.04680155962705612,0.1284152865409851
0.7453016638755798,0.04680155962705612,0.1872020661830902
0.8691269755363464,0.04680155962705612,0.14311198890209198
0.8691269755363464,-0.08295726776123047,0.1284152865409851
0.8691269755363464,-0.34247490763664246,0.1872020661830902
0.8691269755363464,-0.47223371267318726,0.14311198890209198
0.7453016638755798,-0.47223371267318726,0.1284152865409851
0.49765104055404663,-0.47223371267318726,0.1872020661830902
0.37382572889328003,-0.08295726776123047,0.1284152865409851
0.37382572889328003,-0.47223371267318726,0.14311198890209198
0.37382572889328003,-0.34247490763664246,0.1872020661830902
0.37382572889328003,0.04680155962705612,0.17250537872314453
0.7453016638755798,0.04680155962705612,0.1284152865409851
0.49765104055404663,0.04680155962705612,0.1872020661830902
0.8691269755363464,0.04680155962705612,0.17250537872314453
0.8691269755363464,-0.34247490763664246,0.1284152865409851
0.8691269755363464,-0.08295726776123047,0.1872020661830902
0.8691269755363464,-0.47223371267318726,0.17250537872314453
0.49765104055404663,-0.47223371267318726,0.1284152865409851
0.7453016638755798,-0.47223371267318726,0.1872020661830902
0.6214763522148132,-0.34247490763664246,0.1872020661830902
0.6214763522148132,-0.08295726776123047,0.1872020661830902
0.7453016638755798,-0.21271608769893646,0.1872020661830902
0.49765104055404663,-0.21271608769893646,0.1872020661830902
0.6214763522148132,-0.34247490763664246,0.1284152865409851
0.6214763522148132,-0.08295726776123047,0.1284152865409851
0.49765104055404663,-0.21271608769893646,0.1284152865409851
0.7453016638755798,-0.21271608769893646,0.1284152865409851
0.49765104055404663,-0.47223371267318726,0.15780867636203766
0.7453016638755798,-0.47223371267318726,0.15780867636203766
0.6214763522148132,-0.47223371267318726,0.14311198890209198
0.6214763522148132,-0.47223371267318726,0.17250537872314453
0.8691269755363464,-0.34247490763664246,0.15780867636203766
0.8691269755363464,-0.08295726776123047,0.15780867636203766
0.8691269755363464,-0.21271608769893646,0.14311198890209198
0.8691269755363464,-0.21271608769893646,0.17250537872314453
0.7453016638755798,0.04680155962705612,0.15780867636203766
0.49765104055404663,0.04680155962705612,0.15780867636203766
0.6214763522148132,0.04680155962705612,0.14311198890209198
0.6214763522148132,0.04680155962705612,0.17250537872314453
0.37382572889328003,-0.08295726776123047,0.15780867636203766
0.37382572889328003,-0.34247490763664246,0.15780867636203766
0.37382572889328003,-0.21271608769893646,0.14311198890209198
0.37382572889328003,-0.21271608769893646,0.17250537872314453
0.37382572889328003,-0.34247490763664246,0.17250537872314453
0.37382572889328003,-0.34247490763664246,0.14311198890209198
0.37382572889328003,-0.08295726776123047,0.14311198890209198
0.49765104055404663,0.04680155962705612,0.17250537872314453
0.49765104055404663,0.04680155962705612,0.14311198890209198
0.7453016638755798,0.04680155962705612,0.14311198890209198
0.8691269755363464,-0.08295726776123047,0.17250537872314453
0.8691269755363464,-0.08295726776123047,0.14311198890209198
0.8691269755363464,-0.34247490763664246,0.14311198890209198
0.7453016638755798,-0.47223371267318726,0.17250537872314453
0.7453016638755798,-0.47223371267318726,0.14311198890209198
0.49765104055404663,-0.47223371267318726,0.14311198890209198
0.7453016638755798,-0.08295726776123047,0.1284152865409851
0.49765104055404663,-0.08295726776123047,0.1284152865409851
0.49765104055404663,-0.34247490763664246,0.1284152865409851
0.49765104055404663,-0.08295726776123047,0.1872020661830902
0.7453016638755798,-0.08295726776123047,0.1872020661830902
0.7453016638755798,-0.34247490763664246,0.1872020661830902
0.49765104055404663,-0.34247490763664246,0.1872020661830902
0.7453016638755798,-0.34247490763664246,0.1284152865409851
0.49765104055404663,-0.47223371267318726,0.17250537872314453
0.8691269755363464,-0.34247490763664246,0.17250537872314453
0.7453016638755798,0.04680155962705612,0.17250537872314453
0.37382572889328003,-0.08295726776123047,0.17250537872314453
0.37382572889328003,-0.40735429525375366,0.1284152865409851
0.37382572889328003,-0.47223371267318726,0.17985372245311737
0.37382572889328003,-0.018077850341796875,0.1872020661830902
0.37382572889328003,0.04680155962705612,0.13576364517211914
0.43573838472366333,0.04680155962705612,0.1284152865409851
0.8072143197059631,0.04680155962705612,0.1872020661830902
0.8691269755363464,0.04680155962705612,0.13576364517211914
0.8691269755363464,-0.018077850341796875,0.1284152865409851
0.8691269755363464,-0.40735429525375366,0.1872020661830902
0.8691269755363464,-0.47223371267318726,0.13576364517211914
0.8072143197059631,-0.47223371267318726,0.1284152865409851
0.43573838472366333,-0.47223371267318726,0.1872020661830902
0.37382572889328003,-0.14783668518066406,0.1284152865409851
0.37382572889328003,-0.47223371267318726,0.15046033263206482
0.37382572889328003,-0.27759549021720886,0.1872020661830902
0.37382572889328003,0.04680155962705612,0.1651570200920105
0.6833890080451965,0.04680155962705612,0.1284152865409851
0.5595636963844299,0.04680155962705612,0.1872020661830902
0.8691269755363464,0.04680155962705612,0.1651570200920105
0.8691269755363464,-0.27759549021720886,0.1284152865409851
0.8691269755363464,-0.14783668518066406,0.1872020661830902
0.8691269755363464,-0.47223371267318726,0.1651570200920105
0.5595636963844299,-0.47223371267318726,0.1284152865409851
0.6833890080451965,-0.47223371267318726,0.1872020661830902
0.6214763522148132,-0.40735429525375366,0.1872020661830902
0.6214763522148132,-0.14783668518066406,0.1872020661830902
0.8072143197059631,-0.21271608769893646,0.1872020661830902
0.5595636963844299,-0.21271608769893646,0.1872020661830902
0.6214763522148132,-0.40735429525375366,0.1284152865409851
0.6214763522148132,-0.14783668518066406,0.1284152865409851
0.43573838472366333,-0.21271608769893646,0.1284152865409851
0.6833890080451965,-0.21271608769893646,0.1284152865409851
0.43573838472366333,-0.47223371267318726,0.15780867636203766
0.6833890080451965,-0.47223371267318726,0.15780867636203766
0.6214763522148132,-0.47223371267318726,0.13576364517211914
0.6214763522148132,-0.47223371267318726,0.1651570200920105
0.8691269755363464,-0.40735429525375366,0.15780867636203766
0.8691269755363464,-0.14783668518066406,0.15780867636203766
0.8691269755363464,-0.21271608769893646,0.13576364517211914
0.8691269755363464,-0.21271608769893646,0.1651570200920105
0.8072143197059631,0.04680155962705612,0.15780867636203766
0.5595636963844299,0.04680155962705612,0.15780867636203766
0.6214763522148132,0.04680155962705612,0.13576364517211914
0.6214763522148132,0.04680155962705612,0.1651570200920105
0.37382572889328003,-0.018077850341796875,0.15780867636203766
0.37382572889328003,-0.27759549021720886,0.15780867636203766
0.37382572889328003,-0.21271608769893646,0.13576364517211914
0.37382572889328003,-0.21271608769893646,0.1651570200920105
0.37382572889328003,-0.27759549021720886,0.1284152865409851
0.37382572889328003,-0.47223371267318726,0.1651570200920105
0.37382572889328003,-0.14783668518066406,0.1872020661830902
0.37382572889328003,0.04680155962705612,0.15046033263206482
0.5595636963844299,0.04680155962705612,0.1284152865409851
0.6833890080451965,0.04680155962705612,0.1872020661830902
0.8691269755363464,0.04680155962705612,0.15046033263206482
0.8691269755363464,-0.14783668518066406,0.1284152865409851
0.8691269755363464,-0.27759549021720886,0.1872020661830902
0.8691269755363464,-0.47223371267318726,0.15046033263206482
0.6833890080451965,-0.47223371267318726,0.1284152865409851
0.5595636963844299,-0.47223371267318726,0.1872020661830902
0.37382572889328003,-0.018077850341796875,0.1284152865409851
0.37382572889328003,-0.47223371267318726,0.13576364517211914
0.37382572889328003,-0.40735429525375366,0.1872020661830902
0.37382572889328003,0.04680155962705612,0.17985372245311737
0.8072143197059631,0.04680155962705612,0.1284152865409851
0.43573838472366333,0.04680155962705612,0.1872020661830902
0.8691269755363464,0.04680155962705612,0.17985372245311737
0.8691269755363464,-0.40735429525375366,0.1284152865409851
0.8691269755363464,-0.018077850341796875,0.1872020661830902
0.8691269755363464,-0.47223371267318726,0.17985372245311737
0.43573838472366333,-0.47223371267318726,0.1284152865409851
0.8072143197059631,-0.47223371267318726,0.1872020661830902
0.6214763522148132,-0.27759549021720886,0.1872020661830902
0.6214763522148132,-0.018077850341796875,0.1872020661830902
0.6833890080451965,-0.21271608769893646,0.1872020661830902
0.43573838472366333,-0.21271608769893646,0.1872020661830902
0.6214763522148132,-0.27759549021720886,0.1284152865409851
0.6214763522148132,-0.018077850341796875,0.1284152865409851
0.5595636963844299,-0.21271608769893646,0.1284152865409851
0.8072143197059631,-0.21271608769893646,0.1284152865409851
0.5595636963844299,-0.47223371267318726,0.15780867636203766
0.8072143197059631,-0.47223371267318726,0.15780867636203766
0.6214763522148132,-0.47223371267318726,0.15046033263206482
0.6214763522148132,-0.47223371267318726,0.17985372245311737
0.8691269755363464,-0.27759549021720886,0.15780867636203766
0.8691269755363464,-0.018077850341796875,0.15780867636203766
0.8691269755363464,-0.21271608769893646,0.15046033263206482
0.8691269755363464,-0.21271608769893646,0.17985372245311737
0.6833890080451965,0.04680155962705612,0.15780867636203766
0.43573838472366333,0.04680155962705612,0.15780867636203766
0.6214763522148132,0.04680155962705612,0.15046033263206482
0.6214763522148132,0.04680155962705612,0.17985372245311737
0.37382572889328003,-0.14783668518066406,0.15780867636203766
0.37382572889328003,-0.40735429525375366,0.15780867636203766
0.37382572889328003,-0.21271608769893646,0.15046033263206482
0.37382572889328003,-0.21271608769893646,0.17985372245311737
0.37382572889328003,-0.27759549021720886,0.17250537872314453
0.37382572889328003,-0.40735429525375366,0.17250537872314453
0.37382572889328003,-0.34247490763664246,0.1651570200920105
0.37382572889328003,-0.34247490763664246,0.17985372245311737
0.37382572889328003,-0.27759549021720886,0.14311198890209198
0.37382572889328003,-0.40735429525375366,0.14311198890209198
0.37382572889328003,-0.34247490763664246,0.13576364517211914
0.37382572889328003,-0.34247490763664246,0.15046033263206482
0.37382572889328003,-0.018077850341796875,0.14311198890209198
0.37382572889328003,-0.14783668518066406,0.14311198890209198
0.37382572889328003,-0.08295726776123047,0.13576364517211914
0.37382572889328003,-0.08295726776123047,0.15046033263206482
0.5595636963844299,0.04680155962705612,0.17250537872314453
0.43573838472366333,0.04680155962705612,0.17250537872314453
0.49765104055404663,0.04680155962705612,0.1651570200920105
0.49765104055404663,0.04680155962705612,0.17985372245311737
0.5595636963844299,0.04680155962705612,0.14311198890209198
0.43573838472366333,0.04680155962705612,0.14311198890209198
0.49765104055404663,0.04680155962705612,0.13576364517211914
0.49765104055404663,0.04680155962705612,0.15046033263206482
0.8072143197059631,0.04680155962705612,0.14311198890209198
0.6833890080451965,0.04680155962705612,0.14311198890209198
0.7453016638755798,0.04680155962705612,0.13576364517211914
0.7453016638755798,0.04680155962705612,0.15046033263206482
0.8691269755363464,-0.14783668518066406,0.17250537872314453
0.8691269755363464,-0.018077850341796875,0.17250537872314453
0.8691269755363464,-0.08295726776123047,0.1651570200920105
0.8691269755363464,-0.08295726776123047,0.17985372245311737
0.8691269755363464,-0.14783668518066406,0.14311198890209198
0.8691269755363464,-0.018077850341796875,0.14311198890209198
0.8691269755363464,-0.08295726776123047,0.13576364517211914
0.8691269755363464,-0.08295726776123047,0.15046033263206482
0.8691269755363464,-0.40735429525375366,0.14311198890209198
0.8691269755363464,-0.27759549021720886,0.14311198890209198
0.8691269755363464,-0.34247490763664246,0.13576364517211914
0.8691269755363464,-0.34247490763664246,0.15046033263206482
0.6833890080451965,-0.47223371267318726,0.17250537872314453
0.8072143197059631,-0.47223371267318726,0.17250537872314453
0.7453016638755798,-0.47223371267318726,0.1651570200920105
0.7453016638755798,-0.47223371267318726,0.17985372245311737
0.6833890080451965,-0.47223371267318726,0.14311198890209198
0.8072143197059631,-0.47223371267318726,0.14311198890209198
0.7453016638755798,-0.47223371267318726,0.13576364517211914
0.7453016638755798,-0.47223371267318726,0.15046033263206482
0.43573838472366333,-0.47223371267318726,0.14311198890209198
0.5595636963844299,-0.47223371267318726,0.14311198890209198
0.49765104055404663,-0.47223371267318726,0.13576364517211914
0.49765104055404663,-0.47223371267318726,0.15046033263206482
0.7453016638755798,-0.14783668518066406,0.1284152865409851
0.7453016638755798,-0.018077850341796875,0.1284152865409851
0.6833890080451965,-0.08295726776123047,0.1284152865409851
0.8072143197059631,-0.08295726776123047,0.1284152865409851
0.49765104055404663,-0.14783668518066406,0.1284152865409851
0.49765104055404663,-0.018077850341796875,0.1284152865409851
0.43573838472366333,-0.08295726776123047,0.1284152865409851
0.5595636963844299,-0.08295726776123047,0.1284152865409851
0.49765104055404663,-0.40735429525375366,0.1284152865409851
0.49765104055404663,-0.27759549021720886,0.1284152865409851
0.43573838472366333,-0.34247490763664246,0.1284152865409851
0.5595636963844299,-0.34247490763664246,0.1284152865409851
0.49765104055404663,-0.14783668518066406,0.1872020661830902
0.49765104055404663,-0.018077850341796875,0.1872020661830902
0.5595636963844299,-0.08295726776123047,0.1872020661830902
0.43573838472366333,-0.08295726776123047,0.1872020661830902
0.7453016638755798,-0.14783668518066406,0.1872020661830902
0.7453016638755798,-0.018077850341796875,0.1872020661830902
0.8072143197059631,-0.08295726776123047,0.1872020661830902
0.6833890080451965,-0.08295726776123047,0.1872020661830902
0.7453016638755798,-0.40735429525375366,0.1872020661830902
0.7453016638755798,-0.27759549021720886,0.1872020661830902
0.8072143197059631,-0.34247490763664246,0.1872020661830902
0.6833890080451965,-0.34247490763664246,0.1872020661830902
0.49765104055404663,-0.40735429525375366,0.1872020661830902
0.49765104055404663,-0.27759549021720886,0.1872020661830902
0.5595636963844299,-0.34247490763664246,0.1872020661830902
0.43573838472366333,-0.34247490763664246,0.1872020661830902
0.7453016638755798,-0.40735429525375366,0.1284152865409851
0.7453016638755798,-0.27759549021720886,0.1284152865409851
0.6833890080451965,-0.34247490763664246,0.1284152865409851
0.8072143197059631,-0.34247490763664246,0.1284152865409851
0.43573838472366333,-0.47223371267318726,0.17250537872314453
0.5595636963844299,-0.47223371267318726,0.17250537872314453
0.49765104055404663,-0.47223371267318726,0.1651570200920105
0.49765104055404663,-0.47223371267318726,0.17985372245311737
0.8691269755363464,-0.40735429525375366,0.17250537872314453
0.8691269755363464,-0.27759549021720886,0.17250537872314453
0.8691269755363464,-0.34247490763664246,0.1651570200920105
0.8691269755363464,-0.34247490763664246,0.17985372245311737
0.8072143197059631,0.04680155962705612,0.17250537872314453
0.6833890080451965,0.04680155962705612,0.17250537872314453
0.7453016638755798,0.04680155962705612,0.1651570200920105
0.7453016638755798,0.04680155962705612,0.17985372245311737
0.37382572889328003,-0.018077850341796875,0.17250537872314453
0.37382572889328003,-0.14783668518066406,0.17250537872314453
0.37382572889328003,-0.08295726776123047,0.1651570200920105
0.37382572889328003,-0.08295726776123047,0.17985372245311737
0.37382572889328003,-0.14783668518066406,0.17985372245311737
0.37382572889328003,-0.14783668518066406,0.1651570200920105
0.37382572889328003,-0.018077850341796875,0.1651570200920105
0.6833890080451965,0.04680155962705612,0.17985372245311737
0.6833890080451965,0.04680155962705612,0.1651570200920105
0.8072143197059631,0.04680155962705612,0.1651570200920105
0.8691269755363464,-0.27759549021720886,0.17985372245311737
0.8691269755363464,-0.27759549021720886,0.1651570200920105
0.8691269755363464,-0.40735429525375366,0.1651570200920105
0.5595636963844299,-0.47223371267318726,0.17985372245311737
0.5595636963844299,-0.47223371267318726,0.1651570200920105
0.43573838472366333,-0.47223371267318726,0.1651570200920105
0.8072143197059631,-0.27759549021720886,0.1284152865409851
0.6833890080451965,-0.27759549021720886,0.1284152865409851
0.6833890080451965,-0.40735429525375366,0.1284152865409851
0.43573838472366333,-0.27759549021720886,0.1872020661830902
0.5595636963844299,-0.27759549021720886,0.1872020661830902
0.5595636963844299,-0.40735429525375366,0.1872020661830902
0.6833890080451965,-0.27759549021720886,0.1872020661830902
0.8072143197059631,-0.27759549021720886,0.1872020661830902
0.8072143197059631,-0.40735429525375366,0.1872020661830902
0.6833890080451965,-0.018077850341796875,0.1872020661830902
0.8072143197059631,-0.018077850341796875,0.1872020661830902
0.8072143197059631,-0.14783668518066406,0.1872020661830902
0.43573838472366333,-0.018077850341796875,0.1872020661830902
0.5595636963844299,-0.018077850341796875,0.1872020661830902
0.5595636963844299,-0.14783668518066406,0.1872020661830902
0.5595636963844299,-0.27759549021720886,0.1284152865409851
0.43573838472366333,-0.27759549021720886,0.1284152865409851
0.43573838472366333,-0.40735429525375366,0.1284152865409851
0.5595636963844299,-0.018077850341796875,0.1284152865409851
0.43573838472366333,-0.018077850341796875,0.1284152865409851
0.43573838472366333,-0.14783668518066406,0.1284152865409851
0.8072143197059631,-0.018077850341796875,0.1284152865409851
0.6833890080451965,-0.018077850341796875,0.1284152865409851
0.6833890080451965,-0.14783668518066406,0.1284152865409851
0.5595636963844299,-0.47223371267318726,0.15046033263206482
0.5595636963844299,-0.47223371267318726,0.13576364517211914
0.43573838472366333,-0.47223371267318726,0.13576364517211914
0.8072143197059631,-0.47223371267318726,0.15046033263206482
0.8072143197059631,-0.47223371267318726,0.13576364517211914
0.6833890080451965,-0.47223371267318726,0.13576364517211914
0.8072143197059631,-0.47223371267318726,0.17985372245311737
0.8072143197059631,-0.47223371267318726,0.1651570200920105
0.6833890080451965,-0.47223371267318726,0.1651570200920105
0.8691269755363464,-0.27759549021720886,0.15046033263206482
0.8691269755363464,-0.27759549021720886,0.13576364517211914
0.8691269755363464,-0.40735429525375366,0.13576364517211914
0.8691269755363464,-0.018077850341796875,0.15046033263206482
0.8691269755363464,-0.018077850341796875,0.13576364517211914
0.8691269755363464,-0.14783668518066406,0.13576364517211914
0.8691269755363464,-0.018077850341796875,0.17985372245311737
0.8691269755363464,-0.018077850341796875,0.1651570200920105
0.8691269755363464,-0.14783668518066406,0.1651570200920105
0.6833890080451965,0.04680155962705612,0.15046033263206482
0.6833890080451965,0.04680155962705612,0.13576364517211914
0.8072143197059631,0.04680155962705612,0.13576364517211914
0.43573838472366333,0.04680155962705612,0.15046033263206482
0.43573838472366333,0.04680155962705612,0.13576364517211914
0.5595636963844299,0.04680155962705612,0.13576364517211914
0.43573838472366333,0.04680155962705612,0.17985372245311737
0.43573838472366333,0.04680155962705612,0.1651570200920105
0.5595636963844299,0.04680155962705612,0.1651570200920105
0.37382572889328003,-0.14783668518066406,0.15046033263206482
0.37382572889328003,-0.14783668518066406,0.13576364517211914
0.37382572889328003,-0.018077850341796875,0.13576364517211914
0.37382572889328003,-0.40735429525375366,0.15046033263206482
0.37382572889328003,-0.40735429525375366,0.13576364517211914
0.37382572889328003,-0.27759549021720886,0.13576364517211914
0.37382572889328003,-0.40735429525375366,0.17985372245311737
0.37382572889328003,-0.40735429525375366,0.1651570200920105
0.37382572889328003,-0.27759549021720886,0.1651570200920105
0.37382572889328003,-0.27759549021720886,0.17985372245311737
0.37382572889328003,-0.27759549021720886,0.15046033263206482
0.37382572889328003,-0.018077850341796875,0.15046033263206482
0.5595636963844299,0.04680155962705612,0.17985372245311737
0.5595636963844299,0.04680155962705612,0.15046033263206482
0.8072143197059631,0.04680155962705612,0.15046033263206482
0.8691269755363464,-0.14783668518066406,0.17985372245311737
0.8691269755363464,-0.14783668518066406,0.15046033263206482
0.8691269755363464,-0.40735429525375366,0.15046033263206482
0.6833890080451965,-0.47223371267318726,0.17985372245311737
0.6833890080451965,-0.47223371267318726,0.15046033263206482
0.43573838472366333,-0.47223371267318726,0.15046033263206482
0.8072143197059631,-0.14783668518066406,0.1284152865409851
0.5595636963844299,-0.14783668518066406,0.1284152865409851
0.5595636963844299,-0.40735429525375366,0.1284152865409851
0.43573838472366333,-0.14783668518066406,0.1872020661830902
0.6833890080451965,-0.14783668518066406,0.1872020661830902
0.6833890080451965,-0.40735429525375366,0.1872020661830902
0.43573838472366333,-0.40735429525375366,0.1872020661830902
0.8072143197059631,-0.40735429525375366,0.1284152865409851
0.43573838472366333,-0.47223371267318726,0.17985372245311737
0.8691269755363464,-0.40735429525375366,0.17985372245311737
0.8072143197059631,0.04680155962705612,0.17985372245311737
0.37382572889328003,-0.018077850341796875,0.17985372245311737
