-0.19460976123809814,0.33961552381515503,0.2878195345401764
-0.0762876570224762,0.2536504864692688,0.37820860743522644
-0.23980391025543213,0.2005198895931244,0.37820854783058167
-0.3408637046813965,0.33961552381515503,0.3782092034816742
-0.23980391025543213,0.47871118783950806,0.37820854783058167
-0.0762876570224762,0.42558059096336365,0.37820860743522644
-0.14941561222076416,0.2005198895931244,0.5244646072387695
-0.3129318952560425,0.2536504864692688,0.5244646072387695
-0.3129318952560425,0.42558059096336365,0.5244646072387695
-0.14941561222076416,0.47871118783950806,0.5244646072387695
-0.04835584759712219,0.33961552381515503,0.5244640111923218
-0.19460976123809814,0.33961552381515503,0.6148536205291748
-0.22117406129837036,0.2578577995300293,0.3122400939464569
-0.12506228685379028,0.2890869081020355,0.3122401535511017
-0.15162622928619385,0.20732834935188293,0.3653695285320282
-0.05551433563232422,0.33961552381515503,0.3653698265552521
-0.12506228685379028,0.3901441693305969,0.3122401535511017
-0.28057557344436646,0.33961552381515503,0.3122405707836151
-0.3071404695510864,0.2578575015068054,0.3653697669506073
-0.22117406129837036,0.42137327790260315,0.3122400939464569
-0.3071404695510864,0.42137354612350464,0.3653697669506073
-0.15162622928619385,0.4719027280807495,0.3653695285320282
-0.03909561038017273,0.2890866994857788,0.4513365924358368
-0.03909561038017273,0.39014437794685364,0.4513365924358368
-0.19460976123809814,0.1760985106229782,0.4513365924358368
-0.09849679470062256,0.20732751488685608,0.4513365924358368
-0.35012394189834595,0.2890866994857788,0.4513365924358368
-0.2907227873802185,0.20732751488685608,0.4513365924358368
-0.2907227873802185,0.47190356254577637,0.4513365924358368
-0.35012394189834595,0.39014437794685364,0.4513365924358368
-0.09849679470062256,0.47190356254577637,0.4513365924358368
-0.19460976123809814,0.5031325817108154,0.4513365924358368
-0.08207908272743225,0.2578575015068054,0.5373034477233887
-0.23759329319000244,0.20732834935188293,0.5373036861419678
-0.33370524644851685,0.33961552381515503,0.5373033285140991
-0.23759329319000244,0.4719027280807495,0.5373036861419678
-0.08207908272743225,0.42137354612350464,0.5373034477233887
-0.1680455207824707,0.2578577995300293,0.5904331207275391
-0.10864400863647461,0.33961552381515503,0.5904326438903809
-0.2641572952270508,0.2890869081020355,0.5904330015182495
-0.2641572952270508,0.3901441693305969,0.5904330015182495
-0.1680455207824707,0.42137327790260315,0.5904331207275391
