-0.11880254745483398,-0.08606916666030884,0.6211318969726562
-0.0004804171621799469,-0.17203420400619507,0.7115209102630615
-0.16399669647216797,-0.22516481578350067,0.7115208506584167
-0.26505646109580994,-0.08606916666030884,0.7115215063095093
-0.16399669647216797,0.053026482462882996,0.7115208506584167
-0.0004804171621799469,-0.0001041218638420105,0.7115209102630615
-0.0736083984375,-0.22516481578350067,0.8577769994735718
-0.23712466657161713,-0.17203420400619507,0.8577768802642822
-0.23712466657161713,-0.0001041218638420105,0.8577768802642822
-0.0736083984375,0.053026482462882996,0.8577769994735718
0.02745138481259346,-0.08606916666030884,0.8577762842178345
-0.11880254745483398,-0.08606916666030884,0.948166012763977
-0.14536680281162262,-0.16782692074775696,0.645552396774292
-0.04925503954291344,-0.13659779727458954,0.6455525159835815
-0.07581901550292969,-0.21835635602474213,0.6986818313598633
0.02029288187623024,-0.08606916666030884,0.6986821889877319
-0.04925503954291344,-0.03554053604602814,0.6455525159835815
-0.2047683149576187,-0.08606916666030884,0.6455528736114502
-0.23133324086666107,-0.16782718896865845,0.6986820697784424
-0.14536680281162262,-0.004311420023441315,0.645552396774292
-0.23133324086666107,-0.0043111443519592285,0.6986820697784424
-0.07581901550292969,0.04621802270412445,0.6986818313598633
0.03671162202954292,-0.13659799098968506,0.7846488952636719
0.03671162202954292,-0.03554033488035202,0.7846488952636719
-0.11880254745483398,-0.24958619475364685,0.7846488952636719
-0.0226895771920681,-0.21835719048976898,0.7846488952636719
-0.2743166983127594,-0.13659799098968506,0.7846488952636719
-0.21491552889347076,-0.21835719048976898,0.7846488952636719
-0.21491552889347076,0.046218857169151306,0.7846488952636719
-0.2743166983127594,-0.03554033488035202,0.7846488952636719
-0.0226895771920681,0.046218857169151306,0.7846488952636719
-0.11880254745483398,0.07744786143302917,0.7846488952636719
-0.0062718503177165985,-0.16782718896865845,0.8706157207489014
-0.16178607940673828,-0.21835635602474213,0.8706159591674805
-0.2578979730606079,-0.08606916666030884,0.8706157207489014
-0.16178607940673828,0.04621802270412445,0.8706159591674805
-0.0062718503177165985,-0.0043111443519592285,0.8706157207489014
-0.09223829209804535,-0.16782692074775696,0.9237453937530518
-0.03283676877617836,-0.08606916666030884,0.9237449169158936
-0.18835005164146423,-0.13659779727458954,0.9237453937530518
-0.18835005164146423,-0.03554053604602814,0.9237453937530518
-0.09223829209804535,-0.004311420023441315,0.9237453937530518
