0.3231019377708435,0.38572990894317627,0.42939144372940063
0.44142407178878784,0.29976487159729004,0.5197804570198059
0.2779077887535095,0.24663425981998444,0.5197803974151611
0.17684800922870636,0.38572990894317627,0.5197811126708984
0.2779077887535095,0.5248255729675293,0.5197803974151611
0.44142407178878784,0.4716949462890625,0.5197804570198059
0.3682960867881775,0.24663425981998444,0.6660365462303162
0.20477980375289917,0.29976487159729004,0.6660364866256714
0.20477980375289917,0.4716949462890625,0.6660364866256714
0.3682960867881775,0.5248255729675293,0.6660365462303162
0.46935588121414185,0.38572990894317627,0.6660358309745789
0.3231019377708435,0.38572990894317627,0.7564254999160767
0.29653769731521606,0.30397218465805054,0.45381197333335876
0.39264944195747375,0.3352012634277344,0.45381200313568115
0.3660854697227478,0.2534427046775818,0.5069414377212524
0.46219736337661743,0.38572990894317627,0.5069416761398315
0.39264944195747375,0.43625855445861816,0.45381200313568115
0.23713615536689758,0.38572990894317627,0.4538124203681946
0.21057124435901642,0.30397188663482666,0.5069416761398315
0.29653769731521606,0.467487633228302,0.45381197333335876
0.21057124435901642,0.4674879312515259,0.5069416761398315
0.3660854697227478,0.5180171132087708,0.5069414377212524
0.4786161184310913,0.33520108461380005,0.592908501625061
0.4786161184310913,0.4362587332725525,0.592908501625061
0.3231019377708435,0.22221288084983826,0.592908501625061
0.4192149043083191,0.25344187021255493,0.592908501625061
0.1675877720117569,0.33520108461380005,0.592908501625061
0.22698897123336792,0.25344187021255493,0.592908501625061
0.22698897123336792,0.5180179476737976,0.592908501625061
0.1675877720117569,0.4362587332725525,0.592908501625061
0.4192149043083191,0.5180179476737976,0.592908501625061
0.3231019377708435,0.5492469668388367,0.592908501625061
0.4356326460838318,0.30397188663482666,0.6788753271102905
0.2801184058189392,0.2534427046775818,0.6788755655288696
0.18400651216506958,0.38572990894317627,0.6788752675056458
0.2801184058189392,0.5180171132087708,0.6788755655288696
0.4356326460838318,0.4674879312515259,0.6788753271102905
0.34966617822647095,0.30397218465805054,0.7320049405097961
0.40906772017478943,0.38572990894317627,0.7320045232772827
0.25355443358421326,0.3352012634277344,0.7320049405097961
0.25355443358421326,0.43625855445861816,0.7320049405097961
0.34966617822647095,0.467487633228302,0.7320049405097961
