0.7086273431777954,-0.2596408724784851,0.39922448992729187
0.7086273431777954,-0.2596408724784851,0.458011269569397
0.7086273431777954,0.25939440727233887,0.39922448992729187
0.7086273431777954,0.25939440727233887,0.458011269569397
1.2039284706115723,-0.2596408724784851,0.39922448992729187
1.2039284706115723,-0.2596408724784851,0.458011269569397
1.2039284706115723,0.25939440727233887,0.39922448992729187
1.2039284706115723,0.25939440727233887,0.458011269569397
0.7086273431777954,-0.00012323289411142468,0.39922448992729187
0.7086273431777954,-0.2596408724784851,0.4286178648471832
0.7086273431777954,-0.00012323289411142468,0.458011269569397
0.7086273431777954,0.25939440727233887,0.4286178648471832
0.9562779664993286,0.25939440727233887,0.39922448992729187
0.9562779664993286,0.25939440727233887,0.458011269569397
1.2039284706115723,0.25939440727233887,0.4286178648471832
1.2039284706115723,-0.00012323289411142468,0.39922448992729187
1.2039284706115723,-0.00012323289411142468,0.458011269569397
1.2039284706115723,-0.2596408724784851,0.4286178648471832
0.9562779664993286,-0.2596408724784851,0.39922448992729187
0.9562779664993286,-0.2596408724784851,0.458011269569397
0.9562779664993286,-0.00012323289411142468,0.458011269569397
0.9562779664993286,-0.00012323289411142468,0.39922448992729187
0.9562779664993286,-0.2596408724784851,0.4286178648471832
1.2039284706115723,-0.00012323289411142468,0.4286178648471832
0.9562779664993286,0.25939440727233887,0.4286178648471832
0.7086273431777954,-0.00012323289411142468,0.4286178648471832
0.7086273431777954,-0.1298820525407791,0.39922448992729187
0.7086273431777954,-0.2596408724784851,0.4433145821094513
0.7086273431777954,0.12963558733463287,0.458011269569397
0.7086273431777954,0.25939440727233887,0.41392120718955994
0.832452654838562,0.25939440727233887,0.39922448992729187
1.0801032781600952,0.25939440727233887,0.458011269569397
1.2039284706115723,0.25939440727233887,0.41392120718955994
1.2039284706115723,0.12963558733463287,0.39922448992729187
1.2039284706115723,-0.1298820525407791,0.458011269569397
1.2039284706115723,-0.2596408724784851,0.41392120718955994
1.0801032781600952,-0.2596408724784851,0.39922448992729187
0.832452654838562,-0.2596408724784851,0.458011269569397
0.7086273431777954,0.12963558733463287,0.39922448992729187
0.7086273431777954,-0.2596408724784851,0.41392120718955994
0.7086273431777954,-0.1298820525407791,0.458011269569397
0.7086273431777954,0.25939440727233887,0.4433145821094513
1.0801032781600952,0.25939440727233887,0.39922448992729187
0.832452654838562,0.25939440727233887,0.458011269569397
1.2039284706115723,0.25939440727233887,0.4433145821094513
1.2039284706115723,-0.1298820525407791,0.39922448992729187
1.2039284706115723,0.12963558733463287,0.458011269569397
1.2039284706115723,-0.2596408724784851,0.4433145821094513
0.832452654838562,-0.2596408724784851,0.39922448992729187
1.0801032781600952,-0.2596408724784851,0.458011269569397
0.9562779664993286,-0.1298820525407791,0.458011269569397
0.9562779664993286,0.12963558733463287,0.458011269569397
1.0801032781600952,-0.00012323289411142468,0.458011269569397
0.832452654838562,-0.00012323289411142468,0.458011269569397
0.9562779664993286,-0.1298820525407791,0.39922448992729187
0.9562779664993286,0.12963558733463287,0.39922448992729187
0.832452654838562,-0.00012323289411142468,0.39922448992729187
1.0801032781600952,-0.00012323289411142468,0.39922448992729187
0.832452654838562,-0.2596408724784851,0.4286178648471832
1.0801032781600952,-0.2596408724784851,0.4286178648471832
0.9562779664993286,-0.2596408724784851,0.41392120718955994
0.9562779664993286,-0.2596408724784851,0.4433145821094513
1.2039284706115723,-0.1298820525407791,0.4286178648471832
1.2039284706115723,0.12963558733463287,0.4286178648471832
1.2039284706115723,-0.00012323289411142468,0.41392120718955994
1.2039284706115723,-0.00012323289411142468,0.4433145821094513
1.0801032781600952,0.25939440727233887,0.4286178648471832
0.832452654838562,0.25939440727233887,0.4286178648471832
0.9562779664993286,0.25939440727233887,0.41392120718955994
0.9562779664993286,0.25939440727233887,0.4433145821094513
0.7086273431777954,0.12963558733463287,0.4286178648471832
0.7086273431777954,-0.1298820525407791,0.4286178648471832
0.7086273431777954,-0.00012323289411142468,0.41392120718955994
0.7086273431777954,-0.00012323289411142468,0.4433145821094513
0.7086273431777954,-0.1298820525407791,0.4433145821094513
0.7086273431777954,-0.1298820525407791,0.41392120718955994
0.7086273431777954,0.12963558733463287,0.41392120718955994
0.832452654838562,0.25939440727233887,0.4433145821094513
0.832452654838562,0.25939440727233887,0.41392120718955994
1.0801032781600952,0.25939440727233887,0.41392120718955994
1.2039284706115723,0.12963558733463287,0.4433145821094513
1.2039284706115723,0.12963558733463287,0.41392120718955994
1.2039284706115723,-0.1298820525407791,0.41392120718955994
1.0801032781600952,-0.2596408724784851,0.4433145821094513
1.0801032781600952,-0.2596408724784851,0.41392120718955994
0.832452654838562,-0.2596408724784851,0.41392120718955994
1.0801032781600952,0.12963558733463287,0.39922448992729187
0.832452654838562,0.12963558733463287,0.39922448992729187
0.832452654838562,-0.1298820525407791,0.39922448992729187
0.832452654838562,0.12963558733463287,0.458011269569397
1.0801032781600952,0.12963558733463287,0.458011269569397
1.0801032781600952,-0.1298820525407791,0.458011269569397
0.832452654838562,-0.1298820525407791,0.458011269569397
1.0801032781600952,-0.1298820525407791,0.39922448992729187
0.832452654838562,-0.2596408724784851,0.4433145821094513
1.2039284706115723,-0.1298820525407791,0.4433145821094513
1.0801032781600952,0.25939440727233887,0.4433145821094513
0.7086273431777954,0.12963558733463287,0.4433145821094513
0.7086273431777954,-0.19476144015789032,0.39922448992729187
0.7086273431777954,-0.2596408724784851,0.4506629407405853
0.7086273431777954,0.19451500475406647,0.458011269569397
0.7086273431777954,0.25939440727233887,0.4065728485584259
0.7705399990081787,0.25939440727233887,0.39922448992729187
1.142015814781189,0.25939440727233887,0.458011269569397
1.2039284706115723,0.25939440727233887,0.4065728485584259
1.2039284706115723,0.19451500475406647,0.39922448992729187
1.2039284706115723,-0.19476144015789032,0.458011269569397
1.2039284706115723,-0.2596408724784851,0.4065728485584259
1.142015814781189,-0.2596408724784851,0.39922448992729187
0.7705399990081787,-0.2596408724784851,0.458011269569397
0.7086273431777954,0.06475617736577988,0.39922448992729187
0.7086273431777954,-0.2596408724784851,0.4212695360183716
0.7086273431777954,-0.06500264257192612,0.458011269569397
0.7086273431777954,0.25939440727233887,0.43596622347831726
1.018190622329712,0.25939440727233887,0.39922448992729187
0.8943653106689453,0.25939440727233887,0.458011269569397
1.2039284706115723,0.25939440727233887,0.43596622347831726
1.2039284706115723,-0.06500264257192612,0.39922448992729187
1.2039284706115723,0.06475617736577988,0.458011269569397
1.2039284706115723,-0.2596408724784851,0.43596622347831726
0.8943653106689453,-0.2596408724784851,0.39922448992729187
1.018190622329712,-0.2596408724784851,0.458011269569397
0.9562779664993286,-0.19476144015789032,0.458011269569397
0.9562779664993286,0.06475617736577988,0.458011269569397
1.142015814781189,-0.00012323289411142468,0.458011269569397
0.8943653106689453,-0.00012323289411142468,0.458011269569397
0.9562779664993286,-0.19476144015789032,0.39922448992729187
0.9562779664993286,0.06475617736577988,0.39922448992729187
0.7705399990081787,-0.00012323289411142468,0.39922448992729187
1.018190622329712,-0.00012323289411142468,0.39922448992729187
0.7705399990081787,-0.2596408724784851,0.4286178648471832
1.018190622329712,-0.2596408724784851,0.4286178648471832
0.9562779664993286,-0.2596408724784851,0.4065728485584259
0.9562779664993286,-0.2596408724784851,0.43596622347831726
1.2039284706115723,-0.19476144015789032,0.4286178648471832
1.2039284706115723,0.06475617736577988,0.4286178648471832
1.2039284706115723,-0.00012323289411142468,0.4065728485584259
1.2039284706115723,-0.00012323289411142468,0.43596622347831726
1.142015814781189,0.25939440727233887,0.4286178648471832
0.8943653106689453,0.25939440727233887,0.4286178648471832
0.9562779664993286,0.25939440727233887,0.4065728485584259
0.9562779664993286,0.25939440727233887,0.43596622347831726
0.7086273431777954,0.19451500475406647,0.4286178648471832
0.7086273431777954,-0.06500264257192612,0.4286178648471832
0.7086273431777954,-0.00012323289411142468,0.4065728485584259
0.7086273431777954,-0.00012323289411142468,0.43596622347831726
0.7086273431777954,-0.06500264257192612,0.39922448992729187
0.7086273431777954,-0.2596408724784851,0.43596622347831726
0.7086273431777954,0.06475617736577988,0.458011269569397
0.7086273431777954,0.25939440727233887,0.4212695360183716
0.8943653106689453,0.25939440727233887,0.39922448992729187
1.018190622329712,0.25939440727233887,0.458011269569397
1.2039284706115723,0.25939440727233887,0.4212695360183716
1.2039284706115723,0.06475617736577988,0.39922448992729187
1.2039284706115723,-0.06500264257192612,0.458011269569397
1.2039284706115723,-0.2596408724784851,0.4212695360183716
1.018190622329712,-0.2596408724784851,0.39922448992729187
0.8943653106689453,-0.2596408724784851,0.458011269569397
0.7086273431777954,0.19451500475406647,0.39922448992729187
0.7086273431777954,-0.2596408724784851,0.4065728485584259
0.7086273431777954,-0.19476144015789032,0.458011269569397
0.7086273431777954,0.25939440727233887,0.4506629407405853
1.142015814781189,0.25939440727233887,0.39922448992729187
0.7705399990081787,0.25939440727233887,0.458011269569397
1.2039284706115723,0.25939440727233887,0.4506629407405853
1.2039284706115723,-0.19476144015789032,0.39922448992729187
1.2039284706115723,0.19451500475406647,0.458011269569397
1.2039284706115723,-0.2596408724784851,0.4506629407405853
0.7705399990081787,-0.2596408724784851,0.39922448992729187
1.142015814781189,-0.2596408724784851,0.458011269569397
0.9562779664993286,-0.06500264257192612,0.458011269569397
0.9562779664993286,0.19451500475406647,0.458011269569397
1.018190622329712,-0.00012323289411142468,0.458011269569397
0.7705399990081787,-0.00012323289411142468,0.458011269569397
0.9562779664993286,-0.06500264257192612,0.39922448992729187
0.9562779664993286,0.19451500475406647,0.39922448992729187
0.8943653106689453,-0.00012323289411142468,0.39922448992729187
1.142015814781189,-0.00012323289411142468,0.39922448992729187
0.8943653106689453,-0.2596408724784851,0.4286178648471832
1.142015814781189,-0.2596408724784851,0.4286178648471832
0.9562779664993286,-0.2596408724784851,0.4212695360183716
0.9562779664993286,-0.2596408724784851,0.4506629407405853
1.2039284706115723,-0.06500264257192612,0.4286178648471832
1.2039284706115723,0.19451500475406647,0.4286178648471832
1.2039284706115723,-0.00012323289411142468,0.4212695360183716
1.2039284706115723,-0.00012323289411142468,0.4506629407405853
1.018190622329712,0.25939440727233887,0.4286178648471832
0.7705399990081787,0.25939440727233887,0.4286178648471832
0.9562779664993286,0.25939440727233887,0.4212695360183716
0.9562779664993286,0.25939440727233887,0.4506629407405853
0.7086273431777954,0.06475617736577988,0.4286178648471832
0.7086273431777954,-0.19476144015789032,0.4286178648471832
0.7086273431777954,-0.00012323289411142468,0.4212695360183716
0.7086273431777954,-0.00012323289411142468,0.4506629407405853
0.7086273431777954,-0.06500264257192612,0.4433145821094513
0.7086273431777954,-0.19476144015789032,0.4433145821094513
0.7086273431777954,-0.1298820525407791,0.43596622347831726
0.7086273431777954,-0.1298820525407791,0.4506629407405853
0.7086273431777954,-0.06500264257192612,0.41392120718955994
0.7086273431777954,-0.19476144015789032,0.41392120718955994
0.7086273431777954,-0.1298820525407791,0.4065728485584259
0.7086273431777954,-0.1298820525407791,0.4212695360183716
0.7086273431777954,0.19451500475406647,0.41392120718955994
0.7086273431777954,0.06475617736577988,0.41392120718955994
0.7086273431777954,0.12963558733463287,0.4065728485584259
0.7086273431777954,0.12963558733463287,0.4212695360183716
0.8943653106689453,0.25939440727233887,0.4433145821094513
0.7705399990081787,0.25939440727233887,0.4433145821094513
0.832452654838562,0.25939440727233887,0.43596622347831726
0.832452654838562,0.25939440727233887,0.4506629407405853
0.8943653106689453,0.25939440727233887,0.41392120718955994
0.7705399990081787,0.25939440727233887,0.41392120718955994
0.832452654838562,0.25939440727233887,0.4065728485584259
0.832452654838562,0.25939440727233887,0.4212695360183716
1.142015814781189,0.25939440727233887,0.41392120718955994
1.018190622329712,0.25939440727233887,0.41392120718955994
1.0801032781600952,0.25939440727233887,0.4065728485584259
1.0801032781600952,0.25939440727233887,0.4212695360183716
1.2039284706115723,0.06475617736577988,0.4433145821094513
1.2039284706115723,0.19451500475406647,0.4433145821094513
1.2039284706115723,0.12963558733463287,0.43596622347831726
1.2039284706115723,0.12963558733463287,0.4506629407405853
1.2039284706115723,0.06475617736577988,0.41392120718955994
1.2039284706115723,0.19451500475406647,0.41392120718955994
1.2039284706115723,0.12963558733463287,0.4065728485584259
1.2039284706115723,0.12963558733463287,0.4212695360183716
1.2039284706115723,-0.19476144015789032,0.41392120718955994
1.2039284706115723,-0.06500264257192612,0.41392120718955994
1.2039284706115723,-0.1298820525407791,0.4065728485584259
1.2039284706115723,-0.1298820525407791,0.4212695360183716
1.018190622329712,-0.2596408724784851,0.4433145821094513
1.142015814781189,-0.2596408724784851,0.4433145821094513
1.0801032781600952,-0.2596408724784851,0.43596622347831726
1.0801032781600952,-0.2596408724784851,0.4506629407405853
1.018190622329712,-0.2596408724784851,0.41392120718955994
1.142015814781189,-0.2596408724784851,0.41392120718955994
1.0801032781600952,-0.2596408724784851,0.4065728485584259
1.0801032781600952,-0.2596408724784851,0.4212695360183716
0.7705399990081787,-0.2596408724784851,0.41392120718955994
0.8943653106689453,-0.2596408724784851,0.41392120718955994
0.832452654838562,-0.2596408724784851,0.4065728485584259
0.832452654838562,-0.2596408724784851,0.4212695360183716
1.0801032781600952,0.06475617736577988,0.39922448992729187
1.0801032781600952,0.19451500475406647,0.39922448992729187
1.018190622329712,0.12963558733463287,0.39922448992729187
1.142015814781189,0.12963558733463287,0.39922448992729187
0.832452654838562,0.06475617736577988,0.39922448992729187
0.832452654838562,0.19451500475406647,0.39922448992729187
0.7705399990081787,0.12963558733463287,0.39922448992729187
0.8943653106689453,0.12963558733463287,0.39922448992729187
0.832452654838562,-0.19476144015789032,0.39922448992729187
0.832452654838562,-0.06500264257192612,0.39922448992729187
0.7705399990081787,-0.1298820525407791,0.39922448992729187
0.8943653106689453,-0.1298820525407791,0.39922448992729187
0.832452654838562,0.06475617736577988,0.458011269569397
0.832452654838562,0.19451500475406647,0.458011269569397
0.8943653106689453,0.12963558733463287,0.458011269569397
0.7705399990081787,0.12963558733463287,0.458011269569397
1.0801032781600952,0.06475617736577988,0.458011269569397
1.0801032781600952,0.19451500475406647,0.458011269569397
1.142015814781189,0.12963558733463287,0.458011269569397
1.018190622329712,0.12963558733463287,0.458011269569397
1.0801032781600952,-0.19476144015789032,0.458011269569397
1.0801032781600952,-0.06500264257192612,0.458011269569397
1.142015814781189,-0.1298820525407791,0.458011269569397
1.018190622329712,-0.1298820525407791,0.458011269569397
0.832452654838562,-0.19476144015789032,0.458011269569397
0.832452654838562,-0.06500264257192612,0.458011269569397
0.8943653106689453,-0.1298820525407791,0.458011269569397
0.7705399990081787,-0.1298820525407791,0.458011269569397
1.0801032781600952,-0.19476144015789032,0.39922448992729187
1.0801032781600952,-0.06500264257192612,0.39922448992729187
1.018190622329712,-0.1298820525407791,0.39922448992729187
1.142015814781189,-0.1298820525407791,0.39922448992729187
0.7705399990081787,-0.2596408724784851,0.4433145821094513
0.8943653106689453,-0.2596408724784851,0.4433145821094513
0.832452654838562,-0.2596408724784851,0.43596622347831726
0.832452654838562,-0.2596408724784851,0.4506629407405853
1.2039284706115723,-0.19476144015789032,0.4433145821094513
1.2039284706115723,-0.06500264257192612,0.4433145821094513
1.2039284706115723,-0.1298820525407791,0.43596622347831726
1.2039284706115723,-0.1298820525407791,0.4506629407405853
1.142015814781189,0.25939440727233887,0.4433145821094513
1.018190622329712,0.25939440727233887,0.4433145821094513
1.0801032781600952,0.25939440727233887,0.43596622347831726
1.0801032781600952,0.25939440727233887,0.4506629407405853
0.7086273431777954,0.19451500475406647,0.4433145821094513
0.7086273431777954,0.06475617736577988,0.4433145821094513
0.7086273431777954,0.12963558733463287,0.43596622347831726
0.7086273431777954,0.12963558733463287,0.4506629407405853
0.7086273431777954,0.06475617736577988,0.4506629407405853
0.7086273431777954,0.06475617736577988,0.43596622347831726
0.7086273431777954,0.19451500475406647,0.43596622347831726
1.018190622329712,0.25939440727233887,0.4506629407405853
1.018190622329712,0.25939440727233887,0.43596622347831726
1.142015814781189,0.25939440727233887,0.43596622347831726
1.2039284706115723,-0.06500264257192612,0.4506629407405853
1.2039284706115723,-0.06500264257192612,0.43596622347831726
1.2039284706115723,-0.19476144015789032,0.43596622347831726
0.8943653106689453,-0.2596408724784851,0.4506629407405853
0.8943653106689453,-0.2596408724784851,0.43596622347831726
0.7705399990081787,-0.2596408724784851,0.43596622347831726
1.142015814781189,-0.06500264257192612,0.39922448992729187
1.018190622329712,-0.06500264257192612,0.39922448992729187
1.018190622329712,-0.19476144015789032,0.39922448992729187
0.7705399990081787,-0.06500264257192612,0.458011269569397
0.8943653106689453,-0.06500264257192612,0.458011269569397
0.8943653106689453,-0.19476144015789032,0.458011269569397
1.018190622329712,-0.06500264257192612,0.458011269569397
1.142015814781189,-0.06500264257192612,0.458011269569397
1.142015814781189,-0.19476144015789032,0.458011269569397
1.018190622329712,0.19451500475406647,0.458011269569397
1.142015814781189,0.19451500475406647,0.458011269569397
1.142015814781189,0.06475617736577988,0.458011269569397
0.7705399990081787,0.19451500475406647,0.458011269569397
0.8943653106689453,0.19451500475406647,0.458011269569397
0.8943653106689453,0.06475617736577988,0.458011269569397
0.8943653106689453,-0.06500264257192612,0.39922448992729187
0.7705399990081787,-0.06500264257192612,0.39922448992729187
0.7705399990081787,-0.19476144015789032,0.39922448992729187
0.8943653106689453,0.19451500475406647,0.39922448992729187
0.7705399990081787,0.19451500475406647,0.39922448992729187
0.7705399990081787,0.06475617736577988,0.39922448992729187
1.142015814781189,0.19451500475406647,0.39922448992729187
1.018190622329712,0.19451500475406647,0.39922448992729187
1.018190622329712,0.06475617736577988,0.39922448992729187
0.8943653106689453,-0.2596408724784851,0.4212695360183716
0.8943653106689453,-0.2596408724784851,0.4065728485584259
0.7705399990081787,-0.2596408724784851,0.4065728485584259
1.142015814781189,-0.2596408724784851,0.4212695360183716
1.142015814781189,-0.2596408724784851,0.4065728485584259
1.018190622329712,-0.2596408724784851,0.4065728485584259
1.142015814781189,-0.2596408724784851,0.4506629407405853
1.142015814781189,-0.2596408724784851,0.43596622347831726
1.018190622329712,-0.2596408724784851,0.43596622347831726
1.2039284706115723,-0.06500264257192612,0.4212695360183716
1.2039284706115723,-0.06500264257192612,0.4065728485584259
1.2039284706115723,-0.19476144015789032,0.4065728485584259
1.2039284706115723,0.19451500475406647,0.4212695360183716
1.2039284706115723,0.19451500475406647,0.4065728485584259
1.2039284706115723,0.06475617736577988,0.4065728485584259
1.2039284706115723,0.19451500475406647,0.4506629407405853
1.2039284706115723,0.19451500475406647,0.43596622347831726
1.2039284706115723,0.06475617736577988,0.43596622347831726
1.018190622329712,0.25939440727233887,0.4212695360183716
1.018190622329712,0.25939440727233887,0.4065728485584259
1.142015814781189,0.25939440727233887,0.4065728485584259
0.7705399990081787,0.25939440727233887,0.4212695360183716
0.7705399990081787,0.25939440727233887,0.4065728485584259
0.8943653106689453,0.25939440727233887,0.4065728485584259
0.7705399990081787,0.25939440727233887,0.4506629407405853
0.7705399990081787,0.25939440727233887,0.43596622347831726
0.8943653106689453,0.25939440727233887,0.43596622347831726
0.7086273431777954,0.06475617736577988,0.4212695360183716
0.7086273431777954,0.06475617736577988,0.4065728485584259
0.7086273431777954,0.19451500475406647,0.4065728485584259
0.7086273431777954,-0.19476144015789032,0.4212695360183716
0.7086273431777954,-0.19476144015789032,0.4065728485584259
0.7086273431777954,-0.06500264257192612,0.4065728485584259
0.7086273431777954,-0.19476144015789032,0.4506629407405853
0.7086273431777954,-0.19476144015789032,0.43596622347831726
0.7086273431777954,-0.06500264257192612,0.43596622347831726
0.7086273431777954,-0.06500264257192612,0.4506629407405853
0.7086273431777954,-0.06500264257192612,0.4212695360183716
0.7086273431777954,0.19451500475406647,0.4212695360183716
0.8943653106689453,0.25939440727233887,0.4506629407405853
0.8943653106689453,0.25939440727233887,0.4212695360183716
1.142015814781189,0.25939440727233887,0.4212695360183716
1.2039284706115723,0.06475617736577988,0.4506629407405853
1.2039284706115723,0.06475617736577988,0.4212695360183716
1.2039284706115723,-0.19476144015789032,0.4212695360183716
1.018190622329712,-0.2596408724784851,0.4506629407405853
1.018190622329712,-0.2596408724784851,0.4212695360183716
0.7705399990081787,-0.2596408724784851,0.4212695360183716
1.142015814781189,0.06475617736577988,0.39922448992729187
0.8943653106689453,0.06475617736577988,0.39922448992729187
0.8943653106689453,-0.19476144015789032,0.39922448992729187
0.7705399990081787,0.06475617736577988,0.458011269569397
1.018190622329712,0.06475617736577988,0.458011269569397
1.018190622329712,-0.19476144015789032,0.458011269569397
0.7705399990081787,-0.19476144015789032,0.458011269569397
1.142015814781189,-0.19476144015789032,0.39922448992729187
0.7705399990081787,-0.2596408724784851,0.4506629407405853
1.2039284706115723,-0.19476144015789032,0.4506629407405853
1.142015814781189,0.25939440727233887,0.4506629407405853
0.7086273431777954,0.19451500475406647,0.4506629407405853
