0.3998313248157501,-0.2596408724784851,0.39922448992729187
0.3998313248157501,-0.2596408724784851,0.458011269569397
0.3998313248157501,0.25939440727233887,0.39922448992729187
0.3998313248157501,0.25939440727233887,0.458011269569397
0.8951324224472046,-0.2596408724784851,0.39922448992729187
0.8951324224472046,-0.2596408724784851,0.458011269569397
0.8951324224472046,0.25939440727233887,0.39922448992729187
0.8951324224472046,0.25939440727233887,0.458011269569397
0.3998313248157501,-0.00012323289411142468,0.39922448992729187
0.3998313248157501,-0.2596408724784851,0.4286178648471832
0.3998313248157501,-0.00012323289411142468,0.458011269569397
0.3998313248157501,0.25939440727233887,0.4286178648471832
0.6474819183349609,0.25939440727233887,0.39922448992729187
0.6474819183349609,0.25939440727233887,0.458011269569397
0.8951324224472046,0.25939440727233887,0.4286178648471832
0.8951324224472046,-0.00012323289411142468,0.39922448992729187
0.8951324224472046,-0.00012323289411142468,0.458011269569397
0.8951324224472046,-0.2596408724784851,0.4286178648471832
0.6474819183349609,-0.2596408724784851,0.39922448992729187
0.6474819183349609,-0.2596408724784851,0.458011269569397
0.6474819183349609,-0.00012323289411142468,0.458011269569397
0.6474819183349609,-0.00012323289411142468,0.39922448992729187
0.6474819183349609,-0.2596408724784851,0.4286178648471832
0.8951324224472046,-0.00012323289411142468,0.4286178648471832
0.6474819183349609,0.25939440727233887,0.4286178648471832
0.3998313248157501,-0.00012323289411142468,0.4286178648471832
0.3998313248157501,-0.1298820525407791,0.39922448992729187
0.3998313248157501,-0.2596408724784851,0.4433145821094513
0.3998313248157501,0.12963558733463287,0.458011269569397
0.3998313248157501,0.25939440727233887,0.41392120718955994
0.5236566066741943,0.25939440727233887,0.39922448992729187
0.7713072299957275,0.25939440727233887,0.458011269569397
0.8951324224472046,0.25939440727233887,0.41392120718955994
0.8951324224472046,0.12963558733463287,0.39922448992729187
0.8951324224472046,-0.1298820525407791,0.458011269569397
0.8951324224472046,-0.2596408724784851,0.41392120718955994
0.7713072299957275,-0.2596408724784851,0.39922448992729187
0.5236566066741943,-0.2596408724784851,0.458011269569397
0.3998313248157501,0.12963558733463287,0.39922448992729187
0.3998313248157501,-0.2596408724784851,0.41392120718955994
0.3998313248157501,-0.1298820525407791,0.458011269569397
0.3998313248157501,0.25939440727233887,0.4433145821094513
0.7713072299957275,0.25939440727233887,0.39922448992729187
0.5236566066741943,0.25939440727233887,0.458011269569397
0.8951324224472046,0.25939440727233887,0.4433145821094513
0.8951324224472046,-0.1298820525407791,0.39922448992729187
0.8951324224472046,0.12963558733463287,0.458011269569397
0.8951324224472046,-0.2596408724784851,0.4433145821094513
0.5236566066741943,-0.2596408724784851,0.39922448992729187
0.7713072299957275,-0.2596408724784851,0.458011269569397
0.6474819183349609,-0.1298820525407791,0.458011269569397
0.6474819183349609,0.12963558733463287,0.458011269569397
0.7713072299957275,-0.00012323289411142468,0.458011269569397
0.5236566066741943,-0.00012323289411142468,0.458011269569397
0.6474819183349609,-0.1298820525407791,0.39922448992729187
0.6474819183349609,0.12963558733463287,0.39922448992729187
0.5236566066741943,-0.00012323289411142468,0.39922448992729187
0.7713072299957275,-0.00012323289411142468,0.39922448992729187
0.5236566066741943,-0.2596408724784851,0.4286178648471832
0.7713072299957275,-0.2596408724784851,0.4286178648471832
0.6474819183349609,-0.2596408724784851,0.41392120718955994
0.6474819183349609,-0.2596408724784851,0.4433145821094513
0.8951324224472046,-0.1298820525407791,0.4286178648471832
0.8951324224472046,0.12963558733463287,0.4286178648471832
0.8951324224472046,-0.00012323289411142468,0.41392120718955994
0.8951324224472046,-0.00012323289411142468,0.4433145821094513
0.7713072299957275,0.25939440727233887,0.4286178648471832
0.5236566066741943,0.25939440727233887,0.4286178648471832
0.6474819183349609,0.25939440727233887,0.41392120718955994
0.6474819183349609,0.25939440727233887,0.4433145821094513
0.3998313248157501,0.12963558733463287,0.4286178648471832
0.3998313248157501,-0.1298820525407791,0.4286178648471832
0.3998313248157501,-0.00012323289411142468,0.41392120718955994
0.3998313248157501,-0.00012323289411142468,0.4433145821094513
0.3998313248157501,-0.1298820525407791,0.4433145821094513
0.3998313248157501,-0.1298820525407791,0.41392120718955994
0.3998313248157501,0.12963558733463287,0.41392120718955994
0.5236566066741943,0.25939440727233887,0.4433145821094513
0.5236566066741943,0.25939440727233887,0.41392120718955994
0.7713072299957275,0.25939440727233887,0.41392120718955994
0.8951324224472046,0.12963558733463287,0.4433145821094513
0.8951324224472046,0.12963558733463287,0.41392120718955994
0.8951324224472046,-0.1298820525407791,0.41392120718955994
0.7713072299957275,-0.2596408724784851,0.4433145821094513
0.7713072299957275,-0.2596408724784851,0.41392120718955994
0.5236566066741943,-0.2596408724784851,0.41392120718955994
0.7713072299957275,0.12963558733463287,0.39922448992729187
0.5236566066741943,0.12963558733463287,0.39922448992729187
0.5236566066741943,-0.1298820525407791,0.39922448992729187
0.5236566066741943,0.12963558733463287,0.458011269569397
0.7713072299957275,0.12963558733463287,0.458011269569397
0.7713072299957275,-0.1298820525407791,0.458011269569397
0.5236566066741943,-0.1298820525407791,0.458011269569397
0.7713072299957275,-0.1298820525407791,0.39922448992729187
0.5236566066741943,-0.2596408724784851,0.4433145821094513
0.8951324224472046,-0.1298820525407791,0.4433145821094513
0.7713072299957275,0.25939440727233887,0.4433145821094513
0.3998313248157501,0.12963558733463287,0.4433145821094513
0.3998313248157501,-0.19476144015789032,0.39922448992729187
0.3998313248157501,-0.2596408724784851,0.4506629407405853
0.3998313248157501,0.19451500475406647,0.458011269569397
0.3998313248157501,0.25939440727233887,0.4065728485584259
0.4617439806461334,0.25939440727233887,0.39922448992729187
0.8332197666168213,0.25939440727233887,0.458011269569397
0.8951324224472046,0.25939440727233887,0.4065728485584259
0.8951324224472046,0.19451500475406647,0.39922448992729187
0.8951324224472046,-0.19476144015789032,0.458011269569397
0.8951324224472046,-0.2596408724784851,0.4065728485584259
0.8332197666168213,-0.2596408724784851,0.39922448992729187
0.4617439806461334,-0.2596408724784851,0.458011269569397
0.3998313248157501,0.06475617736577988,0.39922448992729187
0.3998313248157501,-0.2596408724784851,0.4212695360183716
0.3998313248157501,-0.06500264257192612,0.458011269569397
0.3998313248157501,0.25939440727233887,0.43596622347831726
0.7093945741653442,0.25939440727233887,0.39922448992729187
0.5855692625045776,0.25939440727233887,0.458011269569397
0.8951324224472046,0.25939440727233887,0.43596622347831726
0.8951324224472046,-0.06500264257192612,0.39922448992729187
0.8951324224472046,0.06475617736577988,0.458011269569397
0.8951324224472046,-0.2596408724784851,0.43596622347831726
0.5855692625045776,-0.2596408724784851,0.39922448992729187
0.7093945741653442,-0.2596408724784851,0.458011269569397
0.6474819183349609,-0.19476144015789032,0.458011269569397
0.6474819183349609,0.06475617736577988,0.458011269569397
0.8332197666168213,-0.00012323289411142468,0.458011269569397
0.5855692625045776,-0.00012323289411142468,0.458011269569397
0.6474819183349609,-0.19476144015789032,0.39922448992729187
0.6474819183349609,0.06475617736577988,0.39922448992729187
0.4617439806461334,-0.00012323289411142468,0.39922448992729187
0.7093945741653442,-0.00012323289411142468,0.39922448992729187
0.4617439806461334,-0.2596408724784851,0.4286178648471832
0.7093945741653442,-0.2596408724784851,0.4286178648471832
0.6474819183349609,-0.2596408724784851,0.4065728485584259
0.6474819183349609,-0.2596408724784851,0.43596622347831726
0.8951324224472046,-0.19476144015789032,0.4286178648471832
0.8951324224472046,0.06475617736577988,0.4286178648471832
0.8951324224472046,-0.00012323289411142468,0.4065728485584259
0.8951324224472046,-0.00012323289411142468,0.43596622347831726
0.8332197666168213,0.25939440727233887,0.4286178648471832
0.5855692625045776,0.25939440727233887,0.4286178648471832
0.6474819183349609,0.25939440727233887,0.4065728485584259
0.6474819183349609,0.25939440727233887,0.43596622347831726
0.3998313248157501,0.19451500475406647,0.4286178648471832
0.3998313248157501,-0.06500264257192612,0.4286178648471832
0.3998313248157501,-0.00012323289411142468,0.4065728485584259
0.3998313248157501,-0.00012323289411142468,0.43596622347831726
0.3998313248157501,-0.06500264257192612,0.39922448992729187
0.3998313248157501,-0.2596408724784851,0.43596622347831726
0.3998313248157501,0.06475617736577988,0.458011269569397
0.3998313248157501,0.25939440727233887,0.4212695360183716
0.5855692625045776,0.25939440727233887,0.39922448992729187
0.7093945741653442,0.25939440727233887,0.458011269569397
0.8951324224472046,0.25939440727233887,0.4212695360183716
0.8951324224472046,0.06475617736577988,0.39922448992729187
0.8951324224472046,-0.06500264257192612,0.458011269569397
0.8951324224472046,-0.2596408724784851,0.4212695360183716
0.7093945741653442,-0.2596408724784851,0.39922448992729187
0.5855692625045776,-0.2596408724784851,0.458011269569397
0.3998313248157501,0.19451500475406647,0.39922448992729187
0.3998313248157501,-0.2596408724784851,0.4065728485584259
0.3998313248157501,-0.19476144015789032,0.458011269569397
0.3998313248157501,0.25939440727233887,0.4506629407405853
0.8332197666168213,0.25939440727233887,0.39922448992729187
0.4617439806461334,0.25939440727233887,0.458011269569397
0.8951324224472046,0.25939440727233887,0.4506629407405853
0.8951324224472046,-0.19476144015789032,0.39922448992729187
0.8951324224472046,0.19451500475406647,0.458011269569397
0.8951324224472046,-0.2596408724784851,0.4506629407405853
0.4617439806461334,-0.2596408724784851,0.39922448992729187
0.8332197666168213,-0.2596408724784851,0.458011269569397
0.6474819183349609,-0.06500264257192612,0.458011269569397
0.6474819183349609,0.19451500475406647,0.458011269569397
0.7093945741653442,-0.00012323289411142468,0.458011269569397
0.4617439806461334,-0.00012323289411142468,0.458011269569397
0.6474819183349609,-0.06500264257192612,0.39922448992729187
0.6474819183349609,0.19451500475406647,0.39922448992729187
0.5855692625045776,-0.00012323289411142468,0.39922448992729187
0.8332197666168213,-0.00012323289411142468,0.39922448992729187
0.5855692625045776,-0.2596408724784851,0.4286178648471832
0.8332197666168213,-0.2596408724784851,0.4286178648471832
0.6474819183349609,-0.2596408724784851,0.4212695360183716
0.6474819183349609,-0.2596408724784851,0.4506629407405853
0.8951324224472046,-0.06500264257192612,0.4286178648471832
0.8951324224472046,0.19451500475406647,0.4286178648471832
0.8951324224472046,-0.00012323289411142468,0.4212695360183716
0.8951324224472046,-0.00012323289411142468,0.4506629407405853
0.7093945741653442,0.25939440727233887,0.4286178648471832
0.4617439806461334,0.25939440727233887,0.4286178648471832
0.6474819183349609,0.25939440727233887,0.4212695360183716
0.6474819183349609,0.25939440727233887,0.4506629407405853
0.3998313248157501,0.06475617736577988,0.4286178648471832
0.3998313248157501,-0.19476144015789032,0.4286178648471832
0.3998313248157501,-0.00012323289411142468,0.4212695360183716
0.3998313248157501,-0.00012323289411142468,0.4506629407405853
0.3998313248157501,-0.06500264257192612,0.4433145821094513
0.3998313248157501,-0.19476144015789032,0.4433145821094513
0.3998313248157501,-0.1298820525407791,0.43596622347831726
0.3998313248157501,-0.1298820525407791,0.4506629407405853
0.3998313248157501,-0.06500264257192612,0.41392120718955994
0.3998313248157501,-0.19476144015789032,0.41392120718955994
0.3998313248157501,-0.1298820525407791,0.4065728485584259
0.3998313248157501,-0.1298820525407791,0.4212695360183716
0.3998313248157501,0.19451500475406647,0.41392120718955994
0.3998313248157501,0.06475617736577988,0.41392120718955994
0.3998313248157501,0.12963558733463287,0.4065728485584259
0.3998313248157501,0.12963558733463287,0.4212695360183716
0.5855692625045776,0.25939440727233887,0.4433145821094513
0.4617439806461334,0.25939440727233887,0.4433145821094513
0.5236566066741943,0.25939440727233887,0.43596622347831726
0.5236566066741943,0.25939440727233887,0.4506629407405853
0.5855692625045776,0.25939440727233887,0.41392120718955994
0.4617439806461334,0.25939440727233887,0.41392120718955994
0.5236566066741943,0.25939440727233887,0.4065728485584259
0.5236566066741943,0.25939440727233887,0.4212695360183716
0.8332197666168213,0.25939440727233887,0.41392120718955994
0.7093945741653442,0.25939440727233887,0.41392120718955994
0.7713072299957275,0.25939440727233887,0.4065728485584259
0.7713072299957275,0.25939440727233887,0.4212695360183716
0.8951324224472046,0.06475617736577988,0.4433145821094513
0.8951324224472046,0.19451500475406647,0.4433145821094513
0.8951324224472046,0.12963558733463287,0.43596622347831726
0.8951324224472046,0.12963558733463287,0.4506629407405853
0.8951324224472046,0.06475617736577988,0.41392120718955994
0.8951324224472046,0.19451500475406647,0.41392120718955994
0.8951324224472046,0.12963558733463287,0.4065728485584259
0.8951324224472046,0.12963558733463287,0.4212695360183716
0.8951324224472046,-0.19476144015789032,0.41392120718955994
0.8951324224472046,-0.06500264257192612,0.41392120718955994
0.8951324224472046,-0.1298820525407791,0.4065728485584259
0.8951324224472046,-0.1298820525407791,0.4212695360183716
0.7093945741653442,-0.2596408724784851,0.4433145821094513
0.8332197666168213,-0.2596408724784851,0.4433145821094513
0.7713072299957275,-0.2596408724784851,0.43596622347831726
0.7713072299957275,-0.2596408724784851,0.4506629407405853
0.7093945741653442,-0.2596408724784851,0.41392120718955994
0.8332197666168213,-0.2596408724784851,0.41392120718955994
0.7713072299957275,-0.2596408724784851,0.4065728485584259
0.7713072299957275,-0.2596408724784851,0.4212695360183716
0.4617439806461334,-0.2596408724784851,0.41392120718955994
0.5855692625045776,-0.2596408724784851,0.41392120718955994
0.5236566066741943,-0.2596408724784851,0.4065728485584259
0.5236566066741943,-0.2596408724784851,0.4212695360183716
0.7713072299957275,0.06475617736577988,0.39922448992729187
0.7713072299957275,0.19451500475406647,0.39922448992729187
0.7093945741653442,0.12963558733463287,0.39922448992729187
0.8332197666168213,0.12963558733463287,0.39922448992729187
0.5236566066741943,0.06475617736577988,0.39922448992729187
0.5236566066741943,0.19451500475406647,0.39922448992729187
0.4617439806461334,0.12963558733463287,0.39922448992729187
0.5855692625045776,0.12963558733463287,0.39922448992729187
0.5236566066741943,-0.19476144015789032,0.39922448992729187
0.5236566066741943,-0.06500264257192612,0.39922448992729187
0.4617439806461334,-0.1298820525407791,0.39922448992729187
0.5855692625045776,-0.1298820525407791,0.39922448992729187
0.5236566066741943,0.06475617736577988,0.458011269569397
0.5236566066741943,0.19451500475406647,0.458011269569397
0.5855692625045776,0.12963558733463287,0.458011269569397
0.4617439806461334,0.12963558733463287,0.458011269569397
0.7713072299957275,0.06475617736577988,0.458011269569397
0.7713072299957275,0.19451500475406647,0.458011269569397
0.8332197666168213,0.12963558733463287,0.458011269569397
0.7093945741653442,0.12963558733463287,0.458011269569397
0.7713072299957275,-0.19476144015789032,0.458011269569397
0.7713072299957275,-0.06500264257192612,0.458011269569397
0.8332197666168213,-0.1298820525407791,0.458011269569397
0.7093945741653442,-0.1298820525407791,0.458011269569397
0.5236566066741943,-0.19476144015789032,0.458011269569397
0.5236566066741943,-0.06500264257192612,0.458011269569397
0.5855692625045776,-0.1298820525407791,0.458011269569397
0.4617439806461334,-0.1298820525407791,0.458011269569397
0.7713072299957275,-0.19476144015789032,0.39922448992729187
0.7713072299957275,-0.06500264257192612,0.39922448992729187
0.7093945741653442,-0.1298820525407791,0.39922448992729187
0.8332197666168213,-0.1298820525407791,0.39922448992729187
0.4617439806461334,-0.2596408724784851,0.4433145821094513
0.5855692625045776,-0.2596408724784851,0.4433145821094513
0.5236566066741943,-0.2596408724784851,0.43596622347831726
0.5236566066741943,-0.2596408724784851,0.4506629407405853
0.8951324224472046,-0.19476144015789032,0.4433145821094513
0.8951324224472046,-0.06500264257192612,0.4433145821094513
0.8951324224472046,-0.1298820525407791,0.43596622347831726
0.8951324224472046,-0.1298820525407791,0.4506629407405853
0.8332197666168213,0.25939440727233887,0.4433145821094513
0.7093945741653442,0.25939440727233887,0.4433145821094513
0.7713072299957275,0.25939440727233887,0.43596622347831726
0.7713072299957275,0.25939440727233887,0.4506629407405853
0.3998313248157501,0.19451500475406647,0.4433145821094513
0.3998313248157501,0.06475617736577988,0.4433145821094513
0.3998313248157501,0.12963558733463287,0.43596622347831726
0.3998313248157501,0.12963558733463287,0.4506629407405853
0.3998313248157501,0.06475617736577988,0.4506629407405853
0.3998313248157501,0.06475617736577988,0.43596622347831726
0.3998313248157501,0.19451500475406647,0.43596622347831726
0.7093945741653442,0.25939440727233887,0.4506629407405853
0.7093945741653442,0.25939440727233887,0.43596622347831726
0.8332197666168213,0.25939440727233887,0.43596622347831726
0.8951324224472046,-0.06500264257192612,0.4506629407405853
0.8951324224472046,-0.06500264257192612,0.43596622347831726
0.8951324224472046,-0.19476144015789032,0.43596622347831726
0.5855692625045776,-0.2596408724784851,0.4506629407405853
0.5855692625045776,-0.2596408724784851,0.43596622347831726
0.4617439806461334,-0.2596408724784851,0.43596622347831726
0.8332197666168213,-0.06500264257192612,0.39922448992729187
0.7093945741653442,-0.06500264257192612,0.39922448992729187
0.7093945741653442,-0.19476144015789032,0.39922448992729187
0.4617439806461334,-0.06500264257192612,0.458011269569397
0.5855692625045776,-0.06500264257192612,0.458011269569397
0.5855692625045776,-0.19476144015789032,0.458011269569397
0.7093945741653442,-0.06500264257192612,0.458011269569397
0.8332197666168213,-0.06500264257192612,0.458011269569397
0.8332197666168213,-0.19476144015789032,0.458011269569397
0.7093945741653442,0.19451500475406647,0.458011269569397
0.8332197666168213,0.19451500475406647,0.458011269569397
0.8332197666168213,0.06475617736577988,0.458011269569397
0.4617439806461334,0.19451500475406647,0.458011269569397
0.5855692625045776,0.19451500475406647,0.458011269569397
0.5855692625045776,0.06475617736577988,0.458011269569397
0.5855692625045776,-0.06500264257192612,0.39922448992729187
0.4617439806461334,-0.06500264257192612,0.39922448992729187
0.4617439806461334,-0.19476144015789032,0.39922448992729187
0.5855692625045776,0.19451500475406647,0.39922448992729187
0.4617439806461334,0.19451500475406647,0.39922448992729187
0.4617439806461334,0.06475617736577988,0.39922448992729187
0.8332197666168213,0.19451500475406647,0.39922448992729187
0.7093945741653442,0.19451500475406647,0.39922448992729187
0.7093945741653442,0.06475617736577988,0.39922448992729187
0.5855692625045776,-0.2596408724784851,0.4212695360183716
0.5855692625045776,-0.2596408724784851,0.4065728485584259
0.4617439806461334,-0.2596408724784851,0.4065728485584259
0.8332197666168213,-0.2596408724784851,0.4212695360183716
0.8332197666168213,-0.2596408724784851,0.4065728485584259
0.7093945741653442,-0.2596408724784851,0.4065728485584259
0.8332197666168213,-0.2596408724784851,0.4506629407405853
0.8332197666168213,-0.2596408724784851,0.43596622347831726
0.7093945741653442,-0.2596408724784851,0.43596622347831726
0.8951324224472046,-0.06500264257192612,0.4212695360183716
0.8951324224472046,-0.06500264257192612,0.4065728485584259
0.8951324224472046,-0.19476144015789032,0.4065728485584259
0.8951324224472046,0.19451500475406647,0.4212695360183716
0.8951324224472046,0.19451500475406647,0.4065728485584259
0.8951324224472046,0.06475617736577988,0.4065728485584259
0.8951324224472046,0.19451500475406647,0.4506629407405853
0.8951324224472046,0.19451500475406647,0.43596622347831726
0.8951324224472046,0.06475617736577988,0.43596622347831726
0.7093945741653442,0.25939440727233887,0.4212695360183716
0.7093945741653442,0.25939440727233887,0.4065728485584259
0.8332197666168213,0.25939440727233887,0.4065728485584259
0.4617439806461334,0.25939440727233887,0.4212695360183716
0.4617439806461334,0.25939440727233887,0.4065728485584259
0.5855692625045776,0.25939440727233887,0.4065728485584259
0.4617439806461334,0.25939440727233887,0.4506629407405853
0.4617439806461334,0.25939440727233887,0.43596622347831726
0.5855692625045776,0.25939440727233887,0.43596622347831726
0.3998313248157501,0.06475617736577988,0.4212695360183716
0.3998313248157501,0.06475617736577988,0.4065728485584259
0.3998313248157501,0.19451500475406647,0.4065728485584259
0.3998313248157501,-0.19476144015789032,0.4212695360183716
0.3998313248157501,-0.19476144015789032,0.4065728485584259
0.3998313248157501,-0.06500264257192612,0.4065728485584259
0.3998313248157501,-0.19476144015789032,0.4506629407405853
0.3998313248157501,-0.19476144015789032,0.43596622347831726
0.3998313248157501,-0.06500264257192612,0.43596622347831726
0.3998313248157501,-0.06500264257192612,0.4506629407405853
0.3998313248157501,-0.06500264257192612,0.4212695360183716
0.3998313248157501,0.19451500475406647,0.4212695360183716
0.5855692625045776,0.25939440727233887,0.4506629407405853
0.5855692625045776,0.25939440727233887,0.4212695360183716
0.8332197666168213,0.25939440727233887,0.4212695360183716
0.8951324224472046,0.06475617736577988,0.4506629407405853
0.8951324224472046,0.06475617736577988,0.4212695360183716
0.8951324224472046,-0.19476144015789032,0.4212695360183716
0.7093945741653442,-0.2596408724784851,0.4506629407405853
0.7093945741653442,-0.2596408724784851,0.4212695360183716
0.4617439806461334,-0.2596408724784851,0.4212695360183716
0.8332197666168213,0.06475617736577988,0.39922448992729187
0.5855692625045776,0.06475617736577988,0.39922448992729187
0.5855692625045776,-0.19476144015789032,0.39922448992729187
0.4617439806461334,0.06475617736577988,0.458011269569397
0.7093945741653442,0.06475617736577988,0.458011269569397
0.7093945741653442,-0.19476144015789032,0.458011269569397
0.4617439806461334,-0.19476144015789032,0.458011269569397
0.8332197666168213,-0.19476144015789032,0.39922448992729187
0.4617439806461334,-0.2596408724784851,0.4506629407405853
0.8951324224472046,-0.19476144015789032,0.4506629407405853
0.8332197666168213,0.25939440727233887,0.4506629407405853
0.3998313248157501,0.19451500475406647,0.4506629407405853
