0.4579674303531647,-0.34419918060302734,0.8364216089248657
0.4579674303531647,-0.34419918060302734,0.8787176609039307
0.4579674303531647,0.21259209513664246,0.8364216089248657
0.4579674303531647,0.21259209513664246,0.8787176609039307
0.5002634525299072,-0.34419918060302734,0.8364216089248657
0.5002634525299072,-0.34419918060302734,0.8787176609039307
0.5002634525299072,0.21259209513664246,0.8364216089248657
0.5002634525299072,0.21259209513664246,0.8787176609039307
0.4579674303531647,-0.06580354273319244,0.8364216089248657
0.4579674303531647,-0.34419918060302734,0.8575695753097534
0.4579674303531647,-0.06580354273319244,0.8787176609039307
0.4579674303531647,0.21259209513664246,0.8575695753097534
0.47911545634269714,0.21259209513664246,0.8364216089248657
0.47911545634269714,0.21259209513664246,0.8787176609039307
0.5002634525299072,0.21259209513664246,0.8575695753097534
0.5002634525299072,-0.06580354273319244,0.8364216089248657
0.5002634525299072,-0.06580354273319244,0.8787176609039307
0.5002634525299072,-0.34419918060302734,0.8575695753097534
0.47911545634269714,-0.34419918060302734,0.8364216089248657
0.47911545634269714,-0.34419918060302734,0.8787176609039307
0.47911545634269714,-0.06580354273319244,0.8787176609039307
0.47911545634269714,-0.06580354273319244,0.8364216089248657
0.47911545634269714,-0.34419918060302734,0.8575695753097534
0.5002634525299072,-0.06580354273319244,0.8575695753097534
0.47911545634269714,0.21259209513664246,0.8575695753097534
0.4579674303531647,-0.06580354273319244,0.8575695753097534
0.4579674303531647,-0.2050013393163681,0.8364216089248657
0.4579674303531647,-0.34419918060302734,0.8681435585021973
0.4579674303531647,0.0733942836523056,0.8787176609039307
0.4579674303531647,0.21259209513664246,0.8469955921173096
0.4685414433479309,0.21259209513664246,0.8364216089248657
0.489689439535141,0.21259209513664246,0.8787176609039307
0.5002634525299072,0.21259209513664246,0.8469955921173096
0.5002634525299072,0.0733942836523056,0.8364216089248657
0.5002634525299072,-0.2050013393163681,0.8787176609039307
0.5002634525299072,-0.34419918060302734,0.8469955921173096
0.489689439535141,-0.34419918060302734,0.8364216089248657
0.4685414433479309,-0.34419918060302734,0.8787176609039307
0.4579674303531647,0.0733942836523056,0.8364216089248657
0.4579674303531647,-0.34419918060302734,0.8469955921173096
0.4579674303531647,-0.2050013393163681,0.8787176609039307
0.4579674303531647,0.21259209513664246,0.8681435585021973
0.489689439535141,0.21259209513664246,0.8364216089248657
0.4685414433479309,0.21259209513664246,0.8787176609039307
0.5002634525299072,0.21259209513664246,0.8681435585021973
0.5002634525299072,-0.2050013393163681,0.8364216089248657
0.5002634525299072,0.0733942836523056,0.8787176609039307
0.5002634525299072,-0.34419918060302734,0.8681435585021973
0.4685414433479309,-0.34419918060302734,0.8364216089248657
0.489689439535141,-0.34419918060302734,0.8787176609039307
0.47911545634269714,-0.2050013393163681,0.8787176609039307
0.47911545634269714,0.0733942836523056,0.8787176609039307
0.489689439535141,-0.06580354273319244,0.8787176609039307
0.4685414433479309,-0.06580354273319244,0.8787176609039307
0.47911545634269714,-0.2050013393163681,0.8364216089248657
0.47911545634269714,0.0733942836523056,0.8364216089248657
0.4685414433479309,-0.06580354273319244,0.8364216089248657
0.489689439535141,-0.06580354273319244,0.8364216089248657
0.4685414433479309,-0.34419918060302734,0.8575695753097534
0.489689439535141,-0.34419918060302734,0.8575695753097534
0.47911545634269714,-0.34419918060302734,0.8469955921173096
0.47911545634269714,-0.34419918060302734,0.8681435585021973
0.5002634525299072,-0.2050013393163681,0.8575695753097534
0.5002634525299072,0.0733942836523056,0.8575695753097534
0.5002634525299072,-0.06580354273319244,0.8469955921173096
0.5002634525299072,-0.06580354273319244,0.8681435585021973
0.489689439535141,0.21259209513664246,0.8575695753097534
0.4685414433479309,0.21259209513664246,0.8575695753097534
0.47911545634269714,0.21259209513664246,0.8469955921173096
0.47911545634269714,0.21259209513664246,0.8681435585021973
0.4579674303531647,0.0733942836523056,0.8575695753097534
0.4579674303531647,-0.2050013393163681,0.8575695753097534
0.4579674303531647,-0.06580354273319244,0.8469955921173096
0.4579674303531647,-0.06580354273319244,0.8681435585021973
0.4579674303531647,-0.2050013393163681,0.8681435585021973
0.4579674303531647,-0.2050013393163681,0.8469955921173096
0.4579674303531647,0.0733942836523056,0.8469955921173096
0.4685414433479309,0.21259209513664246,0.8681435585021973
0.4685414433479309,0.21259209513664246,0.8469955921173096
0.489689439535141,0.21259209513664246,0.8469955921173096
0.5002634525299072,0.0733942836523056,0.8681435585021973
0.5002634525299072,0.0733942836523056,0.8469955921173096
0.5002634525299072,-0.2050013393163681,0.8469955921173096
0.489689439535141,-0.34419918060302734,0.8681435585021973
0.489689439535141,-0.34419918060302734,0.8469955921173096
0.4685414433479309,-0.34419918060302734,0.8469955921173096
0.489689439535141,0.0733942836523056,0.8364216089248657
0.4685414433479309,0.0733942836523056,0.8364216089248657
0.4685414433479309,-0.2050013393163681,0.8364216089248657
0.4685414433479309,0.0733942836523056,0.8787176609039307
0.489689439535141,0.0733942836523056,0.8787176609039307
0.489689439535141,-0.2050013393163681,0.8787176609039307
0.4685414433479309,-0.2050013393163681,0.8787176609039307
0.489689439535141,-0.2050013393163681,0.8364216089248657
0.4685414433479309,-0.34419918060302734,0.8681435585021973
0.5002634525299072,-0.2050013393163681,0.8681435585021973
0.489689439535141,0.21259209513664246,0.8681435585021973
0.4579674303531647,0.0733942836523056,0.8681435585021973
0.4579674303531647,-0.2746002674102783,0.8364216089248657
0.5002634525299072,-0.2746002674102783,0.8787176609039307
0.47911545634269714,-0.2746002674102783,0.8787176609039307
0.47911545634269714,-0.2746002674102783,0.8364216089248657
0.5002634525299072,-0.2746002674102783,0.8575695753097534
0.4579674303531647,-0.2746002674102783,0.8787176609039307
0.5002634525299072,-0.2746002674102783,0.8364216089248657
0.4579674303531647,-0.2746002674102783,0.8575695753097534
0.4579674303531647,-0.2746002674102783,0.8681435585021973
0.4579674303531647,-0.2746002674102783,0.8469955921173096
0.5002634525299072,-0.2746002674102783,0.8469955921173096
0.4685414433479309,-0.2746002674102783,0.8364216089248657
0.489689439535141,-0.2746002674102783,0.8787176609039307
0.4685414433479309,-0.2746002674102783,0.8787176609039307
0.489689439535141,-0.2746002674102783,0.8364216089248657
0.5002634525299072,-0.2746002674102783,0.8681435585021973
0.4579674303531647,-0.13540242612361908,0.8787176609039307
0.5002634525299072,-0.13540242612361908,0.8364216089248657
0.4579674303531647,-0.13540242612361908,0.8575695753097534
0.4579674303531647,-0.13540242612361908,0.8364216089248657
0.5002634525299072,-0.13540242612361908,0.8787176609039307
0.47911545634269714,-0.13540242612361908,0.8787176609039307
0.47911545634269714,-0.13540242612361908,0.8364216089248657
0.5002634525299072,-0.13540242612361908,0.8575695753097534
0.4579674303531647,-0.13540242612361908,0.8681435585021973
0.4579674303531647,-0.13540242612361908,0.8469955921173096
0.5002634525299072,-0.13540242612361908,0.8469955921173096
0.4685414433479309,-0.13540242612361908,0.8364216089248657
0.489689439535141,-0.13540242612361908,0.8787176609039307
0.4685414433479309,-0.13540242612361908,0.8787176609039307
0.489689439535141,-0.13540242612361908,0.8364216089248657
0.5002634525299072,-0.13540242612361908,0.8681435585021973
0.4579674303531647,0.0037953555583953857,0.8364216089248657
0.5002634525299072,0.0037953555583953857,0.8787176609039307
0.47911545634269714,0.0037953555583953857,0.8787176609039307
0.47911545634269714,0.0037953555583953857,0.8364216089248657
0.5002634525299072,0.0037953555583953857,0.8575695753097534
0.4579674303531647,0.0037953555583953857,0.8787176609039307
0.5002634525299072,0.0037953555583953857,0.8364216089248657
0.4579674303531647,0.0037953555583953857,0.8575695753097534
0.4579674303531647,0.0037953555583953857,0.8469955921173096
0.5002634525299072,0.0037953555583953857,0.8681435585021973
0.5002634525299072,0.0037953555583953857,0.8469955921173096
0.489689439535141,0.0037953555583953857,0.8364216089248657
0.4685414433479309,0.0037953555583953857,0.8364216089248657
0.4685414433479309,0.0037953555583953857,0.8787176609039307
0.489689439535141,0.0037953555583953857,0.8787176609039307
0.4579674303531647,0.0037953555583953857,0.8681435585021973
0.4579674303531647,0.14299318194389343,0.8787176609039307
0.5002634525299072,0.14299318194389343,0.8364216089248657
0.4579674303531647,0.14299318194389343,0.8575695753097534
0.4579674303531647,0.14299318194389343,0.8364216089248657
0.5002634525299072,0.14299318194389343,0.8787176609039307
0.47911545634269714,0.14299318194389343,0.8787176609039307
0.47911545634269714,0.14299318194389343,0.8364216089248657
0.5002634525299072,0.14299318194389343,0.8575695753097534
0.4579674303531647,0.14299318194389343,0.8469955921173096
0.5002634525299072,0.14299318194389343,0.8681435585021973
0.5002634525299072,0.14299318194389343,0.8469955921173096
0.489689439535141,0.14299318194389343,0.8364216089248657
0.4685414433479309,0.14299318194389343,0.8364216089248657
0.4685414433479309,0.14299318194389343,0.8787176609039307
0.489689439535141,0.14299318194389343,0.8787176609039307
0.4579674303531647,0.14299318194389343,0.8681435585021973
