0.2986791431903839,-0.49919068813323975,0.5218406319618225
0.41700127720832825,-0.585155725479126,0.6122296452522278
0.2534849941730499,-0.6382863521575928,0.612229585647583
0.15242521464824677,-0.49919068813323975,0.6122303009033203
0.2534849941730499,-0.3600950241088867,0.612229585647583
0.41700127720832825,-0.4132256507873535,0.6122296452522278
0.3438732922077179,-0.6382863521575928,0.758485734462738
0.18035700917243958,-0.585155725479126,0.7584856748580933
0.18035700917243958,-0.4132256507873535,0.7584856748580933
0.3438732922077179,-0.3600950241088867,0.758485734462738
0.44493305683135986,-0.49919068813323975,0.7584850192070007
0.2986791431903839,-0.49919068813323975,0.8488746881484985
0.27211490273475647,-0.5809484124183655,0.546261191368103
0.36822664737701416,-0.5497193336486816,0.546261191368103
0.3416626751422882,-0.6314778923988342,0.5993906259536743
0.43777456879615784,-0.49919068813323975,0.5993908643722534
0.36822664737701416,-0.44866204261779785,0.546261191368103
0.212713360786438,-0.49919068813323975,0.5462616086006165
0.18614844977855682,-0.5809487104415894,0.5993908643722534
0.27211490273475647,-0.4174329340457916,0.546261191368103
0.18614844977855682,-0.41743266582489014,0.5993908643722534
0.3416626751422882,-0.36690348386764526,0.5993906259536743
0.4541932940483093,-0.549719512462616,0.6853576898574829
0.4541932940483093,-0.4486618638038635,0.6853576898574829
0.2986791431903839,-0.6627076864242554,0.6853576898574829
0.3947921097278595,-0.6314787268638611,0.6853576898574829
0.1431649774312973,-0.549719512462616,0.6853576898574829
0.20256617665290833,-0.6314787268638611,0.6853576898574829
0.20256617665290833,-0.3669026494026184,0.6853576898574829
0.1431649774312973,-0.4486618638038635,0.6853576898574829
0.3947921097278595,-0.3669026494026184,0.6853576898574829
0.2986791431903839,-0.33567366003990173,0.6853576898574829
0.4112098217010498,-0.5809487104415894,0.7713245153427124
0.2556956112384796,-0.6314778923988342,0.7713247537612915
0.15958371758460999,-0.49919068813323975,0.7713244557380676
0.2556956112384796,-0.36690348386764526,0.7713247537612915
0.4112098217010498,-0.41743266582489014,0.7713245153427124
0.32524338364601135,-0.5809484124183655,0.824454128742218
0.38464492559432983,-0.49919068813323975,0.8244537115097046
0.22913163900375366,-0.5497193336486816,0.824454128742218
0.22913163900375366,-0.44866204261779785,0.824454128742218
0.32524338364601135,-0.4174329340457916,0.824454128742218
