0.3896179795265198,-0.6602253913879395,0.19853466749191284
0.4726531505584717,-0.7204796075820923,0.26151907444000244
0.35790199041366577,-0.7577196359634399,0.26151904463768005
0.28698107600212097,-0.6602253913879395,0.26151952147483826
0.35790199041366577,-0.5627312660217285,0.26151904463768005
0.4726531505584717,-0.5999712944030762,0.26151907444000244
0.4213339686393738,-0.7577196359634399,0.36343246698379517
0.30658283829689026,-0.7204796075820923,0.3634324371814728
0.30658283829689026,-0.5999712944030762,0.3634324371814728
0.4213339686393738,-0.5627312660217285,0.36343246698379517
0.4922548532485962,-0.6602253913879395,0.36343199014663696
0.3896179795265198,-0.6602253913879395,0.4264168441295624
0.37097594141960144,-0.7175306081771851,0.2155512422323227
0.4384244680404663,-0.6956417560577393,0.21555127203464508
0.4197826385498047,-0.7529474496841431,0.252572625875473
0.4872312545776367,-0.6602253913879395,0.25257283449172974
0.4384244680404663,-0.6248091459274292,0.21555127203464508
0.32928961515426636,-0.6602253913879395,0.21555157005786896
0.3106471300125122,-0.7175308465957642,0.25257277488708496
0.37097594141960144,-0.6029202938079834,0.2155512422323227
0.3106471300125122,-0.6029200553894043,0.25257277488708496
0.4197826385498047,-0.5675034523010254,0.252572625875473
0.4987534284591675,-0.6956418752670288,0.3124758005142212
0.4987534284591675,-0.6248090267181396,0.3124758005142212
0.3896179795265198,-0.7748368978500366,0.3124758005142212
0.4570673704147339,-0.7529480457305908,0.3124758005142212
0.2804825007915497,-0.6956418752670288,0.3124758005142212
0.32216858863830566,-0.7529480457305908,0.3124758005142212
0.32216858863830566,-0.5675028562545776,0.3124758005142212
0.2804825007915497,-0.6248090267181396,0.3124758005142212
0.4570673704147339,-0.5675028562545776,0.3124758005142212
0.3896179795265198,-0.5456140041351318,0.3124758005142212
0.46858882904052734,-0.7175308465957642,0.37237873673439026
0.35945335030555725,-0.7529474496841431,0.3723788857460022
0.29200470447540283,-0.6602253913879395,0.37237870693206787
0.35945335030555725,-0.5675034523010254,0.3723788857460022
0.46858882904052734,-0.6029200553894043,0.37237873673439026
0.4082600474357605,-0.7175306081771851,0.40940022468566895
0.4499463438987732,-0.6602253913879395,0.40939992666244507
0.34081149101257324,-0.6956417560577393,0.40940022468566895
0.34081149101257324,-0.6248091459274292,0.40940022468566895
0.4082600474357605,-0.6029202938079834,0.40940022468566895
