0.3337196409702301,-0.7004289031028748,0.33210134506225586
0.3337196409702301,-0.7004289031028748,0.39088812470436096
0.3337196409702301,-0.18139362335205078,0.33210134506225586
0.3337196409702301,-0.18139362335205078,0.39088812470436096
0.8290207386016846,-0.7004289031028748,0.33210134506225586
0.8290207386016846,-0.7004289031028748,0.39088812470436096
0.8290207386016846,-0.18139362335205078,0.33210134506225586
0.8290207386016846,-0.18139362335205078,0.39088812470436096
0.3337196409702301,-0.44091126322746277,0.33210134506225586
0.3337196409702301,-0.7004289031028748,0.3614947497844696
0.3337196409702301,-0.44091126322746277,0.39088812470436096
0.3337196409702301,-0.18139362335205078,0.3614947497844696
0.5813702344894409,-0.18139362335205078,0.33210134506225586
0.5813702344894409,-0.18139362335205078,0.39088812470436096
0.8290207386016846,-0.18139362335205078,0.3614947497844696
0.8290207386016846,-0.44091126322746277,0.33210134506225586
0.8290207386016846,-0.44091126322746277,0.39088812470436096
0.8290207386016846,-0.7004289031028748,0.3614947497844696
0.5813702344894409,-0.7004289031028748,0.33210134506225586
0.5813702344894409,-0.7004289031028748,0.39088812470436096
0.5813702344894409,-0.44091126322746277,0.39088812470436096
0.5813702344894409,-0.44091126322746277,0.33210134506225586
0.5813702344894409,-0.7004289031028748,0.3614947497844696
0.8290207386016846,-0.44091126322746277,0.3614947497844696
0.5813702344894409,-0.18139362335205078,0.3614947497844696
0.3337196409702301,-0.44091126322746277,0.3614947497844696
0.3337196409702301,-0.5706701278686523,0.33210134506225586
0.3337196409702301,-0.7004289031028748,0.3761914372444153
0.3337196409702301,-0.31115245819091797,0.39088812470436096
0.3337196409702301,-0.18139362335205078,0.3467980623245239
0.4575449526309967,-0.18139362335205078,0.33210134506225586
0.7051955461502075,-0.18139362335205078,0.39088812470436096
0.8290207386016846,-0.18139362335205078,0.3467980623245239
0.8290207386016846,-0.31115245819091797,0.33210134506225586
0.8290207386016846,-0.5706701278686523,0.39088812470436096
0.8290207386016846,-0.7004289031028748,0.3467980623245239
0.7051955461502075,-0.7004289031028748,0.33210134506225586
0.4575449526309967,-0.7004289031028748,0.39088812470436096
0.3337196409702301,-0.31115245819091797,0.33210134506225586
0.3337196409702301,-0.7004289031028748,0.3467980623245239
0.3337196409702301,-0.5706701278686523,0.39088812470436096
0.3337196409702301,-0.18139362335205078,0.3761914372444153
0.7051955461502075,-0.18139362335205078,0.33210134506225586
0.4575449526309967,-0.18139362335205078,0.39088812470436096
0.8290207386016846,-0.18139362335205078,0.3761914372444153
0.8290207386016846,-0.5706701278686523,0.33210134506225586
0.8290207386016846,-0.31115245819091797,0.39088812470436096
0.8290207386016846,-0.7004289031028748,0.3761914372444153
0.4575449526309967,-0.7004289031028748,0.33210134506225586
0.7051955461502075,-0.7004289031028748,0.39088812470436096
0.5813702344894409,-0.5706701278686523,0.39088812470436096
0.5813702344894409,-0.31115245819091797,0.39088812470436096
0.7051955461502075,-0.44091126322746277,0.39088812470436096
0.4575449526309967,-0.44091126322746277,0.39088812470436096
0.5813702344894409,-0.5706701278686523,0.33210134506225586
0.5813702344894409,-0.31115245819091797,0.33210134506225586
0.4575449526309967,-0.44091126322746277,0.33210134506225586
0.7051955461502075,-0.44091126322746277,0.33210134506225586
0.4575449526309967,-0.7004289031028748,0.3614947497844696
0.7051955461502075,-0.7004289031028748,0.3614947497844696
0.5813702344894409,-0.7004289031028748,0.3467980623245239
0.5813702344894409,-0.7004289031028748,0.3761914372444153
0.8290207386016846,-0.5706701278686523,0.3614947497844696
0.8290207386016846,-0.31115245819091797,0.3614947497844696
0.8290207386016846,-0.44091126322746277,0.3467980623245239
0.8290207386016846,-0.44091126322746277,0.3761914372444153
0.7051955461502075,-0.18139362335205078,0.3614947497844696
0.4575449526309967,-0.18139362335205078,0.3614947497844696
0.5813702344894409,-0.18139362335205078,0.3467980623245239
0.5813702344894409,-0.18139362335205078,0.3761914372444153
0.3337196409702301,-0.31115245819091797,0.3614947497844696
0.3337196409702301,-0.5706701278686523,0.3614947497844696
0.3337196409702301,-0.44091126322746277,0.3467980623245239
0.3337196409702301,-0.44091126322746277,0.3761914372444153
0.3337196409702301,-0.5706701278686523,0.3761914372444153
0.3337196409702301,-0.5706701278686523,0.3467980623245239
0.3337196409702301,-0.31115245819091797,0.3467980623245239
0.4575449526309967,-0.18139362335205078,0.3761914372444153
0.4575449526309967,-0.18139362335205078,0.3467980623245239
0.7051955461502075,-0.18139362335205078,0.3467980623245239
0.8290207386016846,-0.31115245819091797,0.3761914372444153
0.8290207386016846,-0.31115245819091797,0.3467980623245239
0.8290207386016846,-0.5706701278686523,0.3467980623245239
0.7051955461502075,-0.7004289031028748,0.3761914372444153
0.7051955461502075,-0.7004289031028748,0.3467980623245239
0.4575449526309967,-0.7004289031028748,0.3467980623245239
0.7051955461502075,-0.31115245819091797,0.33210134506225586
0.4575449526309967,-0.31115245819091797,0.33210134506225586
0.4575449526309967,-0.5706701278686523,0.33210134506225586
0.4575449526309967,-0.31115245819091797,0.39088812470436096
0.7051955461502075,-0.31115245819091797,0.39088812470436096
0.7051955461502075,-0.5706701278686523,0.39088812470436096
0.4575449526309967,-0.5706701278686523,0.39088812470436096
0.7051955461502075,-0.5706701278686523,0.33210134506225586
0.4575449526309967,-0.7004289031028748,0.3761914372444153
0.8290207386016846,-0.5706701278686523,0.3761914372444153
0.7051955461502075,-0.18139362335205078,0.3761914372444153
0.3337196409702301,-0.31115245819091797,0.3761914372444153
0.3337196409702301,-0.6355494856834412,0.33210134506225586
0.3337196409702301,-0.7004289031028748,0.3835397958755493
0.3337196409702301,-0.24627304077148438,0.39088812470436096
0.3337196409702301,-0.18139362335205078,0.3394497036933899
0.3956322968006134,-0.18139362335205078,0.33210134506225586
0.7671082019805908,-0.18139362335205078,0.39088812470436096
0.8290207386016846,-0.18139362335205078,0.3394497036933899
0.8290207386016846,-0.24627304077148438,0.33210134506225586
0.8290207386016846,-0.6355494856834412,0.39088812470436096
0.8290207386016846,-0.7004289031028748,0.3394497036933899
0.7671082019805908,-0.7004289031028748,0.33210134506225586
0.3956322968006134,-0.7004289031028748,0.39088812470436096
0.3337196409702301,-0.37603187561035156,0.33210134506225586
0.3337196409702301,-0.7004289031028748,0.35414639115333557
0.3337196409702301,-0.5057907104492188,0.39088812470436096
0.3337196409702301,-0.18139362335205078,0.36884307861328125
0.6432828903198242,-0.18139362335205078,0.33210134506225586
0.5194575786590576,-0.18139362335205078,0.39088812470436096
0.8290207386016846,-0.18139362335205078,0.36884307861328125
0.8290207386016846,-0.5057907104492188,0.33210134506225586
0.8290207386016846,-0.37603187561035156,0.39088812470436096
0.8290207386016846,-0.7004289031028748,0.36884307861328125
0.5194575786590576,-0.7004289031028748,0.33210134506225586
0.6432828903198242,-0.7004289031028748,0.39088812470436096
0.5813702344894409,-0.6355494856834412,0.39088812470436096
0.5813702344894409,-0.37603187561035156,0.39088812470436096
0.7671082019805908,-0.44091126322746277,0.39088812470436096
0.5194575786590576,-0.44091126322746277,0.39088812470436096
0.5813702344894409,-0.6355494856834412,0.33210134506225586
0.5813702344894409,-0.37603187561035156,0.33210134506225586
0.3956322968006134,-0.44091126322746277,0.33210134506225586
0.6432828903198242,-0.44091126322746277,0.33210134506225586
0.3956322968006134,-0.7004289031028748,0.3614947497844696
0.6432828903198242,-0.7004289031028748,0.3614947497844696
0.5813702344894409,-0.7004289031028748,0.3394497036933899
0.5813702344894409,-0.7004289031028748,0.36884307861328125
0.8290207386016846,-0.6355494856834412,0.3614947497844696
0.8290207386016846,-0.37603187561035156,0.3614947497844696
0.8290207386016846,-0.44091126322746277,0.3394497036933899
0.8290207386016846,-0.44091126322746277,0.36884307861328125
0.7671082019805908,-0.18139362335205078,0.3614947497844696
0.5194575786590576,-0.18139362335205078,0.3614947497844696
0.5813702344894409,-0.18139362335205078,0.3394497036933899
0.5813702344894409,-0.18139362335205078,0.36884307861328125
0.3337196409702301,-0.24627304077148438,0.3614947497844696
0.3337196409702301,-0.5057907104492188,0.3614947497844696
0.3337196409702301,-0.44091126322746277,0.3394497036933899
0.3337196409702301,-0.44091126322746277,0.36884307861328125
0.3337196409702301,-0.5057907104492188,0.33210134506225586
0.3337196409702301,-0.7004289031028748,0.36884307861328125
0.3337196409702301,-0.37603187561035156,0.39088812470436096
0.3337196409702301,-0.18139362335205078,0.35414639115333557
0.5194575786590576,-0.18139362335205078,0.33210134506225586
0.6432828903198242,-0.18139362335205078,0.39088812470436096
0.8290207386016846,-0.18139362335205078,0.35414639115333557
0.8290207386016846,-0.37603187561035156,0.33210134506225586
0.8290207386016846,-0.5057907104492188,0.39088812470436096
0.8290207386016846,-0.7004289031028748,0.35414639115333557
0.6432828903198242,-0.7004289031028748,0.33210134506225586
0.5194575786590576,-0.7004289031028748,0.39088812470436096
0.3337196409702301,-0.24627304077148438,0.33210134506225586
0.3337196409702301,-0.7004289031028748,0.3394497036933899
0.3337196409702301,-0.6355494856834412,0.39088812470436096
0.3337196409702301,-0.18139362335205078,0.3835397958755493
0.7671082019805908,-0.18139362335205078,0.33210134506225586
0.3956322968006134,-0.18139362335205078,0.39088812470436096
0.8290207386016846,-0.18139362335205078,0.3835397958755493
0.8290207386016846,-0.6355494856834412,0.33210134506225586
0.8290207386016846,-0.24627304077148438,0.39088812470436096
0.8290207386016846,-0.7004289031028748,0.3835397958755493
0.3956322968006134,-0.7004289031028748,0.33210134506225586
0.7671082019805908,-0.7004289031028748,0.39088812470436096
0.5813702344894409,-0.5057907104492188,0.39088812470436096
0.5813702344894409,-0.24627304077148438,0.39088812470436096
0.6432828903198242,-0.44091126322746277,0.39088812470436096
0.3956322968006134,-0.44091126322746277,0.39088812470436096
0.5813702344894409,-0.5057907104492188,0.33210134506225586
0.5813702344894409,-0.24627304077148438,0.33210134506225586
0.5194575786590576,-0.44091126322746277,0.33210134506225586
0.7671082019805908,-0.44091126322746277,0.33210134506225586
0.5194575786590576,-0.7004289031028748,0.3614947497844696
0.7671082019805908,-0.7004289031028748,0.3614947497844696
0.5813702344894409,-0.7004289031028748,0.35414639115333557
0.5813702344894409,-0.7004289031028748,0.3835397958755493
0.8290207386016846,-0.5057907104492188,0.3614947497844696
0.8290207386016846,-0.24627304077148438,0.3614947497844696
0.8290207386016846,-0.44091126322746277,0.35414639115333557
0.8290207386016846,-0.44091126322746277,0.3835397958755493
0.6432828903198242,-0.18139362335205078,0.3614947497844696
0.3956322968006134,-0.18139362335205078,0.3614947497844696
0.5813702344894409,-0.18139362335205078,0.35414639115333557
0.5813702344894409,-0.18139362335205078,0.3835397958755493
0.3337196409702301,-0.37603187561035156,0.3614947497844696
0.3337196409702301,-0.6355494856834412,0.3614947497844696
0.3337196409702301,-0.44091126322746277,0.35414639115333557
0.3337196409702301,-0.44091126322746277,0.3835397958755493
0.3337196409702301,-0.5057907104492188,0.3761914372444153
0.3337196409702301,-0.6355494856834412,0.3761914372444153
0.3337196409702301,-0.5706701278686523,0.36884307861328125
0.3337196409702301,-0.5706701278686523,0.3835397958755493
0.3337196409702301,-0.5057907104492188,0.3467980623245239
0.3337196409702301,-0.6355494856834412,0.3467980623245239
0.3337196409702301,-0.5706701278686523,0.3394497036933899
0.3337196409702301,-0.5706701278686523,0.35414639115333557
0.3337196409702301,-0.24627304077148438,0.3467980623245239
0.3337196409702301,-0.37603187561035156,0.3467980623245239
0.3337196409702301,-0.31115245819091797,0.3394497036933899
0.3337196409702301,-0.31115245819091797,0.35414639115333557
0.5194575786590576,-0.18139362335205078,0.3761914372444153
0.3956322968006134,-0.18139362335205078,0.3761914372444153
0.4575449526309967,-0.18139362335205078,0.36884307861328125
0.4575449526309967,-0.18139362335205078,0.3835397958755493
0.5194575786590576,-0.18139362335205078,0.3467980623245239
0.3956322968006134,-0.18139362335205078,0.3467980623245239
0.4575449526309967,-0.18139362335205078,0.3394497036933899
0.4575449526309967,-0.18139362335205078,0.35414639115333557
0.7671082019805908,-0.18139362335205078,0.3467980623245239
0.6432828903198242,-0.18139362335205078,0.3467980623245239
0.7051955461502075,-0.18139362335205078,0.3394497036933899
0.7051955461502075,-0.18139362335205078,0.35414639115333557
0.8290207386016846,-0.37603187561035156,0.3761914372444153
0.8290207386016846,-0.24627304077148438,0.3761914372444153
0.8290207386016846,-0.31115245819091797,0.36884307861328125
0.8290207386016846,-0.31115245819091797,0.3835397958755493
0.8290207386016846,-0.37603187561035156,0.3467980623245239
0.8290207386016846,-0.24627304077148438,0.3467980623245239
0.8290207386016846,-0.31115245819091797,0.3394497036933899
0.8290207386016846,-0.31115245819091797,0.35414639115333557
0.8290207386016846,-0.6355494856834412,0.3467980623245239
0.8290207386016846,-0.5057907104492188,0.3467980623245239
0.8290207386016846,-0.5706701278686523,0.3394497036933899
0.8290207386016846,-0.5706701278686523,0.35414639115333557
0.6432828903198242,-0.7004289031028748,0.3761914372444153
0.7671082019805908,-0.7004289031028748,0.3761914372444153
0.7051955461502075,-0.7004289031028748,0.36884307861328125
0.7051955461502075,-0.7004289031028748,0.3835397958755493
0.6432828903198242,-0.7004289031028748,0.3467980623245239
0.7671082019805908,-0.7004289031028748,0.3467980623245239
0.7051955461502075,-0.7004289031028748,0.3394497036933899
0.7051955461502075,-0.7004289031028748,0.35414639115333557
0.3956322968006134,-0.7004289031028748,0.3467980623245239
0.5194575786590576,-0.7004289031028748,0.3467980623245239
0.4575449526309967,-0.7004289031028748,0.3394497036933899
0.4575449526309967,-0.7004289031028748,0.35414639115333557
0.7051955461502075,-0.37603187561035156,0.33210134506225586
0.7051955461502075,-0.24627304077148438,0.33210134506225586
0.6432828903198242,-0.31115245819091797,0.33210134506225586
0.7671082019805908,-0.31115245819091797,0.33210134506225586
0.4575449526309967,-0.37603187561035156,0.33210134506225586
0.4575449526309967,-0.24627304077148438,0.33210134506225586
0.3956322968006134,-0.31115245819091797,0.33210134506225586
0.5194575786590576,-0.31115245819091797,0.33210134506225586
0.4575449526309967,-0.6355494856834412,0.33210134506225586
0.4575449526309967,-0.5057907104492188,0.33210134506225586
0.3956322968006134,-0.5706701278686523,0.33210134506225586
0.5194575786590576,-0.5706701278686523,0.33210134506225586
0.4575449526309967,-0.37603187561035156,0.39088812470436096
0.4575449526309967,-0.24627304077148438,0.39088812470436096
0.5194575786590576,-0.31115245819091797,0.39088812470436096
0.3956322968006134,-0.31115245819091797,0.39088812470436096
0.7051955461502075,-0.37603187561035156,0.39088812470436096
0.7051955461502075,-0.24627304077148438,0.39088812470436096
0.7671082019805908,-0.31115245819091797,0.39088812470436096
0.6432828903198242,-0.31115245819091797,0.39088812470436096
0.7051955461502075,-0.6355494856834412,0.39088812470436096
0.7051955461502075,-0.5057907104492188,0.39088812470436096
0.7671082019805908,-0.5706701278686523,0.39088812470436096
0.6432828903198242,-0.5706701278686523,0.39088812470436096
0.4575449526309967,-0.6355494856834412,0.39088812470436096
0.4575449526309967,-0.5057907104492188,0.39088812470436096
0.5194575786590576,-0.5706701278686523,0.39088812470436096
0.3956322968006134,-0.5706701278686523,0.39088812470436096
0.7051955461502075,-0.6355494856834412,0.33210134506225586
0.7051955461502075,-0.5057907104492188,0.33210134506225586
0.6432828903198242,-0.5706701278686523,0.33210134506225586
0.7671082019805908,-0.5706701278686523,0.33210134506225586
0.3956322968006134,-0.7004289031028748,0.3761914372444153
0.5194575786590576,-0.7004289031028748,0.3761914372444153
0.4575449526309967,-0.7004289031028748,0.36884307861328125
0.4575449526309967,-0.7004289031028748,0.3835397958755493
0.8290207386016846,-0.6355494856834412,0.3761914372444153
0.8290207386016846,-0.5057907104492188,0.3761914372444153
0.8290207386016846,-0.5706701278686523,0.36884307861328125
0.8290207386016846,-0.5706701278686523,0.3835397958755493
0.7671082019805908,-0.18139362335205078,0.3761914372444153
0.6432828903198242,-0.18139362335205078,0.3761914372444153
0.7051955461502075,-0.18139362335205078,0.36884307861328125
0.7051955461502075,-0.18139362335205078,0.3835397958755493
0.3337196409702301,-0.24627304077148438,0.3761914372444153
0.3337196409702301,-0.37603187561035156,0.3761914372444153
0.3337196409702301,-0.31115245819091797,0.36884307861328125
0.3337196409702301,-0.31115245819091797,0.3835397958755493
0.3337196409702301,-0.37603187561035156,0.3835397958755493
0.3337196409702301,-0.37603187561035156,0.36884307861328125
0.3337196409702301,-0.24627304077148438,0.36884307861328125
0.6432828903198242,-0.18139362335205078,0.3835397958755493
0.6432828903198242,-0.18139362335205078,0.36884307861328125
0.7671082019805908,-0.18139362335205078,0.36884307861328125
0.8290207386016846,-0.5057907104492188,0.3835397958755493
0.8290207386016846,-0.5057907104492188,0.36884307861328125
0.8290207386016846,-0.6355494856834412,0.36884307861328125
0.5194575786590576,-0.7004289031028748,0.3835397958755493
0.5194575786590576,-0.7004289031028748,0.36884307861328125
0.3956322968006134,-0.7004289031028748,0.36884307861328125
0.7671082019805908,-0.5057907104492188,0.33210134506225586
0.6432828903198242,-0.5057907104492188,0.33210134506225586
0.6432828903198242,-0.6355494856834412,0.33210134506225586
0.3956322968006134,-0.5057907104492188,0.39088812470436096
0.5194575786590576,-0.5057907104492188,0.39088812470436096
0.5194575786590576,-0.6355494856834412,0.39088812470436096
0.6432828903198242,-0.5057907104492188,0.39088812470436096
0.7671082019805908,-0.5057907104492188,0.39088812470436096
0.7671082019805908,-0.6355494856834412,0.39088812470436096
0.6432828903198242,-0.24627304077148438,0.39088812470436096
0.7671082019805908,-0.24627304077148438,0.39088812470436096
0.7671082019805908,-0.37603187561035156,0.39088812470436096
0.3956322968006134,-0.24627304077148438,0.39088812470436096
0.5194575786590576,-0.24627304077148438,0.39088812470436096
0.5194575786590576,-0.37603187561035156,0.39088812470436096
0.5194575786590576,-0.5057907104492188,0.33210134506225586
0.3956322968006134,-0.5057907104492188,0.33210134506225586
0.3956322968006134,-0.6355494856834412,0.33210134506225586
0.5194575786590576,-0.24627304077148438,0.33210134506225586
0.3956322968006134,-0.24627304077148438,0.33210134506225586
0.3956322968006134,-0.37603187561035156,0.33210134506225586
0.7671082019805908,-0.24627304077148438,0.33210134506225586
0.6432828903198242,-0.24627304077148438,0.33210134506225586
0.6432828903198242,-0.37603187561035156,0.33210134506225586
0.5194575786590576,-0.7004289031028748,0.35414639115333557
0.5194575786590576,-0.7004289031028748,0.3394497036933899
0.3956322968006134,-0.7004289031028748,0.3394497036933899
0.7671082019805908,-0.7004289031028748,0.35414639115333557
0.7671082019805908,-0.7004289031028748,0.3394497036933899
0.6432828903198242,-0.7004289031028748,0.3394497036933899
0.7671082019805908,-0.7004289031028748,0.3835397958755493
0.7671082019805908,-0.7004289031028748,0.36884307861328125
0.6432828903198242,-0.7004289031028748,0.36884307861328125
0.8290207386016846,-0.5057907104492188,0.35414639115333557
0.8290207386016846,-0.5057907104492188,0.3394497036933899
0.8290207386016846,-0.6355494856834412,0.3394497036933899
0.8290207386016846,-0.24627304077148438,0.35414639115333557
0.8290207386016846,-0.24627304077148438,0.3394497036933899
0.8290207386016846,-0.37603187561035156,0.3394497036933899
0.8290207386016846,-0.24627304077148438,0.3835397958755493
0.8290207386016846,-0.24627304077148438,0.36884307861328125
0.8290207386016846,-0.37603187561035156,0.36884307861328125
0.6432828903198242,-0.18139362335205078,0.35414639115333557
0.6432828903198242,-0.18139362335205078,0.3394497036933899
0.7671082019805908,-0.18139362335205078,0.3394497036933899
0.3956322968006134,-0.18139362335205078,0.35414639115333557
0.3956322968006134,-0.18139362335205078,0.3394497036933899
0.5194575786590576,-0.18139362335205078,0.3394497036933899
0.3956322968006134,-0.18139362335205078,0.3835397958755493
0.3956322968006134,-0.18139362335205078,0.36884307861328125
0.5194575786590576,-0.18139362335205078,0.36884307861328125
0.3337196409702301,-0.37603187561035156,0.35414639115333557
0.3337196409702301,-0.37603187561035156,0.3394497036933899
0.3337196409702301,-0.24627304077148438,0.3394497036933899
0.3337196409702301,-0.6355494856834412,0.35414639115333557
0.3337196409702301,-0.6355494856834412,0.3394497036933899
0.3337196409702301,-0.5057907104492188,0.3394497036933899
0.3337196409702301,-0.6355494856834412,0.3835397958755493
0.3337196409702301,-0.6355494856834412,0.36884307861328125
0.3337196409702301,-0.5057907104492188,0.36884307861328125
0.3337196409702301,-0.5057907104492188,0.3835397958755493
0.3337196409702301,-0.5057907104492188,0.35414639115333557
0.3337196409702301,-0.24627304077148438,0.35414639115333557
0.5194575786590576,-0.18139362335205078,0.3835397958755493
0.5194575786590576,-0.18139362335205078,0.35414639115333557
0.7671082019805908,-0.18139362335205078,0.35414639115333557
0.8290207386016846,-0.37603187561035156,0.3835397958755493
0.8290207386016846,-0.37603187561035156,0.35414639115333557
0.8290207386016846,-0.6355494856834412,0.35414639115333557
0.6432828903198242,-0.7004289031028748,0.3835397958755493
0.6432828903198242,-0.7004289031028748,0.35414639115333557
0.3956322968006134,-0.7004289031028748,0.35414639115333557
0.7671082019805908,-0.37603187561035156,0.33210134506225586
0.5194575786590576,-0.37603187561035156,0.33210134506225586
0.5194575786590576,-0.6355494856834412,0.33210134506225586
0.3956322968006134,-0.37603187561035156,0.39088812470436096
0.6432828903198242,-0.37603187561035156,0.39088812470436096
0.6432828903198242,-0.6355494856834412,0.39088812470436096
0.3956322968006134,-0.6355494856834412,0.39088812470436096
0.7671082019805908,-0.6355494856834412,0.33210134506225586
0.3956322968006134,-0.7004289031028748,0.3835397958755493
0.8290207386016846,-0.6355494856834412,0.3835397958755493
0.7671082019805908,-0.18139362335205078,0.3835397958755493
0.3337196409702301,-0.24627304077148438,0.3835397958755493
