0.3815365433692932,-0.16768823564052582,-0.02960348315536976
0.46455055475234985,-0.22800074517726898,0.03381285443902016
0.3498286306858063,-0.26527681946754456,0.03381281718611717
0.27892574667930603,-0.16768823564052582,0.033813316375017166
0.3498286306858063,-0.0700996145606041,0.03381281718611717
0.46455055475234985,-0.10737572610378265,0.03381285443902016
0.41324448585510254,-0.26527681946754456,0.13642518222332
0.2985225319862366,-0.22800074517726898,0.13642513751983643
0.2985225319862366,-0.10737572610378265,0.13642513751983643
0.41324448585510254,-0.0700996145606041,0.13642518222332
0.4841473400592804,-0.16768823564052582,0.13642467558383942
0.3815365433692932,-0.16768823564052582,0.1998414695262909
0.3628992438316345,-0.22504891455173492,-0.012470200657844543
0.43033063411712646,-0.20313876867294312,-0.012470178306102753
0.4116935133934021,-0.2605000436306,0.024805087596178055
0.4791249632835388,-0.16768823564052582,0.024805251508951187
0.43033063411712646,-0.13223765790462494,-0.012470178306102753
0.32122352719306946,-0.16768823564052582,-0.012469887733459473
0.30258578062057495,-0.22504912316799164,0.024805251508951187
0.3628992438316345,-0.11032749712467194,-0.012470200657844543
0.30258578062057495,-0.1103273332118988,0.024805251508951187
0.4116935133934021,-0.07487638294696808,0.024805087596178055
0.49064430594444275,-0.20313891768455505,0.08511902391910553
0.49064430594444275,-0.1322374939918518,0.08511902391910553
0.3815365433692932,-0.2824106514453888,0.08511902391910553
0.448968768119812,-0.26050063967704773,0.08511902391910553
0.27242881059646606,-0.20313891768455505,0.08511902391910553
0.3141043186187744,-0.26050063967704773,0.08511902391910553
0.3141043186187744,-0.07487579435110092,0.08511902391910553
0.27242881059646606,-0.1322374939918518,0.08511902391910553
0.448968768119812,-0.07487579435110092,0.08511902391910553
0.3815365433692932,-0.05296572297811508,0.08511902391910553
0.46048733592033386,-0.22504912316799164,0.14543278515338898
0.3513795733451843,-0.2605000436306,0.1454329490661621
0.2839481234550476,-0.16768823564052582,0.1454327404499054
0.3513795733451843,-0.07487638294696808,0.1454329490661621
0.46048733592033386,-0.1103273332118988,0.14543278515338898
0.4001738429069519,-0.22504891455173492,0.18270817399024963
0.44184958934783936,-0.16768823564052582,0.18270787596702576
0.33274248242378235,-0.20313876867294312,0.18270817399024963
0.33274248242378235,-0.13223765790462494,0.18270817399024963
0.4001738429069519,-0.11032749712467194,0.18270817399024963
