0.5549811124801636,-0.7004289031028748,0.33210134506225586
0.5549811124801636,-0.7004289031028748,0.39088812470436096
0.5549811124801636,-0.18139362335205078,0.33210134506225586
0.5549811124801636,-0.18139362335205078,0.39088812470436096
1.0502822399139404,-0.7004289031028748,0.33210134506225586
1.0502822399139404,-0.7004289031028748,0.39088812470436096
1.0502822399139404,-0.18139362335205078,0.33210134506225586
1.0502822399139404,-0.18139362335205078,0.39088812470436096
0.5549811124801636,-0.44091126322746277,0.33210134506225586
0.5549811124801636,-0.7004289031028748,0.3614947497844696
0.5549811124801636,-0.44091126322746277,0.39088812470436096
0.5549811124801636,-0.18139362335205078,0.3614947497844696
0.8026317358016968,-0.18139362335205078,0.33210134506225586
0.8026317358016968,-0.18139362335205078,0.39088812470436096
1.0502822399139404,-0.18139362335205078,0.3614947497844696
1.0502822399139404,-0.44091126322746277,0.33210134506225586
1.0502822399139404,-0.44091126322746277,0.39088812470436096
1.0502822399139404,-0.7004289031028748,0.3614947497844696
0.8026317358016968,-0.7004289031028748,0.33210134506225586
0.8026317358016968,-0.7004289031028748,0.39088812470436096
0.8026317358016968,-0.44091126322746277,0.39088812470436096
0.8026317358016968,-0.44091126322746277,0.33210134506225586
0.8026317358016968,-0.7004289031028748,0.3614947497844696
1.0502822399139404,-0.44091126322746277,0.3614947497844696
0.8026317358016968,-0.18139362335205078,0.3614947497844696
0.5549811124801636,-0.44091126322746277,0.3614947497844696
0.5549811124801636,-0.5706701278686523,0.33210134506225586
0.5549811124801636,-0.7004289031028748,0.3761914372444153
0.5549811124801636,-0.31115245819091797,0.39088812470436096
0.5549811124801636,-0.18139362335205078,0.3467980623245239
0.6788064241409302,-0.18139362335205078,0.33210134506225586
0.9264570474624634,-0.18139362335205078,0.39088812470436096
1.0502822399139404,-0.18139362335205078,0.3467980623245239
1.0502822399139404,-0.31115245819091797,0.33210134506225586
1.0502822399139404,-0.5706701278686523,0.39088812470436096
1.0502822399139404,-0.7004289031028748,0.3467980623245239
0.9264570474624634,-0.7004289031028748,0.33210134506225586
0.6788064241409302,-0.7004289031028748,0.39088812470436096
0.5549811124801636,-0.31115245819091797,0.33210134506225586
0.5549811124801636,-0.7004289031028748,0.3467980623245239
0.5549811124801636,-0.5706701278686523,0.39088812470436096
0.5549811124801636,-0.18139362335205078,0.3761914372444153
0.9264570474624634,-0.18139362335205078,0.33210134506225586
0.6788064241409302,-0.18139362335205078,0.39088812470436096
1.0502822399139404,-0.18139362335205078,0.3761914372444153
1.0502822399139404,-0.5706701278686523,0.33210134506225586
1.0502822399139404,-0.31115245819091797,0.39088812470436096
1.0502822399139404,-0.7004289031028748,0.3761914372444153
0.6788064241409302,-0.7004289031028748,0.33210134506225586
0.9264570474624634,-0.7004289031028748,0.39088812470436096
0.8026317358016968,-0.5706701278686523,0.39088812470436096
0.8026317358016968,-0.31115245819091797,0.39088812470436096
0.9264570474624634,-0.44091126322746277,0.39088812470436096
0.6788064241409302,-0.44091126322746277,0.39088812470436096
0.8026317358016968,-0.5706701278686523,0.33210134506225586
0.8026317358016968,-0.31115245819091797,0.33210134506225586
0.6788064241409302,-0.44091126322746277,0.33210134506225586
0.9264570474624634,-0.44091126322746277,0.33210134506225586
0.6788064241409302,-0.7004289031028748,0.3614947497844696
0.9264570474624634,-0.7004289031028748,0.3614947497844696
0.8026317358016968,-0.7004289031028748,0.3467980623245239
0.8026317358016968,-0.7004289031028748,0.3761914372444153
1.0502822399139404,-0.5706701278686523,0.3614947497844696
1.0502822399139404,-0.31115245819091797,0.3614947497844696
1.0502822399139404,-0.44091126322746277,0.3467980623245239
1.0502822399139404,-0.44091126322746277,0.3761914372444153
0.9264570474624634,-0.18139362335205078,0.3614947497844696
0.6788064241409302,-0.18139362335205078,0.3614947497844696
0.8026317358016968,-0.18139362335205078,0.3467980623245239
0.8026317358016968,-0.18139362335205078,0.3761914372444153
0.5549811124801636,-0.31115245819091797,0.3614947497844696
0.5549811124801636,-0.5706701278686523,0.3614947497844696
0.5549811124801636,-0.44091126322746277,0.3467980623245239
0.5549811124801636,-0.44091126322746277,0.3761914372444153
0.5549811124801636,-0.5706701278686523,0.3761914372444153
0.5549811124801636,-0.5706701278686523,0.3467980623245239
0.5549811124801636,-0.31115245819091797,0.3467980623245239
0.6788064241409302,-0.18139362335205078,0.3761914372444153
0.6788064241409302,-0.18139362335205078,0.3467980623245239
0.9264570474624634,-0.18139362335205078,0.3467980623245239
1.0502822399139404,-0.31115245819091797,0.3761914372444153
1.0502822399139404,-0.31115245819091797,0.3467980623245239
1.0502822399139404,-0.5706701278686523,0.3467980623245239
0.9264570474624634,-0.7004289031028748,0.3761914372444153
0.9264570474624634,-0.7004289031028748,0.3467980623245239
0.6788064241409302,-0.7004289031028748,0.3467980623245239
0.9264570474624634,-0.31115245819091797,0.33210134506225586
0.6788064241409302,-0.31115245819091797,0.33210134506225586
0.6788064241409302,-0.5706701278686523,0.33210134506225586
0.6788064241409302,-0.31115245819091797,0.39088812470436096
0.9264570474624634,-0.31115245819091797,0.39088812470436096
0.9264570474624634,-0.5706701278686523,0.39088812470436096
0.6788064241409302,-0.5706701278686523,0.39088812470436096
0.9264570474624634,-0.5706701278686523,0.33210134506225586
0.6788064241409302,-0.7004289031028748,0.3761914372444153
1.0502822399139404,-0.5706701278686523,0.3761914372444153
0.9264570474624634,-0.18139362335205078,0.3761914372444153
0.5549811124801636,-0.31115245819091797,0.3761914372444153
0.5549811124801636,-0.6355494856834412,0.33210134506225586
0.5549811124801636,-0.7004289031028748,0.3835397958755493
0.5549811124801636,-0.24627304077148438,0.39088812470436096
0.5549811124801636,-0.18139362335205078,0.3394497036933899
0.6168937683105469,-0.18139362335205078,0.33210134506225586
0.9883697032928467,-0.18139362335205078,0.39088812470436096
1.0502822399139404,-0.18139362335205078,0.3394497036933899
1.0502822399139404,-0.24627304077148438,0.33210134506225586
1.0502822399139404,-0.6355494856834412,0.39088812470436096
1.0502822399139404,-0.7004289031028748,0.3394497036933899
0.9883697032928467,-0.7004289031028748,0.33210134506225586
0.6168937683105469,-0.7004289031028748,0.39088812470436096
0.5549811124801636,-0.37603187561035156,0.33210134506225586
0.5549811124801636,-0.7004289031028748,0.35414639115333557
0.5549811124801636,-0.5057907104492188,0.39088812470436096
0.5549811124801636,-0.18139362335205078,0.36884307861328125
0.8645443916320801,-0.18139362335205078,0.33210134506225586
0.7407190799713135,-0.18139362335205078,0.39088812470436096
1.0502822399139404,-0.18139362335205078,0.36884307861328125
1.0502822399139404,-0.5057907104492188,0.33210134506225586
1.0502822399139404,-0.37603187561035156,0.39088812470436096
1.0502822399139404,-0.7004289031028748,0.36884307861328125
0.7407190799713135,-0.7004289031028748,0.33210134506225586
0.8645443916320801,-0.7004289031028748,0.39088812470436096
0.8026317358016968,-0.6355494856834412,0.39088812470436096
0.8026317358016968,-0.37603187561035156,0.39088812470436096
0.9883697032928467,-0.44091126322746277,0.39088812470436096
0.7407190799713135,-0.44091126322746277,0.39088812470436096
0.8026317358016968,-0.6355494856834412,0.33210134506225586
0.8026317358016968,-0.37603187561035156,0.33210134506225586
0.6168937683105469,-0.44091126322746277,0.33210134506225586
0.8645443916320801,-0.44091126322746277,0.33210134506225586
0.6168937683105469,-0.7004289031028748,0.3614947497844696
0.8645443916320801,-0.7004289031028748,0.3614947497844696
0.8026317358016968,-0.7004289031028748,0.3394497036933899
0.8026317358016968,-0.7004289031028748,0.36884307861328125
1.0502822399139404,-0.6355494856834412,0.3614947497844696
1.0502822399139404,-0.37603187561035156,0.3614947497844696
1.0502822399139404,-0.44091126322746277,0.3394497036933899
1.0502822399139404,-0.44091126322746277,0.36884307861328125
0.9883697032928467,-0.18139362335205078,0.3614947497844696
0.7407190799713135,-0.18139362335205078,0.3614947497844696
0.8026317358016968,-0.18139362335205078,0.3394497036933899
0.8026317358016968,-0.18139362335205078,0.36884307861328125
0.5549811124801636,-0.24627304077148438,0.3614947497844696
0.5549811124801636,-0.5057907104492188,0.3614947497844696
0.5549811124801636,-0.44091126322746277,0.3394497036933899
0.5549811124801636,-0.44091126322746277,0.36884307861328125
0.5549811124801636,-0.5057907104492188,0.33210134506225586
0.5549811124801636,-0.7004289031028748,0.36884307861328125
0.5549811124801636,-0.37603187561035156,0.39088812470436096
0.5549811124801636,-0.18139362335205078,0.35414639115333557
0.7407190799713135,-0.18139362335205078,0.33210134506225586
0.8645443916320801,-0.18139362335205078,0.39088812470436096
1.0502822399139404,-0.18139362335205078,0.35414639115333557
1.0502822399139404,-0.37603187561035156,0.33210134506225586
1.0502822399139404,-0.5057907104492188,0.39088812470436096
1.0502822399139404,-0.7004289031028748,0.35414639115333557
0.8645443916320801,-0.7004289031028748,0.33210134506225586
0.7407190799713135,-0.7004289031028748,0.39088812470436096
0.5549811124801636,-0.24627304077148438,0.33210134506225586
0.5549811124801636,-0.7004289031028748,0.3394497036933899
0.5549811124801636,-0.6355494856834412,0.39088812470436096
0.5549811124801636,-0.18139362335205078,0.3835397958755493
0.9883697032928467,-0.18139362335205078,0.33210134506225586
0.6168937683105469,-0.18139362335205078,0.39088812470436096
1.0502822399139404,-0.18139362335205078,0.3835397958755493
1.0502822399139404,-0.6355494856834412,0.33210134506225586
1.0502822399139404,-0.24627304077148438,0.39088812470436096
1.0502822399139404,-0.7004289031028748,0.3835397958755493
0.6168937683105469,-0.7004289031028748,0.33210134506225586
0.9883697032928467,-0.7004289031028748,0.39088812470436096
0.8026317358016968,-0.5057907104492188,0.39088812470436096
0.8026317358016968,-0.24627304077148438,0.39088812470436096
0.8645443916320801,-0.44091126322746277,0.39088812470436096
0.6168937683105469,-0.44091126322746277,0.39088812470436096
0.8026317358016968,-0.5057907104492188,0.33210134506225586
0.8026317358016968,-0.24627304077148438,0.33210134506225586
0.7407190799713135,-0.44091126322746277,0.33210134506225586
0.9883697032928467,-0.44091126322746277,0.33210134506225586
0.7407190799713135,-0.7004289031028748,0.3614947497844696
0.9883697032928467,-0.7004289031028748,0.3614947497844696
0.8026317358016968,-0.7004289031028748,0.35414639115333557
0.8026317358016968,-0.7004289031028748,0.3835397958755493
1.0502822399139404,-0.5057907104492188,0.3614947497844696
1.0502822399139404,-0.24627304077148438,0.3614947497844696
1.0502822399139404,-0.44091126322746277,0.35414639115333557
1.0502822399139404,-0.44091126322746277,0.3835397958755493
0.8645443916320801,-0.18139362335205078,0.3614947497844696
0.6168937683105469,-0.18139362335205078,0.3614947497844696
0.8026317358016968,-0.18139362335205078,0.35414639115333557
0.8026317358016968,-0.18139362335205078,0.3835397958755493
0.5549811124801636,-0.37603187561035156,0.3614947497844696
0.5549811124801636,-0.6355494856834412,0.3614947497844696
0.5549811124801636,-0.44091126322746277,0.35414639115333557
0.5549811124801636,-0.44091126322746277,0.3835397958755493
0.5549811124801636,-0.5057907104492188,0.3761914372444153
0.5549811124801636,-0.6355494856834412,0.3761914372444153
0.5549811124801636,-0.5706701278686523,0.36884307861328125
0.5549811124801636,-0.5706701278686523,0.3835397958755493
0.5549811124801636,-0.5057907104492188,0.3467980623245239
0.5549811124801636,-0.6355494856834412,0.3467980623245239
0.5549811124801636,-0.5706701278686523,0.3394497036933899
0.5549811124801636,-0.5706701278686523,0.35414639115333557
0.5549811124801636,-0.24627304077148438,0.3467980623245239
0.5549811124801636,-0.37603187561035156,0.3467980623245239
0.5549811124801636,-0.31115245819091797,0.3394497036933899
0.5549811124801636,-0.31115245819091797,0.35414639115333557
0.7407190799713135,-0.18139362335205078,0.3761914372444153
0.6168937683105469,-0.18139362335205078,0.3761914372444153
0.6788064241409302,-0.18139362335205078,0.36884307861328125
0.6788064241409302,-0.18139362335205078,0.3835397958755493
0.7407190799713135,-0.18139362335205078,0.3467980623245239
0.6168937683105469,-0.18139362335205078,0.3467980623245239
0.6788064241409302,-0.18139362335205078,0.3394497036933899
0.6788064241409302,-0.18139362335205078,0.35414639115333557
0.9883697032928467,-0.18139362335205078,0.3467980623245239
0.8645443916320801,-0.18139362335205078,0.3467980623245239
0.9264570474624634,-0.18139362335205078,0.3394497036933899
0.9264570474624634,-0.18139362335205078,0.35414639115333557
1.0502822399139404,-0.37603187561035156,0.3761914372444153
1.0502822399139404,-0.24627304077148438,0.3761914372444153
1.0502822399139404,-0.31115245819091797,0.36884307861328125
1.0502822399139404,-0.31115245819091797,0.3835397958755493
1.0502822399139404,-0.37603187561035156,0.3467980623245239
1.0502822399139404,-0.24627304077148438,0.3467980623245239
1.0502822399139404,-0.31115245819091797,0.3394497036933899
1.0502822399139404,-0.31115245819091797,0.35414639115333557
1.0502822399139404,-0.6355494856834412,0.3467980623245239
1.0502822399139404,-0.5057907104492188,0.3467980623245239
1.0502822399139404,-0.5706701278686523,0.3394497036933899
1.0502822399139404,-0.5706701278686523,0.35414639115333557
0.8645443916320801,-0.7004289031028748,0.3761914372444153
0.9883697032928467,-0.7004289031028748,0.3761914372444153
0.9264570474624634,-0.7004289031028748,0.36884307861328125
0.9264570474624634,-0.7004289031028748,0.3835397958755493
0.8645443916320801,-0.7004289031028748,0.3467980623245239
0.9883697032928467,-0.7004289031028748,0.3467980623245239
0.9264570474624634,-0.7004289031028748,0.3394497036933899
0.9264570474624634,-0.7004289031028748,0.35414639115333557
0.6168937683105469,-0.7004289031028748,0.3467980623245239
0.7407190799713135,-0.7004289031028748,0.3467980623245239
0.6788064241409302,-0.7004289031028748,0.3394497036933899
0.6788064241409302,-0.7004289031028748,0.35414639115333557
0.9264570474624634,-0.37603187561035156,0.33210134506225586
0.9264570474624634,-0.24627304077148438,0.33210134506225586
0.8645443916320801,-0.31115245819091797,0.33210134506225586
0.9883697032928467,-0.31115245819091797,0.33210134506225586
0.6788064241409302,-0.37603187561035156,0.33210134506225586
0.6788064241409302,-0.24627304077148438,0.33210134506225586
0.6168937683105469,-0.31115245819091797,0.33210134506225586
0.7407190799713135,-0.31115245819091797,0.33210134506225586
0.6788064241409302,-0.6355494856834412,0.33210134506225586
0.6788064241409302,-0.5057907104492188,0.33210134506225586
0.6168937683105469,-0.5706701278686523,0.33210134506225586
0.7407190799713135,-0.5706701278686523,0.33210134506225586
0.6788064241409302,-0.37603187561035156,0.39088812470436096
0.6788064241409302,-0.24627304077148438,0.39088812470436096
0.7407190799713135,-0.31115245819091797,0.39088812470436096
0.6168937683105469,-0.31115245819091797,0.39088812470436096
0.9264570474624634,-0.37603187561035156,0.39088812470436096
0.9264570474624634,-0.24627304077148438,0.39088812470436096
0.9883697032928467,-0.31115245819091797,0.39088812470436096
0.8645443916320801,-0.31115245819091797,0.39088812470436096
0.9264570474624634,-0.6355494856834412,0.39088812470436096
0.9264570474624634,-0.5057907104492188,0.39088812470436096
0.9883697032928467,-0.5706701278686523,0.39088812470436096
0.8645443916320801,-0.5706701278686523,0.39088812470436096
0.6788064241409302,-0.6355494856834412,0.39088812470436096
0.6788064241409302,-0.5057907104492188,0.39088812470436096
0.7407190799713135,-0.5706701278686523,0.39088812470436096
0.6168937683105469,-0.5706701278686523,0.39088812470436096
0.9264570474624634,-0.6355494856834412,0.33210134506225586
0.9264570474624634,-0.5057907104492188,0.33210134506225586
0.8645443916320801,-0.5706701278686523,0.33210134506225586
0.9883697032928467,-0.5706701278686523,0.33210134506225586
0.6168937683105469,-0.7004289031028748,0.3761914372444153
0.7407190799713135,-0.7004289031028748,0.3761914372444153
0.6788064241409302,-0.7004289031028748,0.36884307861328125
0.6788064241409302,-0.7004289031028748,0.3835397958755493
1.0502822399139404,-0.6355494856834412,0.3761914372444153
1.0502822399139404,-0.5057907104492188,0.3761914372444153
1.0502822399139404,-0.5706701278686523,0.36884307861328125
1.0502822399139404,-0.5706701278686523,0.3835397958755493
0.9883697032928467,-0.18139362335205078,0.3761914372444153
0.8645443916320801,-0.18139362335205078,0.3761914372444153
0.9264570474624634,-0.18139362335205078,0.36884307861328125
0.9264570474624634,-0.18139362335205078,0.3835397958755493
0.5549811124801636,-0.24627304077148438,0.3761914372444153
0.5549811124801636,-0.37603187561035156,0.3761914372444153
0.5549811124801636,-0.31115245819091797,0.36884307861328125
0.5549811124801636,-0.31115245819091797,0.3835397958755493
0.5549811124801636,-0.37603187561035156,0.3835397958755493
0.5549811124801636,-0.37603187561035156,0.36884307861328125
0.5549811124801636,-0.24627304077148438,0.36884307861328125
0.8645443916320801,-0.18139362335205078,0.3835397958755493
0.8645443916320801,-0.18139362335205078,0.36884307861328125
0.9883697032928467,-0.18139362335205078,0.36884307861328125
1.0502822399139404,-0.5057907104492188,0.3835397958755493
1.0502822399139404,-0.5057907104492188,0.36884307861328125
1.0502822399139404,-0.6355494856834412,0.36884307861328125
0.7407190799713135,-0.7004289031028748,0.3835397958755493
0.7407190799713135,-0.7004289031028748,0.36884307861328125
0.6168937683105469,-0.7004289031028748,0.36884307861328125
0.9883697032928467,-0.5057907104492188,0.33210134506225586
0.8645443916320801,-0.5057907104492188,0.33210134506225586
0.8645443916320801,-0.6355494856834412,0.33210134506225586
0.6168937683105469,-0.5057907104492188,0.39088812470436096
0.7407190799713135,-0.5057907104492188,0.39088812470436096
0.7407190799713135,-0.6355494856834412,0.39088812470436096
0.8645443916320801,-0.5057907104492188,0.39088812470436096
0.9883697032928467,-0.5057907104492188,0.39088812470436096
0.9883697032928467,-0.6355494856834412,0.39088812470436096
0.8645443916320801,-0.24627304077148438,0.39088812470436096
0.9883697032928467,-0.24627304077148438,0.39088812470436096
0.9883697032928467,-0.37603187561035156,0.39088812470436096
0.6168937683105469,-0.24627304077148438,0.39088812470436096
0.7407190799713135,-0.24627304077148438,0.39088812470436096
0.7407190799713135,-0.37603187561035156,0.39088812470436096
0.7407190799713135,-0.5057907104492188,0.33210134506225586
0.6168937683105469,-0.5057907104492188,0.33210134506225586
0.6168937683105469,-0.6355494856834412,0.33210134506225586
0.7407190799713135,-0.24627304077148438,0.33210134506225586
0.6168937683105469,-0.24627304077148438,0.33210134506225586
0.6168937683105469,-0.37603187561035156,0.33210134506225586
0.9883697032928467,-0.24627304077148438,0.33210134506225586
0.8645443916320801,-0.24627304077148438,0.33210134506225586
0.8645443916320801,-0.37603187561035156,0.33210134506225586
0.7407190799713135,-0.7004289031028748,0.35414639115333557
0.7407190799713135,-0.7004289031028748,0.3394497036933899
0.6168937683105469,-0.7004289031028748,0.3394497036933899
0.9883697032928467,-0.7004289031028748,0.35414639115333557
0.9883697032928467,-0.7004289031028748,0.3394497036933899
0.8645443916320801,-0.7004289031028748,0.3394497036933899
0.9883697032928467,-0.7004289031028748,0.3835397958755493
0.9883697032928467,-0.7004289031028748,0.36884307861328125
0.8645443916320801,-0.7004289031028748,0.36884307861328125
1.0502822399139404,-0.5057907104492188,0.35414639115333557
1.0502822399139404,-0.5057907104492188,0.3394497036933899
1.0502822399139404,-0.6355494856834412,0.3394497036933899
1.0502822399139404,-0.24627304077148438,0.35414639115333557
1.0502822399139404,-0.24627304077148438,0.3394497036933899
1.0502822399139404,-0.37603187561035156,0.3394497036933899
1.0502822399139404,-0.24627304077148438,0.3835397958755493
1.0502822399139404,-0.24627304077148438,0.36884307861328125
1.0502822399139404,-0.37603187561035156,0.36884307861328125
0.8645443916320801,-0.18139362335205078,0.35414639115333557
0.8645443916320801,-0.18139362335205078,0.3394497036933899
0.9883697032928467,-0.18139362335205078,0.3394497036933899
0.6168937683105469,-0.18139362335205078,0.35414639115333557
0.6168937683105469,-0.18139362335205078,0.3394497036933899
0.7407190799713135,-0.18139362335205078,0.3394497036933899
0.6168937683105469,-0.18139362335205078,0.3835397958755493
0.6168937683105469,-0.18139362335205078,0.36884307861328125
0.7407190799713135,-0.18139362335205078,0.36884307861328125
0.5549811124801636,-0.37603187561035156,0.35414639115333557
0.5549811124801636,-0.37603187561035156,0.3394497036933899
0.5549811124801636,-0.24627304077148438,0.3394497036933899
0.5549811124801636,-0.6355494856834412,0.35414639115333557
0.5549811124801636,-0.6355494856834412,0.3394497036933899
0.5549811124801636,-0.5057907104492188,0.3394497036933899
0.5549811124801636,-0.6355494856834412,0.3835397958755493
0.5549811124801636,-0.6355494856834412,0.36884307861328125
0.5549811124801636,-0.5057907104492188,0.36884307861328125
0.5549811124801636,-0.5057907104492188,0.3835397958755493
0.5549811124801636,-0.5057907104492188,0.35414639115333557
0.5549811124801636,-0.24627304077148438,0.35414639115333557
0.7407190799713135,-0.18139362335205078,0.3835397958755493
0.7407190799713135,-0.18139362335205078,0.35414639115333557
0.9883697032928467,-0.18139362335205078,0.35414639115333557
1.0502822399139404,-0.37603187561035156,0.3835397958755493
1.0502822399139404,-0.37603187561035156,0.35414639115333557
1.0502822399139404,-0.6355494856834412,0.35414639115333557
0.8645443916320801,-0.7004289031028748,0.3835397958755493
0.8645443916320801,-0.7004289031028748,0.35414639115333557
0.6168937683105469,-0.7004289031028748,0.35414639115333557
0.9883697032928467,-0.37603187561035156,0.33210134506225586
0.7407190799713135,-0.37603187561035156,0.33210134506225586
0.7407190799713135,-0.6355494856834412,0.33210134506225586
0.6168937683105469,-0.37603187561035156,0.39088812470436096
0.8645443916320801,-0.37603187561035156,0.39088812470436096
0.8645443916320801,-0.6355494856834412,0.39088812470436096
0.6168937683105469,-0.6355494856834412,0.39088812470436096
0.9883697032928467,-0.6355494856834412,0.33210134506225586
0.6168937683105469,-0.7004289031028748,0.3835397958755493
1.0502822399139404,-0.6355494856834412,0.3835397958755493
0.9883697032928467,-0.18139362335205078,0.3835397958755493
0.5549811124801636,-0.24627304077148438,0.3835397958755493
