-0.28114527463912964,-0.43694642186164856,0.07714921981096268
-0.1981101781129837,-0.49720054864883423,0.14013367891311646
-0.31286126375198364,-0.5344405174255371,0.14013361930847168
-0.38378214836120605,-0.43694642186164856,0.1401340812444687
-0.31286126375198364,-0.33945232629776,0.14013361930847168
-0.1981101781129837,-0.3766922950744629,0.14013367891311646
-0.24942930042743683,-0.5344405174255371,0.2420470416545868
-0.36418038606643677,-0.49720054864883423,0.2420470118522644
-0.36418038606643677,-0.3766922950744629,0.2420470118522644
-0.24942930042743683,-0.33945232629776,0.2420470416545868
-0.17850841581821442,-0.43694642186164856,0.24204659461975098
-0.28114527463912964,-0.43694642186164856,0.3050314486026764
-0.29978734254837036,-0.4942516088485718,0.09416583180427551
-0.2323388308286667,-0.4723626673221588,0.0941658765077591
-0.2509806156158447,-0.5296684503555298,0.13118720054626465
-0.18353204429149628,-0.43694642186164856,0.13118740916252136
-0.2323388308286667,-0.4015302062034607,0.0941658765077591
-0.34147363901138306,-0.43694642186164856,0.09416615962982178
-0.3601161241531372,-0.4942517876625061,0.13118737936019897
-0.29978734254837036,-0.37964126467704773,0.09416583180427551
-0.3601161241531372,-0.379641056060791,0.13118737936019897
-0.2509806156158447,-0.3442244529724121,0.13118720054626465
-0.17200984060764313,-0.47236278653144836,0.19109034538269043
-0.17200984060764313,-0.40153005719184875,0.19109034538269043
-0.28114527463912964,-0.5515578985214233,0.19109034538269043
-0.21369589865207672,-0.5296689867973328,0.19109034538269043
-0.39028072357177734,-0.47236278653144836,0.19109034538269043
-0.34859466552734375,-0.5296689867973328,0.19109034538269043
-0.34859466552734375,-0.34422388672828674,0.19109034538269043
-0.39028072357177734,-0.40153005719184875,0.19109034538269043
-0.21369589865207672,-0.34422388672828674,0.19109034538269043
-0.28114527463912964,-0.32233503460884094,0.19109034538269043
-0.20217444002628326,-0.4942517876625061,0.2509932816028595
-0.3113098740577698,-0.5296684503555298,0.2509934604167938
-0.3787585496902466,-0.43694642186164856,0.2509932518005371
-0.3113098740577698,-0.3442244529724121,0.2509934604167938
-0.20217444002628326,-0.379641056060791,0.2509932816028595
-0.2625032663345337,-0.4942516088485718,0.28801482915878296
-0.22081692516803741,-0.43694642186164856,0.2880145013332367
-0.32995176315307617,-0.4723626673221588,0.28801479935646057
-0.32995176315307617,-0.4015302062034607,0.28801479935646057
-0.2625032663345337,-0.37964126467704773,0.28801482915878296
