0.27829137444496155,-0.7515275478363037,0.29373154044151306
0.27829137444496155,-0.7515275478363037,0.336027592420578
0.27829137444496155,-0.19899897277355194,0.29373154044151306
0.27829137444496155,-0.19899897277355194,0.336027592420578
0.3205874264240265,-0.7515275478363037,0.29373154044151306
0.3205874264240265,-0.7515275478363037,0.336027592420578
0.3205874264240265,-0.19899897277355194,0.29373154044151306
0.3205874264240265,-0.19899897277355194,0.336027592420578
0.27829137444496155,-0.4752632677555084,0.29373154044151306
0.27829137444496155,-0.7515275478363037,0.31487956643104553
0.27829137444496155,-0.4752632677555084,0.336027592420578
0.27829137444496155,-0.19899897277355194,0.31487956643104553
0.299439400434494,-0.19899897277355194,0.29373154044151306
0.299439400434494,-0.19899897277355194,0.336027592420578
0.3205874264240265,-0.19899897277355194,0.31487956643104553
0.3205874264240265,-0.4752632677555084,0.29373154044151306
0.3205874264240265,-0.4752632677555084,0.336027592420578
0.3205874264240265,-0.7515275478363037,0.31487956643104553
0.299439400434494,-0.7515275478363037,0.29373154044151306
0.299439400434494,-0.7515275478363037,0.336027592420578
0.299439400434494,-0.4752632677555084,0.336027592420578
0.299439400434494,-0.4752632677555084,0.29373154044151306
0.299439400434494,-0.7515275478363037,0.31487956643104553
0.3205874264240265,-0.4752632677555084,0.31487956643104553
0.299439400434494,-0.19899897277355194,0.31487956643104553
0.27829137444496155,-0.4752632677555084,0.31487956643104553
0.27829137444496155,-0.6133954524993896,0.29373154044151306
0.27829137444496155,-0.7515275478363037,0.3254535496234894
0.27829137444496155,-0.3371311128139496,0.336027592420578
0.27829137444496155,-0.19899897277355194,0.3043055236339569
0.2888653874397278,-0.19899897277355194,0.29373154044151306
0.31001338362693787,-0.19899897277355194,0.336027592420578
0.3205874264240265,-0.19899897277355194,0.3043055236339569
0.3205874264240265,-0.3371311128139496,0.29373154044151306
0.3205874264240265,-0.6133954524993896,0.336027592420578
0.3205874264240265,-0.7515275478363037,0.3043055236339569
0.31001338362693787,-0.7515275478363037,0.29373154044151306
0.2888653874397278,-0.7515275478363037,0.336027592420578
0.27829137444496155,-0.3371311128139496,0.29373154044151306
0.27829137444496155,-0.7515275478363037,0.3043055236339569
0.27829137444496155,-0.6133954524993896,0.336027592420578
0.27829137444496155,-0.19899897277355194,0.3254535496234894
0.31001338362693787,-0.19899897277355194,0.29373154044151306
0.2888653874397278,-0.19899897277355194,0.336027592420578
0.3205874264240265,-0.19899897277355194,0.3254535496234894
0.3205874264240265,-0.6133954524993896,0.29373154044151306
0.3205874264240265,-0.3371311128139496,0.336027592420578
0.3205874264240265,-0.7515275478363037,0.3254535496234894
0.2888653874397278,-0.7515275478363037,0.29373154044151306
0.31001338362693787,-0.7515275478363037,0.336027592420578
0.299439400434494,-0.6133954524993896,0.336027592420578
0.299439400434494,-0.3371311128139496,0.336027592420578
0.31001338362693787,-0.4752632677555084,0.336027592420578
0.2888653874397278,-0.4752632677555084,0.336027592420578
0.299439400434494,-0.6133954524993896,0.29373154044151306
0.299439400434494,-0.3371311128139496,0.29373154044151306
0.2888653874397278,-0.4752632677555084,0.29373154044151306
0.31001338362693787,-0.4752632677555084,0.29373154044151306
0.2888653874397278,-0.7515275478363037,0.31487956643104553
0.31001338362693787,-0.7515275478363037,0.31487956643104553
0.299439400434494,-0.7515275478363037,0.3043055236339569
0.299439400434494,-0.7515275478363037,0.3254535496234894
0.3205874264240265,-0.6133954524993896,0.31487956643104553
0.3205874264240265,-0.3371311128139496,0.31487956643104553
0.3205874264240265,-0.4752632677555084,0.3043055236339569
0.3205874264240265,-0.4752632677555084,0.3254535496234894
0.31001338362693787,-0.19899897277355194,0.31487956643104553
0.2888653874397278,-0.19899897277355194,0.31487956643104553
0.299439400434494,-0.19899897277355194,0.3043055236339569
0.299439400434494,-0.19899897277355194,0.3254535496234894
0.27829137444496155,-0.3371311128139496,0.31487956643104553
0.27829137444496155,-0.6133954524993896,0.31487956643104553
0.27829137444496155,-0.4752632677555084,0.3043055236339569
0.27829137444496155,-0.4752632677555084,0.3254535496234894
0.27829137444496155,-0.6133954524993896,0.3254535496234894
0.27829137444496155,-0.6133954524993896,0.3043055236339569
0.27829137444496155,-0.3371311128139496,0.3043055236339569
0.2888653874397278,-0.19899897277355194,0.3254535496234894
0.2888653874397278,-0.19899897277355194,0.3043055236339569
0.31001338362693787,-0.19899897277355194,0.3043055236339569
0.3205874264240265,-0.3371311128139496,0.3254535496234894
0.3205874264240265,-0.3371311128139496,0.3043055236339569
0.3205874264240265,-0.6133954524993896,0.3043055236339569
0.31001338362693787,-0.7515275478363037,0.3254535496234894
0.31001338362693787,-0.7515275478363037,0.3043055236339569
0.2888653874397278,-0.7515275478363037,0.3043055236339569
0.31001338362693787,-0.3371311128139496,0.29373154044151306
0.2888653874397278,-0.3371311128139496,0.29373154044151306
0.2888653874397278,-0.6133954524993896,0.29373154044151306
0.2888653874397278,-0.3371311128139496,0.336027592420578
0.31001338362693787,-0.3371311128139496,0.336027592420578
0.31001338362693787,-0.6133954524993896,0.336027592420578
0.2888653874397278,-0.6133954524993896,0.336027592420578
0.31001338362693787,-0.6133954524993896,0.29373154044151306
0.2888653874397278,-0.7515275478363037,0.3254535496234894
0.3205874264240265,-0.6133954524993896,0.3254535496234894
0.31001338362693787,-0.19899897277355194,0.3254535496234894
0.27829137444496155,-0.3371311128139496,0.3254535496234894
0.27829137444496155,-0.6824615001678467,0.29373154044151306
0.3205874264240265,-0.6824615001678467,0.336027592420578
0.299439400434494,-0.6824615001678467,0.336027592420578
0.299439400434494,-0.6824615001678467,0.29373154044151306
0.3205874264240265,-0.6824615001678467,0.31487956643104553
0.27829137444496155,-0.6824615001678467,0.336027592420578
0.3205874264240265,-0.6824615001678467,0.29373154044151306
0.27829137444496155,-0.6824615001678467,0.31487956643104553
0.27829137444496155,-0.6824615001678467,0.3254535496234894
0.27829137444496155,-0.6824615001678467,0.3043055236339569
0.3205874264240265,-0.6824615001678467,0.3043055236339569
0.2888653874397278,-0.6824615001678467,0.29373154044151306
0.31001338362693787,-0.6824615001678467,0.336027592420578
0.2888653874397278,-0.6824615001678467,0.336027592420578
0.31001338362693787,-0.6824615001678467,0.29373154044151306
0.3205874264240265,-0.6824615001678467,0.3254535496234894
0.27829137444496155,-0.5443292856216431,0.336027592420578
0.3205874264240265,-0.5443292856216431,0.29373154044151306
0.27829137444496155,-0.5443292856216431,0.31487956643104553
0.27829137444496155,-0.5443292856216431,0.29373154044151306
0.3205874264240265,-0.5443292856216431,0.336027592420578
0.299439400434494,-0.5443292856216431,0.336027592420578
0.299439400434494,-0.5443292856216431,0.29373154044151306
0.3205874264240265,-0.5443292856216431,0.31487956643104553
0.27829137444496155,-0.5443292856216431,0.3254535496234894
0.27829137444496155,-0.5443292856216431,0.3043055236339569
0.3205874264240265,-0.5443292856216431,0.3043055236339569
0.2888653874397278,-0.5443292856216431,0.29373154044151306
0.31001338362693787,-0.5443292856216431,0.336027592420578
0.2888653874397278,-0.5443292856216431,0.336027592420578
0.31001338362693787,-0.5443292856216431,0.29373154044151306
0.3205874264240265,-0.5443292856216431,0.3254535496234894
0.27829137444496155,-0.4061972200870514,0.29373154044151306
0.3205874264240265,-0.4061972200870514,0.336027592420578
0.299439400434494,-0.4061972200870514,0.336027592420578
0.299439400434494,-0.4061972200870514,0.29373154044151306
0.3205874264240265,-0.4061972200870514,0.31487956643104553
0.27829137444496155,-0.4061972200870514,0.336027592420578
0.3205874264240265,-0.4061972200870514,0.29373154044151306
0.27829137444496155,-0.4061972200870514,0.31487956643104553
0.27829137444496155,-0.4061972200870514,0.3043055236339569
0.3205874264240265,-0.4061972200870514,0.3254535496234894
0.3205874264240265,-0.4061972200870514,0.3043055236339569
0.31001338362693787,-0.4061972200870514,0.29373154044151306
0.2888653874397278,-0.4061972200870514,0.29373154044151306
0.2888653874397278,-0.4061972200870514,0.336027592420578
0.31001338362693787,-0.4061972200870514,0.336027592420578
0.27829137444496155,-0.4061972200870514,0.3254535496234894
0.27829137444496155,-0.26806503534317017,0.336027592420578
0.3205874264240265,-0.26806503534317017,0.29373154044151306
0.27829137444496155,-0.26806503534317017,0.31487956643104553
0.27829137444496155,-0.26806503534317017,0.29373154044151306
0.3205874264240265,-0.26806503534317017,0.336027592420578
0.299439400434494,-0.26806503534317017,0.336027592420578
0.299439400434494,-0.26806503534317017,0.29373154044151306
0.3205874264240265,-0.26806503534317017,0.31487956643104553
0.27829137444496155,-0.26806503534317017,0.3043055236339569
0.3205874264240265,-0.26806503534317017,0.3254535496234894
0.3205874264240265,-0.26806503534317017,0.3043055236339569
0.31001338362693787,-0.26806503534317017,0.29373154044151306
0.2888653874397278,-0.26806503534317017,0.29373154044151306
0.2888653874397278,-0.26806503534317017,0.336027592420578
0.31001338362693787,-0.26806503534317017,0.336027592420578
0.27829137444496155,-0.26806503534317017,0.3254535496234894
