0.0;0.0,0.0,0.0;1.0,0.0,0.0,0.0
0.01;0.0,2.695433795452118e-05,0.0;1.0,0.0,0.0,0.0
0.02;0.0,0.00010768882930278778,0.0;1.0,0.0,0.0,0.0
0.03;0.0,0.0002420283854007721,0.0;1.0,0.0,0.0,0.0
0.04;0.0,0.00042979419231414795,0.0;1.0,0.0,0.0,0.0
0.05;0.0,0.0006708027794957161,0.0;1.0,0.0,0.0,0.0
0.06;0.0,0.0009648734703660011,0.0;1.0,0.0,0.0,0.0
0.07;0.0,0.00131183210760355,0.0;1.0,0.0,0.0,0.0
0.08;0.0,0.001711488701403141,0.0;1.0,0.0,0.0,0.0
0.09;0.0,0.0021636756137013435,0.0;1.0,0.0,0.0,0.0
0.1;0.0,0.0026681991294026375,0.0;1.0,0.0,0.0,0.0
0.11;0.0,0.003224884159862995,0.0;1.0,0.0,0.0,0.0
0.12;0.0,0.0038335593417286873,0.0;1.0,0.0,0.0,0.0
0.13;0.0,0.004494030959904194,0.0;1.0,0.0,0.0,0.0
0.14;0.0,0.005206127651035786,0.0;1.0,0.0,0.0,0.0
0.15;0.0,0.00596966315060854,0.0;1.0,0.0,0.0,0.0
0.16;0.0,0.006784458644688129,0.0;1.0,0.0,0.0,0.0
0.17;0.0,0.007650342769920826,0.0;1.0,0.0,0.0,0.0
0.18;0.0,0.008567125536501408,0.0;1.0,0.0,0.0,0.0
0.19;0.0,0.00953462440520525,0.0;1.0,0.0,0.0,0.0
0.2;0.0,0.010552671737968922,0.0;1.0,0.0,0.0,0.0
0.21;0.0,0.011621077544987202,0.0;1.0,0.0,0.0,0.0
0.22;0.0,0.012739663012325764,0.0;1.0,0.0,0.0,0.0
0.23;0.0,0.01390825305134058,0.0;1.0,0.0,0.0,0.0
0.24;0.0,0.015126657672226429,0.0;1.0,0.0,0.0,0.0
0.25;0.0,0.016394704580307007,0.0;1.0,0.0,0.0,0.0
0.26;0.0,0.017712216824293137,0.0;1.0,0.0,0.0,0.0
0.27;0.0,0.019078999757766724,0.0;1.0,0.0,0.0,0.0
0.28;0.0,0.020494885742664337,0.0;1.0,0.0,0.0,0.0
0.29;0.0,0.021959692239761353,0.0;1.0,0.0,0.0,0.0
0.3;0.0,0.023473240435123444,0.0;1.0,0.0,0.0,0.0
0.31;0.0,0.025035344064235687,0.0;1.0,0.0,0.0,0.0
0.32;0.0,0.026645828038454056,0.0;1.0,0.0,0.0,0.0
0.33;0.0,0.02830451726913452,0.0;1.0,0.0,0.0,0.0
0.34;0.0,0.030011214315891266,0.0;1.0,0.0,0.0,0.0
0.35;0.0,0.031765758991241455,0.0;1.0,0.0,0.0,0.0
0.36;0.0,0.033567946404218674,0.0;1.0,0.0,0.0,0.0
0.37;0.0,0.035417623817920685,0.0;1.0,0.0,0.0,0.0
0.38;0.0,0.03731459006667137,0.0;1.0,0.0,0.0,0.0
0.39;0.0,0.0392586849629879,0.0;1.0,0.0,0.0,0.0
0.4;0.0,0.04124971851706505,0.0;1.0,0.0,0.0,0.0
0.41;0.0,0.0432874970138073,0.0;1.0,0.0,0.0,0.0
0.42;0.0,0.04537187144160271,0.0;1.0,0.0,0.0,0.0
0.43;0.0,0.04750263690948486,0.0;1.0,0.0,0.0,0.0
0.44;0.0,0.04967960715293884,0.0;1.0,0.0,0.0,0.0
0.45;0.0,0.05190262198448181,0.0;1.0,0.0,0.0,0.0
0.46;0.0,0.05417148768901825,0.0;1.0,0.0,0.0,0.0
0.47;0.0,0.05648603290319443,0.0;1.0,0.0,0.0,0.0
0.48;0.0,0.05884607881307602,0.0;1.0,0.0,0.0,0.0
0.49;0.0,0.0612514391541481,0.0;1.0,0.0,0.0,0.0
0.5;0.0,0.06370192766189575,0.0;1.0,0.0,0.0,0.0
0.51;0.0,0.06619738042354584,0.0;1.0,0.0,0.0,0.0
0.52;0.0,0.06873761117458344,0.0;1.0,0.0,0.0,0.0
0.53;0.0,0.07132241129875183,0.0;1.0,0.0,0.0,0.0
0.54;0.0,0.07395166903734207,0.0;1.0,0.0,0.0,0.0
0.55;0.0,0.07662513107061386,0.0;1.0,0.0,0.0,0.0
0.56;0.0,0.07934264838695526,0.0;1.0,0.0,0.0,0.0
0.57;0.0,0.08210405707359314,0.0;1.0,0.0,0.0,0.0
0.58;0.0,0.08490914851427078,0.0;1.0,0.0,0.0,0.0
0.59;0.0,0.08775775134563446,0.0;1.0,0.0,0.0,0.0
0.6;0.0,0.09064968675374985,0.0;1.0,0.0,0.0,0.0
0.61;0.0,0.09358478337526321,0.0;1.0,0.0,0.0,0.0
0.62;0.0,0.09656284749507904,0.0;1.0,0.0,0.0,0.0
0.63;0.0,0.099583700299263,0.0;1.0,0.0,0.0,0.0
0.64;0.0,0.10264718532562256,0.0;1.0,0.0,0.0,0.0
0.65;0.0,0.10575307905673981,0.0;1.0,0.0,0.0,0.0
0.66;0.0,0.1089012622833252,0.0;1.0,0.0,0.0,0.0
0.67;0.0,0.11209148913621902,0.0;1.0,0.0,0.0,0.0
0.68;0.0,0.11532359570264816,0.0;1.0,0.0,0.0,0.0
0.69;0.0,0.11859742552042007,0.0;1.0,0.0,0.0,0.0
0.7;0.0,0.12191279977560043,0.0;1.0,0.0,0.0,0.0
0.71;0.0,0.12526953220367432,0.0;1.0,0.0,0.0,0.0
0.72;0.0,0.128667414188385,0.0;1.0,0.0,0.0,0.0
0.73;0.0,0.13210631906986237,0.0;1.0,0.0,0.0,0.0
0.74;0.0,0.1355859786272049,0.0;1.0,0.0,0.0,0.0
0.75;0.0,0.13910631835460663,0.0;1.0,0.0,0.0,0.0
0.76;0.0,0.14266708493232727,0.0;1.0,0.0,0.0,0.0
0.77;0.0,0.14626812934875488,0.0;1.0,0.0,0.0,0.0
0.78;0.0,0.14990925788879395,0.0;1.0,0.0,0.0,0.0
0.79;0.0,0.1535903364419937,0.0;1.0,0.0,0.0,0.0
0.8;0.0,0.15731112658977509,0.0;1.0,0.0,0.0,0.0
0.81;0.0,0.16107144951820374,0.0;1.0,0.0,0.0,0.0
0.82;0.0,0.16487109661102295,0.0;1.0,0.0,0.0,0.0
0.83;0.0,0.16871000826358795,0.0;1.0,0.0,0.0,0.0
0.84;0.0,0.17258793115615845,0.0;1.0,0.0,0.0,0.0
0.85;0.0,0.17650464177131653,0.0;1.0,0.0,0.0,0.0
0.86;0.0,0.18046002089977264,0.0;1.0,0.0,0.0,0.0
0.87;0.0,0.18445388972759247,0.0;1.0,0.0,0.0,0.0
0.88;0.0,0.1884859949350357,0.0;1.0,0.0,0.0,0.0
0.89;0.0,0.192556232213974,0.0;1.0,0.0,0.0,0.0
0.9;0.0,0.19666440784931183,0.0;1.0,0.0,0.0,0.0
0.91;0.0,0.20081031322479248,0.0;1.0,0.0,0.0,0.0
0.92;0.0,0.2049938142299652,0.0;1.0,0.0,0.0,0.0
0.93;0.0,0.2092147171497345,0.0;1.0,0.0,0.0,0.0
0.94;0.0,0.21347273886203766,0.0;1.0,0.0,0.0,0.0
0.95;0.0,0.2177678495645523,0.0;1.0,0.0,0.0,0.0
0.96;0.0,0.22209981083869934,0.0;1.0,0.0,0.0,0.0
0.97;0.0,0.22646847367286682,0.0;1.0,0.0,0.0,0.0
0.98;0.0,0.23087355494499207,0.0;1.0,0.0,0.0,0.0
0.99;0.0,0.2353150099515915,0.0;1.0,0.0,0.0,0.0
1.0;0.0,0.23979251086711884,0.0;1.0,0.0,0.0,0.0
1.01;0.0,0.2443060427904129,0.0;1.0,0.0,0.0,0.0
1.02;0.0,0.24885527789592743,0.0;1.0,0.0,0.0,0.0
1.03;0.0,0.25344011187553406,0.0;1.0,0.0,0.0,0.0
1.04;0.0,0.25806036591529846,0.0;1.0,0.0,0.0,0.0
1.05;0.0,0.2627158463001251,0.0;1.0,0.0,0.0,0.0
1.06;0.0,0.2674063742160797,0.0;1.0,0.0,0.0,0.0
1.07;0.0,0.27213171124458313,0.0;1.0,0.0,0.0,0.0
1.08;0.0,0.2768917679786682,0.0;1.0,0.0,0.0,0.0
1.09;0.0,0.2816864252090454,0.0;1.0,0.0,0.0,0.0
1.1;0.0,0.28651532530784607,0.0;1.0,0.0,0.0,0.0
1.11;0.0,0.29137828946113586,0.0;1.0,0.0,0.0,0.0
1.12;0.0,0.2962752878665924,0.0;1.0,0.0,0.0,0.0
1.13;0.0,0.30120614171028137,0.0;1.0,0.0,0.0,0.0
1.14;0.0,0.3061705231666565,0.0;1.0,0.0,0.0,0.0
1.15;0.0,0.311168372631073,0.0;1.0,0.0,0.0,0.0
1.16;0.0,0.316199392080307,0.0;1.0,0.0,0.0,0.0
1.17;0.0,0.32126355171203613,0.0;1.0,0.0,0.0,0.0
1.18;0.0,0.3263605237007141,0.0;1.0,0.0,0.0,0.0
1.19;0.0,0.33149024844169617,0.0;1.0,0.0,0.0,0.0
1.2;0.0,0.3366524875164032,0.0;1.0,0.0,0.0,0.0
1.21;0.0,0.3418470621109009,0.0;1.0,0.0,0.0,0.0
1.22;0.0,0.34707382321357727,0.0;1.0,0.0,0.0,0.0
1.23;0.0,0.35233256220817566,0.0;1.0,0.0,0.0,0.0
1.24;0.0,0.35762301087379456,0.0;1.0,0.0,0.0,0.0
1.25;0.0,0.36294519901275635,0.0;1.0,0.0,0.0,0.0
1.26;0.0,0.36829879879951477,0.0;1.0,0.0,0.0,0.0
1.27;0.0,0.3736836612224579,0.0;1.0,0.0,0.0,0.0
1.28;0.0,0.379099577665329,0.0;1.0,0.0,0.0,0.0
1.29;0.0,0.3845464289188385,0.0;1.0,0.0,0.0,0.0
1.3;0.0,0.39002397656440735,0.0;1.0,0.0,0.0,0.0
1.31;0.0,0.3955320715904236,0.0;1.0,0.0,0.0,0.0
1.32;0.0,0.4010705351829529,0.0;1.0,0.0,0.0,0.0
1.33;0.0,0.4066392183303833,0.0;1.0,0.0,0.0,0.0
1.34;-0.002448473358526826,0.4097892940044403,0.0;1.0,0.0,0.0,0.0
1.35;-0.008076966740190983,0.4097892940044403,0.0;1.0,0.0,0.0,0.0
1.36;-0.013735082931816578,0.4097892940044403,0.0;1.0,0.0,0.0,0.0
1.37;-0.019422629848122597,0.4097892940044403,0.0;1.0,0.0,0.0,0.0
1.38;-0.02513943985104561,0.4097892940044403,0.0;1.0,0.0,0.0,0.0
1.39;-0.0308853667229414,0.4097892940044403,0.0;1.0,0.0,0.0,0.0
1.4;-0.03666029870510101,0.4097892940044403,0.0;1.0,0.0,0.0,0.0
1.41;-0.042463891208171844,0.4097892940044403,0.0;1.0,0.0,0.0,0.0
1.42;-0.04829597845673561,0.4097892940044403,0.0;1.0,0.0,0.0,0.0
1.43;-0.05415651574730873,0.4097892940044403,0.0;1.0,0.0,0.0,0.0
1.44;-0.0600452646613121,0.4097892940044403,0.0;1.0,0.0,0.0,0.0
1.45;-0.06596200913190842,0.4097892940044403,0.0;1.0,0.0,0.0,0.0
1.46;-0.07190661877393723,0.4097892940044403,0.0;1.0,0.0,0.0,0.0
1.47;-0.07787887752056122,0.4097892940044403,0.0;1.0,0.0,0.0,0.0
1.48;-0.08387862145900726,0.4097892940044403,0.0;1.0,0.0,0.0,0.0
1.49;-0.08990555256605148,0.4097892940044403,0.0;1.0,0.0,0.0,0.0
1.5;-0.09595972299575806,0.4097892940044403,0.0;1.0,0.0,0.0,0.0
1.51;-0.10204071551561356,0.4097892940044403,0.0;1.0,0.0,0.0,0.0
1.52;-0.10814856737852097,0.4097892940044403,0.0;1.0,0.0,0.0,0.0
1.53;-0.11428304761648178,0.4097892940044403,0.0;1.0,0.0,0.0,0.0
1.54;-0.12044382095336914,0.4097892940044403,0.0;1.0,0.0,0.0,0.0
1.55;-0.12663087248802185,0.4097892940044403,0.0;1.0,0.0,0.0,0.0
1.56;-0.13284386694431305,0.4097892940044403,0.0;1.0,0.0,0.0,0.0
1.57;-0.1390828937292099,0.4097892940044403,0.0;1.0,0.0,0.0,0.0
1.58;-0.14534738659858704,0.4097892940044403,0.0;1.0,0.0,0.0,0.0
1.59;-0.151637464761734,0.4097892940044403,0.0;1.0,0.0,0.0,0.0
1.6;-0.15795296430587769,0.4097892940044403,0.0;1.0,0.0,0.0,0.0
1.61;-0.16429343819618225,0.4097892940044403,0.0;1.0,0.0,0.0,0.0
1.62;-0.1706588864326477,0.4097892940044403,0.0;1.0,0.0,0.0,0.0
1.63;-0.17704913020133972,0.4097892940044403,0.0;1.0,0.0,0.0,0.0
1.64;-0.18346397578716278,0.4097892940044403,0.0;1.0,0.0,0.0,0.0
1.65;-0.18990331888198853,0.4097892940044403,0.0;1.0,0.0,0.0,0.0
1.66;-0.19636686146259308,0.4097892940044403,0.0;1.0,0.0,0.0,0.0
1.67;-0.20285442471504211,0.4097892940044403,0.0;1.0,0.0,0.0,0.0
1.68;-0.2093658596277237,0.4097892940044403,0.0;1.0,0.0,0.0,0.0
1.69;-0.21590113639831543,0.4097892940044403,0.0;1.0,0.0,0.0,0.0
1.7;-0.22245962917804718,0.4097892940044403,0.0;1.0,0.0,0.0,0.0
1.71;-0.22904153168201447,0.4097892940044403,0.0;1.0,0.0,0.0,0.0
1.72;-0.23564685881137848,0.4097892940044403,0.0;1.0,0.0,0.0,0.0
1.73;-0.2422749400138855,0.4097892940044403,0.0;1.0,0.0,0.0,0.0
1.74;-0.2489258199930191,0.4097892940044403,0.0;1.0,0.0,0.0,0.0
1.75;-0.25559931993484497,0.4097892940044403,0.0;1.0,0.0,0.0,0.0
1.76;-0.26229536533355713,0.4097892940044403,0.0;1.0,0.0,0.0,0.0
1.77;-0.26901355385780334,0.4097892940044403,0.0;1.0,0.0,0.0,0.0
1.78;-0.2757537066936493,0.4097892940044403,0.0;1.0,0.0,0.0,0.0
1.79;-0.2825160026550293,0.4097892940044403,0.0;1.0,0.0,0.0,0.0
1.8;-0.28929975628852844,0.4097892940044403,0.0;1.0,0.0,0.0,0.0
1.81;-0.29610535502433777,0.4097892940044403,0.0;1.0,0.0,0.0,0.0
1.82;-0.30293187499046326,0.4097892940044403,0.0;1.0,0.0,0.0,0.0
1.83;-0.3097798228263855,0.4097892940044403,0.0;1.0,0.0,0.0,0.0
1.84;-0.31664878129959106,0.4097892940044403,0.0;1.0,0.0,0.0,0.0
1.85;-0.32353857159614563,0.4097892940044403,0.0;1.0,0.0,0.0,0.0
1.86;-0.3304488956928253,0.4097892940044403,0.0;1.0,0.0,0.0,0.0
1.87;-0.33737969398498535,0.4097892940044403,0.0;1.0,0.0,0.0,0.0
1.88;-0.3443308174610138,0.4097892940044403,0.0;1.0,0.0,0.0,0.0
1.89;-0.35130202770233154,0.4097892940044403,0.0;1.0,0.0,0.0,0.0
1.9;-0.3582930266857147,0.4097892940044403,0.0;1.0,0.0,0.0,0.0
1.91;-0.3653039336204529,0.4097892940044403,0.0;1.0,0.0,0.0,0.0
1.92;-0.3723343014717102,0.4097892940044403,0.0;1.0,0.0,0.0,0.0
1.93;-0.37938401103019714,0.4097892940044403,0.0;1.0,0.0,0.0,0.0
1.94;-0.38645297288894653,0.4097892940044403,0.0;1.0,0.0,0.0,0.0
1.95;-0.39354079961776733,0.4097892940044403,0.0;1.0,0.0,0.0,0.0
1.96;-0.40064769983291626,0.4097892940044403,0.0;1.0,0.0,0.0,0.0
1.97;-0.4077729880809784,0.4097892940044403,0.0;1.0,0.0,0.0,0.0
1.98;-0.4149169325828552,0.4097892940044403,0.0;1.0,0.0,0.0,0.0
1.99;-0.4220789670944214,0.4097892940044403,0.0;1.0,0.0,0.0,0.0
2.0;-0.42925938963890076,0.4097892940044403,0.0;1.0,0.0,0.0,0.0
2.01;-0.4364575445652008,0.4097892940044403,0.0;1.0,0.0,0.0,0.0
2.02;-0.4436734616756439,0.4097892940044403,0.0;1.0,0.0,0.0,0.0
2.03;-0.4509070813655853,0.4097892940044403,0.0;1.0,0.0,0.0,0.0
2.04;-0.45815789699554443,0.4097892940044403,0.0;1.0,0.0,0.0,0.0
2.05;-0.4654260575771332,0.4097892940044403,0.0;1.0,0.0,0.0,0.0
2.06;-0.47271114587783813,0.4097892940044403,0.0;1.0,0.0,0.0,0.0
2.07;-0.48001325130462646,0.4097892940044403,0.0;1.0,0.0,0.0,0.0
2.08;-0.4873318672180176,0.4097892940044403,0.0;1.0,0.0,0.0,0.0
2.09;-0.49466684460639954,0.4097892940044403,0.0;1.0,0.0,0.0,0.0
2.1;-0.5020186305046082,0.4097892940044403,0.0;1.0,0.0,0.0,0.0
2.11;-0.5093860030174255,0.4097892940044403,0.0;1.0,0.0,0.0,0.0
2.12;-0.5167695879936218,0.4097892940044403,0.0;1.0,0.0,0.0,0.0
2.13;-0.5241687893867493,0.4097892940044403,0.0;1.0,0.0,0.0,0.0
2.14;-0.5315837264060974,0.4097892940044403,0.0;1.0,0.0,0.0,0.0
2.15;-0.5390140414237976,0.4097892940044403,0.0;1.0,0.0,0.0,0.0
2.16;-0.5464593768119812,0.4097892940044403,0.0;1.0,0.0,0.0,0.0
2.17;-0.5539200901985168,0.4097892940044403,0.0;1.0,0.0,0.0,0.0
2.18;-0.5613954067230225,0.4097892940044403,0.0;1.0,0.0,0.0,0.0
2.19;-0.5688855051994324,0.4097892940044403,0.0;1.0,0.0,0.0,0.0
2.2;-0.5763902068138123,0.4097892940044403,0.0;1.0,0.0,0.0,0.0
2.21;-0.5839090347290039,0.4097892940044403,0.0;1.0,0.0,0.0,0.0
2.22;-0.5914420485496521,0.4097892940044403,0.0;1.0,0.0,0.0,0.0
2.23;-0.5989891886711121,0.4097892940044403,0.0;1.0,0.0,0.0,0.0
2.24;-0.6065502166748047,0.4097892940044403,0.0;1.0,0.0,0.0,0.0
2.25;-0.6141244173049927,0.4097892940044403,0.0;1.0,0.0,0.0,0.0
2.26;-0.6217122673988342,0.4097892940044403,0.0;1.0,0.0,0.0,0.0
2.27;-0.6293134093284607,0.4097892940044403,0.0;1.0,0.0,0.0,0.0
2.28;-0.6369274854660034,0.4097892940044403,0.0;1.0,0.0,0.0,0.0
2.29;-0.6445546746253967,0.4097892940044403,0.0;1.0,0.0,0.0,0.0
2.3;-0.6521944999694824,0.4097892940044403,0.0;1.0,0.0,0.0,0.0
2.31;-0.6598464250564575,0.4097892940044403,0.0;1.0,0.0,0.0,0.0
2.32;-0.6675112843513489,0.4097892940044403,0.0;1.0,0.0,0.0,0.0
2.33;-0.6751880645751953,0.4097892940044403,0.0;1.0,0.0,0.0,0.0
2.34;-0.682876706123352,0.4097892940044403,0.0;1.0,0.0,0.0,0.0
2.35;-0.6905771493911743,0.4097892940044403,0.0;1.0,0.0,0.0,0.0
2.36;-0.6982895135879517,0.4097892940044403,0.0;1.0,0.0,0.0,0.0
2.37;-0.7060132622718811,0.4097892940044403,0.0;1.0,0.0,0.0,0.0
2.38;-0.7137480974197388,0.4097892940044403,0.0;1.0,0.0,0.0,0.0
2.39;-0.7214940190315247,0.4097892940044403,0.0;1.0,0.0,0.0,0.0
2.4;-0.7292507886886597,0.4097892940044403,0.0;1.0,0.0,0.0,0.0
2.41;-0.737018346786499,0.4097892940044403,0.0;1.0,0.0,0.0,0.0
2.42;-0.7447965145111084,0.4097892940044403,0.0;1.0,0.0,0.0,0.0
2.43;-0.7525850534439087,0.4097892940044403,0.0;1.0,0.0,0.0,0.0
2.44;-0.7603835463523865,0.4097892940044403,0.0;1.0,0.0,0.0,0.0
2.45;-0.7681921720504761,0.4097892940044403,0.0;1.0,0.0,0.0,0.0
2.46;-0.7760107517242432,0.4097892940044403,0.0;1.0,0.0,0.0,0.0
2.47;-0.7838387489318848,0.4097892940044403,0.0;1.0,0.0,0.0,0.0
2.48;-0.7916764616966248,0.4097892940044403,0.0;1.0,0.0,0.0,0.0
2.49;-0.7995233535766602,0.4097892940044403,0.0;1.0,0.0,0.0,0.0
2.5;-0.8073792457580566,0.4097892940044403,0.0;1.0,0.0,0.0,0.0
2.51;-0.8152440190315247,0.4097892940044403,0.0;1.0,0.0,0.0,0.0
2.52;-0.8195785284042358,0.4062502682209015,0.0;1.0,0.0,0.0,0.0
2.53;-0.8195785284042358,0.3983680009841919,0.0;1.0,0.0,0.0,0.0
2.54;-0.8195785284042358,0.39047738909721375,0.0;1.0,0.0,0.0,0.0
2.55;-0.8195785284042358,0.38257846236228943,0.0;1.0,0.0,0.0,0.0
2.56;-0.8195785284042358,0.37467169761657715,0.0;1.0,0.0,0.0,0.0
2.57;-0.8195785284042358,0.36675718426704407,0.0;1.0,0.0,0.0,0.0
2.58;-0.8195785284042358,0.358834832906723,0.0;1.0,0.0,0.0,0.0
2.59;-0.8195785284042358,0.3509053885936737,0.0;1.0,0.0,0.0,0.0
2.6;-0.8195785284042358,0.3429681062698364,0.0;1.0,0.0,0.0,0.0
2.61;-0.8195785284042358,0.3350238800048828,0.0;1.0,0.0,0.0,0.0
2.62;-0.8195785284042358,0.32707300782203674,0.0;1.0,0.0,0.0,0.0
2.63;-0.8195785284042358,0.3191151022911072,0.0;1.0,0.0,0.0,0.0
2.64;-0.8195785284042358,0.3111506998538971,0.0;1.0,0.0,0.0,0.0
2.65;-0.8195785284042358,0.30317968130111694,0.0;1.0,0.0,0.0,0.0
2.66;-0.8195785284042358,0.2952025830745697,0.0;1.0,0.0,0.0,0.0
2.67;-0.8195785284042358,0.2872195243835449,0.0;1.0,0.0,0.0,0.0
2.68;-0.8195785284042358,0.2792307436466217,0.0;1.0,0.0,0.0,0.0
2.69;-0.8195785284042358,0.27123624086380005,0.0;1.0,0.0,0.0,0.0
2.7;-0.8195785284042358,0.26323601603507996,0.0;1.0,0.0,0.0,0.0
2.71;-0.8195785284042358,0.2552306056022644,0.0;1.0,0.0,0.0,0.0
2.72;-0.8195785284042358,0.24722008407115936,0.0;1.0,0.0,0.0,0.0
2.73;-0.8195785284042358,0.23920457065105438,0.0;1.0,0.0,0.0,0.0
2.74;-0.8195785284042358,0.2311842441558838,0.0;1.0,0.0,0.0,0.0
2.75;-0.8195785284042358,0.22315935790538788,0.0;1.0,0.0,0.0,0.0
2.76;-0.8195785284042358,0.21512994170188904,0.0;1.0,0.0,0.0,0.0
2.77;-0.8195785284042358,0.20709650218486786,0.0;1.0,0.0,0.0,0.0
2.78;-0.8195785284042358,0.19905909895896912,0.0;1.0,0.0,0.0,0.0
2.79;-0.8195785284042358,0.1910175085067749,0.0;1.0,0.0,0.0,0.0
2.8;-0.8195785284042358,0.18297229707241058,0.0;1.0,0.0,0.0,0.0
2.81;-0.8195785284042358,0.1749235987663269,0.0;1.0,0.0,0.0,0.0
2.82;-0.8195785284042358,0.16687162220478058,0.0;1.0,0.0,0.0,0.0
2.83;-0.8195785284042358,0.15881650149822235,0.0;1.0,0.0,0.0,0.0
2.84;-0.8195785284042358,0.15075862407684326,0.0;1.0,0.0,0.0,0.0
2.85;-0.8195785284042358,0.14269743859767914,0.0;1.0,0.0,0.0,0.0
2.86;-0.8195785284042358,0.13463397324085236,0.0;1.0,0.0,0.0,0.0
2.87;-0.8195785284042358,0.12656790018081665,0.0;1.0,0.0,0.0,0.0
2.88;-0.8195785284042358,0.11849988251924515,0.0;1.0,0.0,0.0,0.0
2.89;-0.8195785284042358,0.11042935401201248,0.0;1.0,0.0,0.0,0.0
2.9;-0.8195785284042358,0.10235734283924103,0.0;1.0,0.0,0.0,0.0
2.91;-0.8195785284042358,0.09428344666957855,0.0;1.0,0.0,0.0,0.0
2.92;-0.8195785284042358,0.08620786666870117,0.0;1.0,0.0,0.0,0.0
2.93;-0.8195785284042358,0.07813137024641037,0.0;1.0,0.0,0.0,0.0
2.94;-0.8195785284042358,0.07005340605974197,0.0;1.0,0.0,0.0,0.0
2.95;-0.8195785284042358,0.06197436898946762,0.0;1.0,0.0,0.0,0.0
2.96;-0.8195785284042358,0.05389448255300522,0.0;1.0,0.0,0.0,0.0
2.97;-0.8195785284042358,0.04581433907151222,0.0;1.0,0.0,0.0,0.0
2.98;-0.8195785284042358,0.037733275443315506,0.0;1.0,0.0,0.0,0.0
2.99;-0.8195785284042358,0.029652170836925507,0.0;1.0,0.0,0.0,0.0
3.0;-0.8195785284042358,0.021571055054664612,0.0;1.0,0.0,0.0,0.0
3.01;-0.8195785284042358,0.013490387238562107,0.0;1.0,0.0,0.0,0.0
3.02;-0.8195785284042358,0.005409588105976582,0.0;1.0,0.0,0.0,0.0
3.03;-0.8195785284042358,-0.0026713088154792786,0.0;1.0,0.0,0.0,0.0
3.04;-0.8195785284042358,-0.010751096531748772,0.0;1.0,0.0,0.0,0.0
3.05;-0.8195785284042358,-0.01882977783679962,0.0;1.0,0.0,0.0,0.0
3.06;-0.8195785284042358,-0.02690761163830757,0.0;1.0,0.0,0.0,0.0
3.07;-0.8195785284042358,-0.034984469413757324,0.0;1.0,0.0,0.0,0.0
3.08;-0.8195785284042358,-0.04305988922715187,0.0;1.0,0.0,0.0,0.0
3.09;-0.8195785284042358,-0.05113394185900688,0.0;1.0,0.0,0.0,0.0
3.1;-0.8195785284042358,-0.05920610576868057,0.0;1.0,0.0,0.0,0.0
3.11;-0.8195785284042358,-0.06727657467126846,0.0;1.0,0.0,0.0,0.0
3.12;-0.8195785284042358,-0.07534436881542206,0.0;1.0,0.0,0.0,0.0
3.13;-0.8195785284042358,-0.08341079205274582,0.0;1.0,0.0,0.0,0.0
3.14;-0.8195785284042358,-0.09147442132234573,0.0;1.0,0.0,0.0,0.0
3.15;-0.8195785284042358,-0.09953511506319046,0.0;1.0,0.0,0.0,0.0
3.16;-0.8195785284042358,-0.10759320110082626,0.0;1.0,0.0,0.0,0.0
3.17;-0.8195785284042358,-0.11564834415912628,0.0;1.0,0.0,0.0,0.0
3.18;-0.8195785284042358,-0.12370030581951141,0.0;1.0,0.0,0.0,0.0
3.19;-0.8195785284042358,-0.13174867630004883,0.0;1.0,0.0,0.0,0.0
3.2;-0.8195785284042358,-0.1397939920425415,0.0;1.0,0.0,0.0,0.0
3.21;-0.8195785284042358,-0.14783591032028198,0.0;1.0,0.0,0.0,0.0
3.22;-0.8195785284042358,-0.15587307512760162,0.0;1.0,0.0,0.0,0.0
3.23;-0.8195785284042358,-0.16390638053417206,0.0;1.0,0.0,0.0,0.0
3.24;-0.8195785284042358,-0.17193599045276642,0.0;1.0,0.0,0.0,0.0
3.25;-0.8195785284042358,-0.17996110022068024,0.0;1.0,0.0,0.0,0.0
3.26;-0.8195785284042358,-0.18798097968101501,0.0;1.0,0.0,0.0,0.0
3.27;-0.8195785284042358,-0.19599677622318268,0.0;1.0,0.0,0.0,0.0
3.28;-0.8195785284042358,-0.20400726795196533,0.0;1.0,0.0,0.0,0.0
3.29;-0.8195785284042358,-0.2120124101638794,0.0;1.0,0.0,0.0,0.0
3.3;-0.8195785284042358,-0.2200125753879547,0.0;1.0,0.0,0.0,0.0
3.31;-0.8195785284042358,-0.22800756990909576,0.0;1.0,0.0,0.0,0.0
3.32;-0.8195785284042358,-0.23599651455879211,0.0;1.0,0.0,0.0,0.0
3.33;-0.8195785284042358,-0.24397924542427063,0.0;1.0,0.0,0.0,0.0
3.34;-0.8195785284042358,-0.25195643305778503,0.0;1.0,0.0,0.0,0.0
3.35;-0.8195785284042358,-0.2599274516105652,0.0;1.0,0.0,0.0,0.0
3.36;-0.8195785284042358,-0.2678918242454529,0.0;1.0,0.0,0.0,0.0
3.37;-0.8195785284042358,-0.275849312543869,0.0;1.0,0.0,0.0,0.0
3.38;-0.8195785284042358,-0.28380078077316284,0.0;1.0,0.0,0.0,0.0
3.39;-0.8195785284042358,-0.2917446494102478,0.0;1.0,0.0,0.0,0.0
3.4;-0.8195785284042358,-0.29968172311782837,0.0;1.0,0.0,0.0,0.0
3.41;-0.8195785284042358,-0.30761152505874634,0.0;1.0,0.0,0.0,0.0
3.42;-0.8195785284042358,-0.31553399562835693,0.0;1.0,0.0,0.0,0.0
3.43;-0.8195785284042358,-0.32344841957092285,0.0;1.0,0.0,0.0,0.0
3.44;-0.8195785284042358,-0.3313552737236023,0.0;1.0,0.0,0.0,0.0
3.45;-0.8195785284042358,-0.3392539918422699,0.0;1.0,0.0,0.0,0.0
3.46;-0.8195785284042358,-0.34714457392692566,0.0;1.0,0.0,0.0,0.0
3.47;-0.8195785284042358,-0.3550267815589905,0.0;1.0,0.0,0.0,0.0
3.48;-0.8195785284042358,-0.3629002571105957,0.0;1.0,0.0,0.0,0.0
3.49;-0.8195785284042358,-0.37076541781425476,0.0;1.0,0.0,0.0,0.0
3.5;-0.8195785284042358,-0.378620982170105,0.0;1.0,0.0,0.0,0.0
3.51;-0.8195785284042358,-0.38646817207336426,0.0;1.0,0.0,0.0,0.0
3.52;-0.8195785284042358,-0.39430564641952515,0.0;1.0,0.0,0.0,0.0
3.53;-0.8195785284042358,-0.40213361382484436,0.0;1.0,0.0,0.0,0.0
3.54;-0.8189799189567566,-0.4093537926673889,0.0;1.0,0.0,0.0,0.0
3.55;-0.8116069436073303,-0.4097892940044403,0.0;1.0,0.0,0.0,0.0
3.56;-0.803808331489563,-0.4097892940044403,0.0;1.0,0.0,0.0,0.0
3.57;-0.7960197925567627,-0.4097892940044403,0.0;1.0,0.0,0.0,0.0
3.58;-0.7882416248321533,-0.4097892940044403,0.0;1.0,0.0,0.0,0.0
3.59;-0.780474066734314,-0.4097892940044403,0.0;1.0,0.0,0.0,0.0
3.6;-0.7727175951004028,-0.4097892940044403,0.0;1.0,0.0,0.0,0.0
3.61;-0.7649716138839722,-0.4097892940044403,0.0;1.0,0.0,0.0,0.0
3.62;-0.7572361826896667,-0.4097892940044403,0.0;1.0,0.0,0.0,0.0
3.63;-0.7495129704475403,-0.4097892940044403,0.0;1.0,0.0,0.0,0.0
3.64;-0.7418007850646973,-0.4097892940044403,0.0;1.0,0.0,0.0,0.0
3.65;-0.7341001629829407,-0.4097892940044403,0.0;1.0,0.0,0.0,0.0
3.66;-0.7264111638069153,-0.4097892940044403,0.0;1.0,0.0,0.0,0.0
3.67;-0.7187347412109375,-0.4097892940044403,0.0;1.0,0.0,0.0,0.0
3.68;-0.7110702991485596,-0.4097892940044403,0.0;1.0,0.0,0.0,0.0
3.69;-0.7034175992012024,-0.4097892940044403,0.0;1.0,0.0,0.0,0.0
3.7;-0.695777952671051,-0.4097892940044403,0.0;1.0,0.0,0.0,0.0
3.71;-0.6881510019302368,-0.4097892940044403,0.0;1.0,0.0,0.0,0.0
3.72;-0.6805369853973389,-0.4097892940044403,0.0;1.0,0.0,0.0,0.0
3.73;-0.6729353666305542,-0.4097892940044403,0.0;1.0,0.0,0.0,0.0
3.74;-0.6653480529785156,-0.4097892940044403,0.0;1.0,0.0,0.0,0.0
3.75;-0.6577733159065247,-0.4097892940044403,0.0;1.0,0.0,0.0,0.0
3.76;-0.650212287902832,-0.4097892940044403,0.0;1.0,0.0,0.0,0.0
3.77;-0.6426655054092407,-0.4097892940044403,0.0;1.0,0.0,0.0,0.0
3.78;-0.6351327896118164,-0.4097892940044403,0.0;1.0,0.0,0.0,0.0
3.79;-0.6276135444641113,-0.4097892940044403,0.0;1.0,0.0,0.0,0.0
3.8;-0.6201089024543762,-0.4097892940044403,0.0;1.0,0.0,0.0,0.0
3.81;-0.6126186847686768,-0.4097892940044403,0.0;1.0,0.0,0.0,0.0
3.82;-0.6051434278488159,-0.4097892940044403,0.0;1.0,0.0,0.0,0.0
3.83;-0.5976828932762146,-0.4097892940044403,0.0;1.0,0.0,0.0,0.0
3.84;-0.590237021446228,-0.4097892940044403,0.0;1.0,0.0,0.0,0.0
3.85;-0.5828071236610413,-0.4097892940044403,0.0;1.0,0.0,0.0,0.0
3.86;-0.5753922462463379,-0.4097892940044403,0.0;1.0,0.0,0.0,0.0
3.87;-0.5679929256439209,-0.4097892940044403,0.0;1.0,0.0,0.0,0.0
3.88;-0.5606095790863037,-0.4097892940044403,0.0;1.0,0.0,0.0,0.0
3.89;-0.5532416105270386,-0.4097892940044403,0.0;1.0,0.0,0.0,0.0
3.9;-0.5458905100822449,-0.4097892940044403,0.0;1.0,0.0,0.0,0.0
3.91;-0.538555383682251,-0.4097892940044403,0.0;1.0,0.0,0.0,0.0
3.92;-0.5312366485595703,-0.4097892940044403,0.0;1.0,0.0,0.0,0.0
3.93;-0.523934543132782,-0.4097892940044403,0.0;1.0,0.0,0.0,0.0
3.94;-0.5166492462158203,-0.4097892940044403,0.0;1.0,0.0,0.0,0.0
3.95;-0.509381115436554,-0.4097892940044403,0.0;1.0,0.0,0.0,0.0
3.96;-0.502130389213562,-0.4097892940044403,0.0;1.0,0.0,0.0,0.0
3.97;-0.49489668011665344,-0.4097892940044403,0.0;1.0,0.0,0.0,0.0
3.98;-0.48768138885498047,-0.4097892940044403,0.0;1.0,0.0,0.0,0.0
3.99;-0.48048290610313416,-0.4097892940044403,0.0;1.0,0.0,0.0,0.0
4.0;-0.4733023941516876,-0.4097892940044403,0.0;1.0,0.0,0.0,0.0
4.01;-0.4661405384540558,-0.4097892940044403,0.0;1.0,0.0,0.0,0.0
4.02;-0.4589962661266327,-0.4097892940044403,0.0;1.0,0.0,0.0,0.0
4.03;-0.45187076926231384,-0.4097892940044403,0.0;1.0,0.0,0.0,0.0
4.04;-0.4447647035121918,-0.4097892940044403,0.0;1.0,0.0,0.0,0.0
4.05;-0.43767645955085754,-0.4097892940044403,0.0;1.0,0.0,0.0,0.0
4.06;-0.4306075870990753,-0.4097892940044403,0.0;1.0,0.0,0.0,0.0
4.07;-0.4235572814941406,-0.4097892940044403,0.0;1.0,0.0,0.0,0.0
4.08;-0.41652747988700867,-0.4097892940044403,0.0;1.0,0.0,0.0,0.0
4.09;-0.4095163941383362,-0.4097892940044403,0.0;1.0,0.0,0.0,0.0
4.1;-0.4025253355503082,-0.4097892940044403,0.0;1.0,0.0,0.0,0.0
4.11;-0.39555415511131287,-0.4097892940044403,0.0;1.0,0.0,0.0,0.0
4.12;-0.3886032998561859,-0.4097892940044403,0.0;1.0,0.0,0.0,0.0
4.13;-0.3816722333431244,-0.4097892940044403,0.0;1.0,0.0,0.0,0.0
4.14;-0.37476232647895813,-0.4097892940044403,0.0;1.0,0.0,0.0,0.0
4.15;-0.3678724765777588,-0.4097892940044403,0.0;1.0,0.0,0.0,0.0
4.16;-0.36100319027900696,-0.4097892940044403,0.0;1.0,0.0,0.0,0.0
4.17;-0.354155570268631,-0.4097892940044403,0.0;1.0,0.0,0.0,0.0
4.18;-0.3473285734653473,-0.4097892940044403,0.0;1.0,0.0,0.0,0.0
4.19;-0.3405231535434723,-0.4097892940044403,0.0;1.0,0.0,0.0,0.0
4.2;-0.33373889327049255,-0.4097892940044403,0.0;1.0,0.0,0.0,0.0
4.21;-0.32697707414627075,-0.4097892940044403,0.0;1.0,0.0,0.0,0.0
4.22;-0.32023707032203674,-0.4097892940044403,0.0;1.0,0.0,0.0,0.0
4.23;-0.31351858377456665,-0.4097892940044403,0.0;1.0,0.0,0.0,0.0
4.24;-0.30682241916656494,-0.4097892940044403,0.0;1.0,0.0,0.0,0.0
4.25;-0.30014944076538086,-0.4097892940044403,0.0;1.0,0.0,0.0,0.0
4.26;-0.293498694896698,-0.4097892940044403,0.0;1.0,0.0,0.0,0.0
4.27;-0.2868700921535492,-0.4097892940044403,0.0;1.0,0.0,0.0,0.0
4.28;-0.28026512265205383,-0.4097892940044403,0.0;1.0,0.0,0.0,0.0
4.29;-0.27368345856666565,-0.4097892940044403,0.0;1.0,0.0,0.0,0.0
4.3;-0.267124205827713,-0.4097892940044403,0.0;1.0,0.0,0.0,0.0
4.31;-0.2605891525745392,-0.4097892940044403,0.0;1.0,0.0,0.0,0.0
4.32;-0.25407811999320984,-0.4097892940044403,0.0;1.0,0.0,0.0,0.0
4.33;-0.24759028851985931,-0.4097892940044403,0.0;1.0,0.0,0.0,0.0
4.34;-0.2411268949508667,-0.4097892940044403,0.0;1.0,0.0,0.0,0.0
4.35;-0.23468756675720215,-0.4097892940044403,0.0;1.0,0.0,0.0,0.0
4.36;-0.22827249765396118,-0.4097892940044403,0.0;1.0,0.0,0.0,0.0
4.37;-0.22188222408294678,-0.4097892940044403,0.0;1.0,0.0,0.0,0.0
4.38;-0.2155171036720276,-0.4097892940044403,0.0;1.0,0.0,0.0,0.0
4.39;-0.20917657017707825,-0.4097892940044403,0.0;1.0,0.0,0.0,0.0
4.4;-0.20286059379577637,-0.4097892940044403,0.0;1.0,0.0,0.0,0.0
4.41;-0.19657081365585327,-0.4097892940044403,0.0;1.0,0.0,0.0,0.0
4.42;-0.1903059333562851,-0.4097892940044403,0.0;1.0,0.0,0.0,0.0
4.43;-0.18406708538532257,-0.4097892940044403,0.0;1.0,0.0,0.0,0.0
4.44;-0.1778547763824463,-0.4097892940044403,0.0;1.0,0.0,0.0,0.0
4.45;-0.17166730761528015,-0.4097892940044403,0.0;1.0,0.0,0.0,0.0
4.46;-0.16550642251968384,-0.4097892940044403,0.0;1.0,0.0,0.0,0.0
4.47;-0.15937195718288422,-0.4097892940044403,0.0;1.0,0.0,0.0,0.0
4.48;-0.15326383709907532,-0.4097892940044403,0.0;1.0,0.0,0.0,0.0
4.49;-0.14718325436115265,-0.4097892940044403,0.0;1.0,0.0,0.0,0.0
4.5;-0.1411290168762207,-0.4097892940044403,0.0;1.0,0.0,0.0,0.0
4.51;-0.1351017951965332,-0.4097892940044403,0.0;1.0,0.0,0.0,0.0
4.52;-0.12910203635692596,-0.4097892940044403,0.0;1.0,0.0,0.0,0.0
4.53;-0.12313017249107361,-0.4097892940044403,0.0;1.0,0.0,0.0,0.0
4.54;-0.11718562990427017,-0.4097892940044403,0.0;1.0,0.0,0.0,0.0
4.55;-0.11126875877380371,-0.4097892940044403,0.0;1.0,0.0,0.0,0.0
4.56;-0.10538006573915482,-0.4097892940044403,0.0;1.0,0.0,0.0,0.0
4.57;-0.09951988607645035,-0.4097892940044403,0.0;1.0,0.0,0.0,0.0
4.58;-0.09368733316659927,-0.4097892940044403,0.0;1.0,0.0,0.0,0.0
4.59;-0.08788362145423889,-0.4097892940044403,0.0;1.0,0.0,0.0,0.0
4.6;-0.08210859447717667,-0.4097892940044403,0.0;1.0,0.0,0.0,0.0
4.61;-0.0763632208108902,-0.4097892940044403,0.0;1.0,0.0,0.0,0.0
4.62;-0.07064633071422577,-0.4097892940044403,0.0;1.0,0.0,0.0,0.0
4.63;-0.06495863944292068,-0.4097892940044403,0.0;1.0,0.0,0.0,0.0
4.64;-0.05930047109723091,-0.4097892940044403,0.0;1.0,0.0,0.0,0.0
4.65;-0.05367234721779823,-0.4097892940044403,0.0;1.0,0.0,0.0,0.0
4.66;-0.04807303845882416,-0.4097892940044403,0.0;1.0,0.0,0.0,0.0
4.67;-0.04250449314713478,-0.4097892940044403,0.0;1.0,0.0,0.0,0.0
4.68;-0.03696660324931145,-0.4097892940044403,0.0;1.0,0.0,0.0,0.0
4.69;-0.031457800418138504,-0.4097892940044403,0.0;1.0,0.0,0.0,0.0
4.7;-0.025980763137340546,-0.4097892940044403,0.0;1.0,0.0,0.0,0.0
4.71;-0.020533710718154907,-0.4097892940044403,0.0;1.0,0.0,0.0,0.0
4.72;-0.015118136070668697,-0.4097892940044403,0.0;1.0,0.0,0.0,0.0
4.73;-0.009732869453728199,-0.4097892940044403,0.0;1.0,0.0,0.0,0.0
4.74;-0.004379149526357651,-0.4097892940044403,0.0;1.0,0.0,0.0,0.0
4.75;-0.00010612884216243401,-0.4087401330471039,0.0;1.0,0.0,0.0,0.0
4.76;0.0,-0.40355607867240906,0.0;1.0,0.0,0.0,0.0
4.77;0.0,-0.3982972502708435,0.0;1.0,0.0,0.0,0.0
4.78;0.0,-0.393070250749588,0.0;1.0,0.0,0.0,0.0
4.79;0.0,-0.38787585496902466,0.0;1.0,0.0,0.0,0.0
4.8;0.0,-0.3827137053012848,0.0;1.0,0.0,0.0,0.0
4.81;0.0,-0.37758418917655945,0.0;1.0,0.0,0.0,0.0
4.82;0.0,-0.37248674035072327,0.0;1.0,0.0,0.0,0.0
4.83;0.0,-0.3674229085445404,0.0;1.0,0.0,0.0,0.0
4.84;0.0,-0.3623918890953064,0.0;1.0,0.0,0.0,0.0
4.85;0.0,-0.3573940396308899,0.0;1.0,0.0,0.0,0.0
4.86;0.0,-0.3524293005466461,0.0;1.0,0.0,0.0,0.0
4.87;0.0,-0.34749898314476013,0.0;1.0,0.0,0.0,0.0
4.88;0.0,-0.3426022529602051,0.0;1.0,0.0,0.0,0.0
4.89;0.0,-0.33773866295814514,0.0;1.0,0.0,0.0,0.0
4.9;0.0,-0.3329102694988251,0.0;1.0,0.0,0.0,0.0
4.91;0.0,-0.3281154930591583,0.0;1.0,0.0,0.0,0.0
4.92;0.0,-0.32335537672042847,0.0;1.0,0.0,0.0,0.0
4.93;0.0,-0.3186297118663788,0.0;1.0,0.0,0.0,0.0
4.94;0.0,-0.31393924355506897,0.0;1.0,0.0,0.0,0.0
4.95;0.0,-0.30928394198417664,0.0;1.0,0.0,0.0,0.0
4.96;0.0,-0.30466344952583313,0.0;1.0,0.0,0.0,0.0
4.97;0.0,-0.30007895827293396,0.0;1.0,0.0,0.0,0.0
4.98;0.0,-0.29552924633026123,0.0;1.0,0.0,0.0,0.0
4.99;0.0,-0.2910163402557373,0.0;1.0,0.0,0.0,0.0
5.0;0.0,-0.28653833270072937,0.0;1.0,0.0,0.0,0.0
5.01;0.0,-0.28209757804870605,0.0;1.0,0.0,0.0,0.0
5.02;0.0,-0.27769234776496887,0.0;1.0,0.0,0.0,0.0
5.03;0.0,-0.27332356572151184,0.0;1.0,0.0,0.0,0.0
5.04;0.0,-0.2689913213253021,0.0;1.0,0.0,0.0,0.0
5.05;0.0,-0.2646966278553009,0.0;1.0,0.0,0.0,0.0
5.06;0.0,-0.26043862104415894,0.0;1.0,0.0,0.0,0.0
5.07;0.0,-0.2562171518802643,0.0;1.0,0.0,0.0,0.0
5.08;0.0,-0.252034068107605,0.0;1.0,0.0,0.0,0.0
5.09;0.0,-0.24788792431354523,0.0;1.0,0.0,0.0,0.0
5.1;0.0,-0.24377962946891785,0.0;1.0,0.0,0.0,0.0
5.11;0.0,-0.23970960080623627,0.0;1.0,0.0,0.0,0.0
5.12;0.0,-0.23567715287208557,0.0;1.0,0.0,0.0,0.0
5.13;0.0,-0.23168382048606873,0.0;1.0,0.0,0.0,0.0
5.14;0.0,-0.22772830724716187,0.0;1.0,0.0,0.0,0.0
5.15;0.0,-0.22381168603897095,0.0;1.0,0.0,0.0,0.0
5.16;0.0,-0.21993374824523926,0.0;1.0,0.0,0.0,0.0
5.17;0.0,-0.216094508767128,0.0;1.0,0.0,0.0,0.0
5.18;0.0,-0.21229512989521027,0.0;1.0,0.0,0.0,0.0
5.19;0.0,-0.2085343897342682,0.0;1.0,0.0,0.0,0.0
5.2;0.0,-0.20481374859809875,0.0;1.0,0.0,0.0,0.0
5.21;0.0,-0.20113317668437958,0.0;1.0,0.0,0.0,0.0
5.22;0.0,-0.1974915862083435,0.0;1.0,0.0,0.0,0.0
5.23;0.0,-0.19389037787914276,0.0;1.0,0.0,0.0,0.0
5.24;0.0,-0.19032983481884003,0.0;1.0,0.0,0.0,0.0
5.25;0.0,-0.1868094503879547,0.0;1.0,0.0,0.0,0.0
5.26;0.0,-0.1833300143480301,0.0;1.0,0.0,0.0,0.0
5.27;0.0,-0.17989112436771393,0.0;1.0,0.0,0.0,0.0
5.28;0.0,-0.17649301886558533,0.0;1.0,0.0,0.0,0.0
5.29;0.0,-0.17313608527183533,0.0;1.0,0.0,0.0,0.0
5.3;0.0,-0.1698208749294281,0.0;1.0,0.0,0.0,0.0
5.31;0.0,-0.16654710471630096,0.0;1.0,0.0,0.0,0.0
5.32;0.0,-0.163314551115036,0.0;1.0,0.0,0.0,0.0
5.33;0.0,-0.16012467443943024,0.0;1.0,0.0,0.0,0.0
5.34;0.0,-0.1569768339395523,0.0;1.0,0.0,0.0,0.0
5.35;0.0,-0.15387098491191864,0.0;1.0,0.0,0.0,0.0
5.36;0.0,-0.15080733597278595,0.0;1.0,0.0,0.0,0.0
5.37;0.0,-0.1477862000465393,0.0;1.0,0.0,0.0,0.0
5.38;0.0,-0.14480862021446228,0.0;1.0,0.0,0.0,0.0
5.39;0.0,-0.14187327027320862,0.0;1.0,0.0,0.0,0.0
5.4;0.0,-0.13898135721683502,0.0;1.0,0.0,0.0,0.0
5.41;0.0,-0.1361328363418579,0.0;1.0,0.0,0.0,0.0
5.42;0.0,-0.13332757353782654,0.0;1.0,0.0,0.0,0.0
5.43;0.0,-0.13056586682796478,0.0;1.0,0.0,0.0,0.0
5.44;0.0,-0.12784871459007263,0.0;1.0,0.0,0.0,0.0
5.45;0.0,-0.1251748502254486,0.0;1.0,0.0,0.0,0.0
5.46;0.0,-0.12254610657691956,0.0;1.0,0.0,0.0,0.0
5.47;0.0,-0.11996129900217056,0.0;1.0,0.0,0.0,0.0
5.48;0.0,-0.1174214780330658,0.0;1.0,0.0,0.0,0.0
5.49;0.0,-0.11492595076560974,0.0;1.0,0.0,0.0,0.0
5.5;0.0,-0.11247473210096359,0.0;1.0,0.0,0.0,0.0
5.51;0.0,-0.11006966233253479,0.0;1.0,0.0,0.0,0.0
5.52;0.0,-0.10770944505929947,0.0;1.0,0.0,0.0,0.0
5.53;0.0,-0.10539510846138,0.0;1.0,0.0,0.0,0.0
5.54;0.0,-0.10312613099813461,0.0;1.0,0.0,0.0,0.0
5.55;0.0,-0.10090329498052597,0.0;1.0,0.0,0.0,0.0
5.56;0.0,-0.09872649610042572,0.0;1.0,0.0,0.0,0.0
5.57;0.0,-0.09659522771835327,0.0;1.0,0.0,0.0,0.0
5.58;0.0,-0.09451135247945786,0.0;1.0,0.0,0.0,0.0
5.59;0.0,-0.0924731120467186,0.0;1.0,0.0,0.0,0.0
5.6;0.0,-0.09048205614089966,0.0;1.0,0.0,0.0,0.0
5.61;0.0,-0.08853793144226074,0.0;1.0,0.0,0.0,0.0
5.62;0.0,-0.08664125204086304,0.0;1.0,0.0,0.0,0.0
5.63;0.0,-0.08479149639606476,0.0;1.0,0.0,0.0,0.0
5.64;0.0,-0.08298945426940918,0.0;1.0,0.0,0.0,0.0
5.65;0.0,-0.08123460412025452,0.0;1.0,0.0,0.0,0.0
5.66;0.0,-0.0795276090502739,0.0;1.0,0.0,0.0,0.0
5.67;0.0,-0.07787030935287476,0.0;1.0,0.0,0.0,0.0
5.68;0.0,-0.07625963538885117,0.0;1.0,0.0,0.0,0.0
5.69;0.0,-0.07469718158245087,0.0;1.0,0.0,0.0,0.0
5.7;0.0,-0.07318297028541565,0.0;1.0,0.0,0.0,0.0
5.71;0.0,-0.07171881198883057,0.0;1.0,0.0,0.0,0.0
5.72;0.0,-0.07030288875102997,0.0;1.0,0.0,0.0,0.0
5.73;0.0,-0.06893571466207504,0.0;1.0,0.0,0.0,0.0
5.74;0.0,-0.06761807203292847,0.0;1.0,0.0,0.0,0.0
5.75;0.0,-0.06635049730539322,0.0;1.0,0.0,0.0,0.0
5.76;0.0,-0.06513244658708572,0.0;1.0,0.0,0.0,0.0
5.77;0.0,-0.0639628991484642,0.0;1.0,0.0,0.0,0.0
5.78;0.0,-0.062843918800354,0.0;1.0,0.0,0.0,0.0
5.79;0.0,-0.061776041984558105,0.0;1.0,0.0,0.0,0.0
5.8;0.0,-0.06075822561979294,0.0;1.0,0.0,0.0,0.0
5.81;0.0,-0.05979098379611969,0.0;1.0,0.0,0.0,0.0
5.82;0.0,-0.05887388437986374,0.0;1.0,0.0,0.0,0.0
5.83;0.0,-0.05800813436508179,0.0;1.0,0.0,0.0,0.0
5.84;0.0,-0.05719318240880966,0.0;1.0,0.0,0.0,0.0
5.85;0.0,-0.05643007904291153,0.0;1.0,0.0,0.0,0.0
5.86;0.0,-0.0557180754840374,0.0;1.0,0.0,0.0,0.0
5.87;0.0,-0.055057693272829056,0.0;1.0,0.0,0.0,0.0
5.88;0.0,-0.0544489286839962,0.0;1.0,0.0,0.0,0.0
5.89;0.0,-0.05389204993844032,0.0;1.0,0.0,0.0,0.0
5.9;0.0,-0.05338730663061142,0.0;1.0,0.0,0.0,0.0
5.91;0.0,-0.05293471738696098,0.0;1.0,0.0,0.0,0.0
5.92;0.0,-0.05253556743264198,0.0;1.0,0.0,0.0,0.0
5.93;0.0,-0.05218881741166115,0.0;1.0,0.0,0.0,0.0
5.94;0.0,-0.051894474774599075,0.0;1.0,0.0,0.0,0.0
5.95;0.0,-0.05165383592247963,0.0;1.0,0.0,0.0,0.0
5.96;0.0,-0.05146612226963043,0.0;1.0,0.0,0.0,0.0
5.97;0.0,-0.05133107677102089,0.0;1.0,0.0,0.0,0.0
5.98;0.0,-0.05125025659799576,0.0;1.0,0.0,0.0,0.0
5.99;0.0,-0.05122366175055504,0.0;1.0,0.0,0.0,0.0
