0.0;0.0,0.0,0.0;1.0,0.0,0.0,0.0
0.01;0.0,2.6397407054901123e-05,0.0;1.0,0.0,0.0,0.0
0.02;-5.960464477539063e-08,7.034838199615479e-05,0.0;1.0,0.0,0.0,0.0
0.03;-5.960464477539063e-08,0.00013181567192077637,0.0;1.0,0.0,0.0,0.0
0.04;-1.1920928955078125e-07,0.0002107769250869751,0.0;1.0,0.0,0.0,0.0
0.05;-1.1920928955078125e-07,0.0003071799874305725,0.0;1.0,0.0,0.0,0.0
0.06;-1.7881393432617188e-07,0.0004209950566291809,0.0;1.0,0.0,0.0,0.0
0.07;-2.384185791015625e-07,0.0005521923303604126,0.0;1.0,0.0,0.0,0.0
0.08;-3.5762786865234375e-07,0.000700727105140686,0.0;1.0,0.0,0.0,0.0
0.09;-4.172325134277344e-07,0.0008665770292282104,0.0;1.0,0.0,0.0,0.0
0.1;-4.76837158203125e-07,0.0010496973991394043,0.0;1.0,0.0,0.0,0.0
0.11;-5.960464477539062e-07,0.001250050961971283,0.0;1.0,0.0,0.0,0.0
0.12;-7.152557373046875e-07,0.0014676153659820557,0.0;1.0,0.0,0.0,0.0
0.13;-7.748603820800781e-07,0.001702338457107544,0.0;1.0,0.0,0.0,0.0
0.14;-8.940696716308594e-07,0.001954197883605957,0.0;1.0,0.0,0.0,0.0
0.15;-1.0132789611816406e-06,0.0022231489419937134,0.0;1.0,0.0,0.0,0.0
0.16;-1.1324882507324219e-06,0.002509169280529022,0.0;1.0,0.0,0.0,0.0
0.17;-1.2516975402832031e-06,0.002812206745147705,0.0;1.0,0.0,0.0,0.0
0.18;-1.430511474609375e-06,0.003132238984107971,0.0;1.0,0.0,0.0,0.0
0.19;-1.5497207641601562e-06,0.003469228744506836,0.0;1.0,0.0,0.0,0.0
0.2;-1.7285346984863281e-06,0.0038231387734413147,0.0;1.0,0.0,0.0,0.0
0.21;-1.8477439880371094e-06,0.004193931818008423,0.0;1.0,0.0,0.0,0.0
0.22;-2.086162567138672e-06,0.004581570625305176,0.0;1.0,0.0,0.0,0.0
0.23;-2.205371856689453e-06,0.004986025393009186,0.0;1.0,0.0,0.0,0.0
0.24;-2.384185791015625e-06,0.005407266318798065,0.0;1.0,0.0,0.0,0.0
0.25;-2.562999725341797e-06,0.0058452412486076355,0.0;1.0,0.0,0.0,0.0
0.26;-2.7418136596679688e-06,0.006299935281276703,0.0;1.0,0.0,0.0,0.0
0.27;-2.9802322387695312e-06,0.006771296262741089,0.0;1.0,0.0,0.0,0.0
0.28;-3.159046173095703e-06,0.007259294390678406,0.0;1.0,0.0,0.0,0.0
0.29;-3.337860107421875e-06,0.007763899862766266,0.0;1.0,0.0,0.0,0.0
0.3;-3.5762786865234375e-06,0.008285067975521088,0.0;1.0,0.0,0.0,0.0
0.31;-3.814697265625e-06,0.00882277637720108,0.0;1.0,0.0,0.0,0.0
0.32;-4.0531158447265625e-06,0.009376972913742065,0.0;1.0,0.0,0.0,0.0
0.33;-4.291534423828125e-06,0.009947635233402252,0.0;1.0,0.0,0.0,0.0
0.34;-4.5299530029296875e-06,0.010534726083278656,0.0;1.0,0.0,0.0,0.0
0.35;-4.76837158203125e-06,0.011138200759887695,0.0;1.0,0.0,0.0,0.0
0.36;-5.066394805908203e-06,0.011758044362068176,0.0;1.0,0.0,0.0,0.0
0.37;-5.304813385009766e-06,0.012394197285175323,0.0;1.0,0.0,0.0,0.0
0.38;-5.543231964111328e-06,0.013046637177467346,0.0;1.0,0.0,0.0,0.0
0.39;-5.841255187988281e-06,0.013715334236621857,0.0;1.0,0.0,0.0,0.0
0.4;-6.079673767089844e-06,0.014400243759155273,0.0;1.0,0.0,0.0,0.0
0.41;-6.377696990966797e-06,0.015101328492164612,0.0;1.0,0.0,0.0,0.0
0.42;-6.67572021484375e-06,0.01581856608390808,0.0;1.0,0.0,0.0,0.0
0.43;-6.973743438720703e-06,0.0165519118309021,0.0;1.0,0.0,0.0,0.0
0.44;-7.212162017822266e-06,0.017301321029663086,0.0;1.0,0.0,0.0,0.0
0.45;-7.510185241699219e-06,0.018066778779029846,0.0;1.0,0.0,0.0,0.0
0.46;-7.867813110351562e-06,0.0188482403755188,0.0;1.0,0.0,0.0,0.0
0.47;-8.106231689453125e-06,0.01964566856622696,0.0;1.0,0.0,0.0,0.0
0.48;-8.463859558105469e-06,0.020459026098251343,0.0;1.0,0.0,0.0,0.0
0.49;-8.821487426757812e-06,0.02128829061985016,0.0;1.0,0.0,0.0,0.0
0.5;-9.119510650634766e-06,0.02213340997695923,0.0;1.0,0.0,0.0,0.0
0.51;-9.417533874511719e-06,0.022994354367256165,0.0;1.0,0.0,0.0,0.0
0.52;-9.775161743164062e-06,0.023871101438999176,0.0;1.0,0.0,0.0,0.0
0.53;-1.0132789611816406e-05,0.024763599038124084,0.0;1.0,0.0,0.0,0.0
0.54;-1.043081283569336e-05,0.025671817362308502,0.0;1.0,0.0,0.0,0.0
0.55;-1.0788440704345703e-05,0.026595719158649445,0.0;1.0,0.0,0.0,0.0
0.56;-1.1146068572998047e-05,0.02753528207540512,0.0;1.0,0.0,0.0,0.0
0.57;-1.150369644165039e-05,0.028490453958511353,0.0;1.0,0.0,0.0,0.0
0.58;-1.1861324310302734e-05,0.029461205005645752,0.0;1.0,0.0,0.0,0.0
0.59;-1.2218952178955078e-05,0.03044750541448593,0.0;1.0,0.0,0.0,0.0
0.6;-1.2576580047607422e-05,0.031449317932128906,0.0;1.0,0.0,0.0,0.0
0.61;-1.2934207916259766e-05,0.03246660530567169,0.0;1.0,0.0,0.0,0.0
0.62;-1.33514404296875e-05,0.03349932283163071,0.0;1.0,0.0,0.0,0.0
0.63;-1.3709068298339844e-05,0.03454745560884476,0.0;1.0,0.0,0.0,0.0
0.64;-1.4066696166992188e-05,0.035610951483249664,0.0;1.0,0.0,0.0,0.0
0.65;-1.4424324035644531e-05,0.03668978065252304,0.0;1.0,0.0,0.0,0.0
0.66;-1.4901161193847656e-05,0.0377839058637619,0.0;1.0,0.0,0.0,0.0
0.67;-1.52587890625e-05,0.038893312215805054,0.0;1.0,0.0,0.0,0.0
0.68;-1.5616416931152344e-05,0.04001791775226593,0.0;1.0,0.0,0.0,0.0
0.69;-1.6033649444580078e-05,0.041157737374305725,0.0;1.0,0.0,0.0,0.0
0.7;-1.6450881958007812e-05,0.04231271147727966,0.0;1.0,0.0,0.0,0.0
0.71;-1.6868114471435547e-05,0.043482810258865356,0.0;1.0,0.0,0.0,0.0
0.72;-1.728534698486328e-05,0.044667989015579224,0.0;1.0,0.0,0.0,0.0
0.73;-1.7642974853515625e-05,0.045868225395679474,0.0;1.0,0.0,0.0,0.0
0.74;-1.806020736694336e-05,0.047083474695682526,0.0;1.0,0.0,0.0,0.0
0.75;-1.8537044525146484e-05,0.048313699662685394,0.0;1.0,0.0,0.0,0.0
0.76;-1.8894672393798828e-05,0.04955888167023659,0.0;1.0,0.0,0.0,0.0
0.77;-1.9311904907226562e-05,0.050818976014852524,0.0;1.0,0.0,0.0,0.0
0.78;-1.9729137420654297e-05,0.05209394544363022,0.0;1.0,0.0,0.0,0.0
0.79;-2.0205974578857422e-05,0.05338374152779579,0.0;1.0,0.0,0.0,0.0
0.8;-2.0623207092285156e-05,0.054688356816768646,0.0;1.0,0.0,0.0,0.0
0.81;-2.104043960571289e-05,0.056007739156484604,0.0;1.0,0.0,0.0,0.0
0.82;-2.1457672119140625e-05,0.05734185501933098,0.0;1.0,0.0,0.0,0.0
0.83;-2.187490463256836e-05,0.05869065970182419,0.0;1.0,0.0,0.0,0.0
0.84;-2.2351741790771484e-05,0.060054149478673935,0.0;1.0,0.0,0.0,0.0
0.85;-2.276897430419922e-05,0.06143225356936455,0.0;1.0,0.0,0.0,0.0
0.86;-2.3245811462402344e-05,0.06282494962215424,0.0;1.0,0.0,0.0,0.0
0.87;-2.3663043975830078e-05,0.06423220038414001,0.0;1.0,0.0,0.0,0.0
0.88;-2.4080276489257812e-05,0.06565399467945099,0.0;1.0,0.0,0.0,0.0
0.89;-2.4497509002685547e-05,0.06709025800228119,0.0;1.0,0.0,0.0,0.0
0.9;-2.4974346160888672e-05,0.06854097545146942,0.0;1.0,0.0,0.0,0.0
0.91;-2.5451183319091797e-05,0.0700061172246933,0.0;1.0,0.0,0.0,0.0
0.92;-2.586841583251953e-05,0.07148563861846924,0.0;1.0,0.0,0.0,0.0
0.93;-2.6345252990722656e-05,0.07297952473163605,0.0;1.0,0.0,0.0,0.0
0.94;-2.676248550415039e-05,0.07448770105838776,0.0;1.0,0.0,0.0,0.0
0.95;-2.7298927307128906e-05,0.07601015269756317,0.0;1.0,0.0,0.0,0.0
0.96;-2.771615982055664e-05,0.0775468498468399,0.0;1.0,0.0,0.0,0.0
0.97;-2.8192996978759766e-05,0.07909776270389557,0.0;1.0,0.0,0.0,0.0
0.98;-2.86102294921875e-05,0.0806628167629242,0.0;1.0,0.0,0.0,0.0
0.99;-2.9087066650390625e-05,0.08224204182624817,0.0;1.0,0.0,0.0,0.0
1.0;-2.956390380859375e-05,0.08383534848690033,0.0;1.0,0.0,0.0,0.0
1.01;-3.0040740966796875e-05,0.08544272184371948,0.0;1.0,0.0,0.0,0.0
1.02;-3.045797348022461e-05,0.08706413209438324,0.0;1.0,0.0,0.0,0.0
1.03;-3.0934810638427734e-05,0.08869953453540802,0.0;1.0,0.0,0.0,0.0
1.04;-3.141164779663086e-05,0.09034889936447144,0.0;1.0,0.0,0.0,0.0
1.05;-3.1828880310058594e-05,0.09201216697692871,0.0;1.0,0.0,0.0,0.0
1.06;-3.230571746826172e-05,0.09368933737277985,0.0;1.0,0.0,0.0,0.0
1.07;-3.2782554626464844e-05,0.09538036584854126,0.0;1.0,0.0,0.0,0.0
1.08;-3.325939178466797e-05,0.09708520770072937,0.0;1.0,0.0,0.0,0.0
1.09;-3.3736228942871094e-05,0.09880382567644119,0.0;1.0,0.0,0.0,0.0
1.1;-3.421306610107422e-05,0.10053621232509613,0.0;1.0,0.0,0.0,0.0
1.11;-3.4689903259277344e-05,0.10228229314088821,0.0;1.0,0.0,0.0,0.0
1.12;-3.516674041748047e-05,0.10404206067323685,0.0;1.0,0.0,0.0,0.0
1.13;-3.55839729309082e-05,0.10581545531749725,0.0;1.0,0.0,0.0,0.0
1.14;-3.606081008911133e-05,0.10760246962308884,0.0;1.0,0.0,0.0,0.0
1.15;-3.653764724731445e-05,0.10940305143594742,0.0;1.0,0.0,0.0,0.0
1.16;-3.701448440551758e-05,0.11121717095375061,0.0;1.0,0.0,0.0,0.0
1.17;-3.743171691894531e-05,0.11304478347301483,0.0;1.0,0.0,0.0,0.0
1.18;-3.790855407714844e-05,0.11488587409257889,0.0;1.0,0.0,0.0,0.0
1.19;-3.838539123535156e-05,0.1167403906583786,0.0;1.0,0.0,0.0,0.0
1.2;-3.886222839355469e-05,0.11860831081867218,0.0;1.0,0.0,0.0,0.0
1.21;-3.933906555175781e-05,0.12048958241939545,0.0;1.0,0.0,0.0,0.0
1.22;-3.981590270996094e-05,0.12238416820764542,0.0;1.0,0.0,0.0,0.0
1.23;-4.023313522338867e-05,0.1242920532822609,0.0;1.0,0.0,0.0,0.0
1.24;-4.07099723815918e-05,0.1262131780385971,0.0;1.0,0.0,0.0,0.0
1.25;-4.112720489501953e-05,0.12814752757549286,0.0;1.0,0.0,0.0,0.0
1.26;-4.1604042053222656e-05,0.13009509444236755,0.0;1.0,0.0,0.0,0.0
1.27;-4.214048385620117e-05,0.13205580413341522,0.0;1.0,0.0,0.0,0.0
1.28;-4.2498111724853516e-05,0.1340295821428299,0.0;1.0,0.0,0.0,0.0
1.29;-4.297494888305664e-05,0.13601647317409515,0.0;1.0,0.0,0.0,0.0
1.3;-4.3451786041259766e-05,0.13801637291908264,0.0;1.0,0.0,0.0,0.0
1.31;-4.392862319946289e-05,0.14002931118011475,0.0;1.0,0.0,0.0,0.0
1.32;-4.4345855712890625e-05,0.1420551985502243,0.0;1.0,0.0,0.0,0.0
1.33;-4.482269287109375e-05,0.1440940648317337,0.0;1.0,0.0,0.0,0.0
1.34;-4.5239925384521484e-05,0.1461457908153534,0.0;1.0,0.0,0.0,0.0
1.35;-4.571676254272461e-05,0.14821042120456696,0.0;1.0,0.0,0.0,0.0
1.36;-4.6193599700927734e-05,0.15028786659240723,0.0;1.0,0.0,0.0,0.0
1.37;-4.661083221435547e-05,0.15237806737422943,0.0;1.0,0.0,0.0,0.0
1.38;-4.7087669372558594e-05,0.15448108315467834,0.0;1.0,0.0,0.0,0.0
1.39;-4.750490188598633e-05,0.15659679472446442,0.0;1.0,0.0,0.0,0.0
1.4;-4.798173904418945e-05,0.15872521698474884,0.0;1.0,0.0,0.0,0.0
1.41;-4.83393669128418e-05,0.16086629033088684,0.0;1.0,0.0,0.0,0.0
1.42;-4.881620407104492e-05,0.16301997005939484,0.0;1.0,0.0,0.0,0.0
1.43;-4.9233436584472656e-05,0.16518625617027283,0.0;1.0,0.0,0.0,0.0
1.44;-4.971027374267578e-05,0.16736508905887604,0.0;1.0,0.0,0.0,0.0
1.45;-5.0127506256103516e-05,0.1695563793182373,0.0;1.0,0.0,0.0,0.0
1.46;-5.048513412475586e-05,0.1717602014541626,0.0;1.0,0.0,0.0,0.0
1.47;-5.0961971282958984e-05,0.17397645115852356,0.0;1.0,0.0,0.0,0.0
1.48;-5.137920379638672e-05,0.176205113530159,0.0;1.0,0.0,0.0,0.0
1.49;-5.179643630981445e-05,0.17844615876674652,0.0;1.0,0.0,0.0,0.0
1.5;-5.221366882324219e-05,0.18069952726364136,0.0;1.0,0.0,0.0,0.0
1.51;-5.263090133666992e-05,0.1829652190208435,0.0;1.0,0.0,0.0,0.0
1.52;-5.3048133850097656e-05,0.1852431297302246,0.0;1.0,0.0,0.0,0.0
1.53;-5.346536636352539e-05,0.18753328919410706,0.0;1.0,0.0,0.0,0.0
1.54;-5.3822994232177734e-05,0.18983565270900726,0.0;1.0,0.0,0.0,0.0
1.55;-5.424022674560547e-05,0.19215023517608643,0.0;1.0,0.0,0.0,0.0
1.56;-5.459785461425781e-05,0.1944768875837326,0.0;1.0,0.0,0.0,0.0
1.57;-5.501508712768555e-05,0.19681565463542938,0.0;1.0,0.0,0.0,0.0
1.58;-5.543231964111328e-05,0.1991664618253708,0.0;1.0,0.0,0.0,0.0
1.59;-5.5789947509765625e-05,0.20152929425239563,0.0;1.0,0.0,0.0,0.0
1.6;-5.620718002319336e-05,0.20390404760837555,0.0;1.0,0.0,0.0,0.0
1.61;-5.65648078918457e-05,0.2062908113002777,0.0;1.0,0.0,0.0,0.0
1.62;-5.692243576049805e-05,0.20868949592113495,0.0;1.0,0.0,0.0,0.0
1.63;-5.733966827392578e-05,0.21110010147094727,0.0;1.0,0.0,0.0,0.0
1.64;-5.7697296142578125e-05,0.21352247893810272,0.0;1.0,0.0,0.0,0.0
1.65;-5.811452865600586e-05,0.2159566879272461,0.0;1.0,0.0,0.0,0.0
1.66;-5.84721565246582e-05,0.2184026688337326,0.0;1.0,0.0,0.0,0.0
1.67;-5.8770179748535156e-05,0.2208603322505951,0.0;1.0,0.0,0.0,0.0
1.68;-5.91278076171875e-05,0.2233298122882843,0.0;1.0,0.0,0.0,0.0
1.69;-5.9545040130615234e-05,0.22581085562705994,0.0;1.0,0.0,0.0,0.0
1.7;-5.984306335449219e-05,0.22830364108085632,0.0;1.0,0.0,0.0,0.0
1.71;-6.020069122314453e-05,0.23080793023109436,0.0;1.0,0.0,0.0,0.0
1.72;-6.0558319091796875e-05,0.2333238422870636,0.0;1.0,0.0,0.0,0.0
1.73;-6.085634231567383e-05,0.2358512282371521,0.0;1.0,0.0,0.0,0.0
1.74;-6.121397018432617e-05,0.23839011788368225,0.0;1.0,0.0,0.0,0.0
1.75;-6.151199340820312e-05,0.24094046652317047,0.0;1.0,0.0,0.0,0.0
1.76;-6.186962127685547e-05,0.24350227415561676,0.0;1.0,0.0,0.0,0.0
1.77;-6.210803985595703e-05,0.24607542157173157,0.0;1.0,0.0,0.0,0.0
1.78;-6.246566772460938e-05,0.24865993857383728,0.0;1.0,0.0,0.0,0.0
1.79;-6.276369094848633e-05,0.25125575065612793,0.0;1.0,0.0,0.0,0.0
1.8;-6.306171417236328e-05,0.2538629174232483,0.0;1.0,0.0,0.0,0.0
1.81;-6.335973739624023e-05,0.25648123025894165,0.0;1.0,0.0,0.0,0.0
1.82;-6.365776062011719e-05,0.25911080837249756,0.0;1.0,0.0,0.0,0.0
1.83;-6.395578384399414e-05,0.26175153255462646,0.0;1.0,0.0,0.0,0.0
1.84;-6.41942024230957e-05,0.26440346240997314,0.0;1.0,0.0,0.0,0.0
1.85;-6.449222564697266e-05,0.26706641912460327,0.0;1.0,0.0,0.0,0.0
1.86;-6.479024887084961e-05,0.2697404623031616,0.0;1.0,0.0,0.0,0.0
1.87;-6.502866744995117e-05,0.2724255323410034,0.0;1.0,0.0,0.0,0.0
1.88;-6.532669067382812e-05,0.27512162923812866,0.0;1.0,0.0,0.0,0.0
1.89;-6.556510925292969e-05,0.2778286933898926,0.0;1.0,0.0,0.0,0.0
1.9;-6.580352783203125e-05,0.2805466055870056,0.0;1.0,0.0,0.0,0.0
1.91;-6.604194641113281e-05,0.2832755446434021,0.0;1.0,0.0,0.0,0.0
1.92;-6.628036499023438e-05,0.28601521253585815,0.0;1.0,0.0,0.0,0.0
1.93;-6.651878356933594e-05,0.28876572847366333,0.0;1.0,0.0,0.0,0.0
1.94;-6.67572021484375e-05,0.2915271520614624,0.0;1.0,0.0,0.0,0.0
1.95;-6.693601608276367e-05,0.2942991852760315,0.0;1.0,0.0,0.0,0.0
1.96;-6.717443466186523e-05,0.29708200693130493,0.0;1.0,0.0,0.0,0.0
1.97;-6.74128532409668e-05,0.2998754382133484,0.0;1.0,0.0,0.0,0.0
1.98;-6.759166717529297e-05,0.3026795983314514,0.0;1.0,0.0,0.0,0.0
1.99;-6.777048110961914e-05,0.3054943084716797,0.0;1.0,0.0,0.0,0.0
2.0;-6.794929504394531e-05,0.308319628238678,0.0;1.0,0.0,0.0,0.0
2.01;-6.812810897827148e-05,0.3111554980278015,0.0;1.0,0.0,0.0,0.0
2.02;-6.830692291259766e-05,0.3140019178390503,0.0;1.0,0.0,0.0,0.0
2.03;-6.842613220214844e-05,0.31685870885849,0.0;1.0,0.0,0.0,0.0
2.04;-6.866455078125e-05,0.31972599029541016,0.0;1.0,0.0,0.0,0.0
2.05;-6.878376007080078e-05,0.32260358333587646,0.0;1.0,0.0,0.0,0.0
2.06;-6.896257400512695e-05,0.32549160718917847,0.0;1.0,0.0,0.0,0.0
2.07;-6.908178329467773e-05,0.3283899426460266,0.0;1.0,0.0,0.0,0.0
2.08;-6.920099258422852e-05,0.3312985897064209,0.0;1.0,0.0,0.0,0.0
2.09;-6.93202018737793e-05,0.33421748876571655,0.0;1.0,0.0,0.0,0.0
2.1;-6.943941116333008e-05,0.3371466398239136,0.0;1.0,0.0,0.0,0.0
2.11;-6.961822509765625e-05,0.3400859832763672,0.0;1.0,0.0,0.0,0.0
2.12;-6.967782974243164e-05,0.34303539991378784,0.0;1.0,0.0,0.0,0.0
2.13;-6.979703903198242e-05,0.3459950089454651,0.0;1.0,0.0,0.0,0.0
2.14;-6.985664367675781e-05,0.3489646315574646,0.0;1.0,0.0,0.0,0.0
2.15;-6.99758529663086e-05,0.35194432735443115,0.0;1.0,0.0,0.0,0.0
2.16;-7.003545761108398e-05,0.35493409633636475,0.0;1.0,0.0,0.0,0.0
2.17;-7.009506225585938e-05,0.35793375968933105,0.0;1.0,0.0,0.0,0.0
2.18;-7.015466690063477e-05,0.36094343662261963,0.0;1.0,0.0,0.0,0.0
2.19;-7.021427154541016e-05,0.36396297812461853,0.0;1.0,0.0,0.0,0.0
2.2;-7.027387619018555e-05,0.36699235439300537,0.0;1.0,0.0,0.0,0.0
2.21;-7.033348083496094e-05,0.37003159523010254,0.0;1.0,0.0,0.0,0.0
2.22;-7.033348083496094e-05,0.37308064103126526,0.0;1.0,0.0,0.0,0.0
2.23;-7.039308547973633e-05,0.37613940238952637,0.0;1.0,0.0,0.0,0.0
2.24;-7.039308547973633e-05,0.3792080581188202,0.0;1.0,0.0,0.0,0.0
2.25;-7.039308547973633e-05,0.38221585750579834,0.0;1.0,0.0,0.0,0.0
2.26;-0.0004754066467285156,0.38489872217178345,0.0;1.0,0.0,0.0,0.0
2.27;-0.0032306313514709473,0.3852410316467285,0.0;1.0,0.0,0.0,0.0
2.28;-0.006337642669677734,0.3852410316467285,0.0;1.0,0.0,0.0,0.0
2.29;-0.00945436954498291,0.3852410316467285,0.0;1.0,0.0,0.0,0.0
2.3;-0.012580513954162598,0.3852410316467285,0.0;1.0,0.0,0.0,0.0
2.31;-0.015716254711151123,0.3852410316467285,0.0;1.0,0.0,0.0,0.0
2.32;-0.01886129379272461,0.3852410316467285,0.0;1.0,0.0,0.0,0.0
2.33;-0.022015810012817383,0.3852410316467285,0.0;1.0,0.0,0.0,0.0
2.34;-0.025179743766784668,0.3852410316467285,0.0;1.0,0.0,0.0,0.0
2.35;-0.028352856636047363,0.3852410316467285,0.0;1.0,0.0,0.0,0.0
2.36;-0.031535446643829346,0.3852410316467285,0.0;1.0,0.0,0.0,0.0
2.37;-0.034727275371551514,0.3852410316467285,0.0;1.0,0.0,0.0,0.0
2.38;-0.03792834281921387,0.3852410316467285,0.0;1.0,0.0,0.0,0.0
2.39;-0.04113858938217163,0.3852410316467285,0.0;1.0,0.0,0.0,0.0
2.4;-0.044358015060424805,0.3852410316467285,0.0;1.0,0.0,0.0,0.0
2.41;-0.04758650064468384,0.3852410316467285,0.0;1.0,0.0,0.0,0.0
2.42;-0.05082416534423828,0.3852410316467285,0.0;1.0,0.0,0.0,0.0
2.43;-0.054070889949798584,0.3852410316467285,0.0;1.0,0.0,0.0,0.0
2.44;-0.05732661485671997,0.3852410316467285,0.0;1.0,0.0,0.0,0.0
2.45;-0.06059122085571289,0.3852410316467285,0.0;1.0,0.0,0.0,0.0
2.46;-0.06386494636535645,0.3852410316467285,0.0;1.0,0.0,0.0,0.0
2.47;-0.06714755296707153,0.3852410316467285,0.0;1.0,0.0,0.0,0.0
2.48;-0.07043898105621338,0.3852410316467285,0.0;1.0,0.0,0.0,0.0
2.49;-0.07373929023742676,0.3852410316467285,0.0;1.0,0.0,0.0,0.0
2.5;-0.0770484209060669,0.3852410316467285,0.0;1.0,0.0,0.0,0.0
2.51;-0.08036631345748901,0.3852410316467285,0.0;1.0,0.0,0.0,0.0
2.52;-0.08369296789169312,0.3852410316467285,0.0;1.0,0.0,0.0,0.0
2.53;-0.08702826499938965,0.3852410316467285,0.0;1.0,0.0,0.0,0.0
2.54;-0.09037226438522339,0.3852410316467285,0.0;1.0,0.0,0.0,0.0
2.55;-0.09372496604919434,0.3852410316467285,0.0;1.0,0.0,0.0,0.0
2.56;-0.09708625078201294,0.3852410316467285,0.0;1.0,0.0,0.0,0.0
2.57;-0.10045605897903442,0.3852410316467285,0.0;1.0,0.0,0.0,0.0
2.58;-0.10383445024490356,0.3852410316467285,0.0;1.0,0.0,0.0,0.0
2.59;-0.10722130537033081,0.3852410316467285,0.0;1.0,0.0,0.0,0.0
2.6;-0.11061656475067139,0.3852410316467285,0.0;1.0,0.0,0.0,0.0
2.61;-0.11402028799057007,0.3852410316467285,0.0;1.0,0.0,0.0,0.0
2.62;-0.11743241548538208,0.3852410316467285,0.0;1.0,0.0,0.0,0.0
2.63;-0.12085288763046265,0.3852410316467285,0.0;1.0,0.0,0.0,0.0
2.64;-0.12428170442581177,0.3852410316467285,0.0;1.0,0.0,0.0,0.0
2.65;-0.1277187466621399,0.3852410316467285,0.0;1.0,0.0,0.0,0.0
2.66;-0.13116413354873657,0.3852410316467285,0.0;1.0,0.0,0.0,0.0
2.67;-0.1346176564693451,0.3852410316467285,0.0;1.0,0.0,0.0,0.0
2.68;-0.13807955384254456,0.3852410316467285,0.0;1.0,0.0,0.0,0.0
2.69;-0.14154931902885437,0.3852410316467285,0.0;1.0,0.0,0.0,0.0
2.7;-0.14502719044685364,0.3852410316467285,0.0;1.0,0.0,0.0,0.0
2.71;-0.14851322770118713,0.3852410316467285,0.0;1.0,0.0,0.0,0.0
2.72;-0.1520073115825653,0.3852410316467285,0.0;1.0,0.0,0.0,0.0
2.73;-0.15550944209098816,0.3852410316467285,0.0;1.0,0.0,0.0,0.0
2.74;-0.15901947021484375,0.3852410316467285,0.0;1.0,0.0,0.0,0.0
2.75;-0.16253751516342163,0.3852410316467285,0.0;1.0,0.0,0.0,0.0
2.76;-0.1660633385181427,0.3852410316467285,0.0;1.0,0.0,0.0,0.0
2.77;-0.1695970594882965,0.3852410316467285,0.0;1.0,0.0,0.0,0.0
2.78;-0.17313864827156067,0.3852410316467285,0.0;1.0,0.0,0.0,0.0
2.79;-0.17668798565864563,0.3852410316467285,0.0;1.0,0.0,0.0,0.0
2.8;-0.18024516105651855,0.3852410316467285,0.0;1.0,0.0,0.0,0.0
2.81;-0.18380990624427795,0.3852410316467285,0.0;1.0,0.0,0.0,0.0
2.82;-0.18738240003585815,0.3852410316467285,0.0;1.0,0.0,0.0,0.0
2.83;-0.19096264243125916,0.3852410316467285,0.0;1.0,0.0,0.0,0.0
2.84;-0.19455042481422424,0.3852410316467285,0.0;1.0,0.0,0.0,0.0
2.85;-0.19814571738243103,0.3852410316467285,0.0;1.0,0.0,0.0,0.0
2.86;-0.20174863934516907,0.3852410316467285,0.0;1.0,0.0,0.0,0.0
2.87;-0.20535913109779358,0.3852410316467285,0.0;1.0,0.0,0.0,0.0
2.88;-0.20897695422172546,0.3852410316467285,0.0;1.0,0.0,0.0,0.0
2.89;-0.21260225772857666,0.3852410316467285,0.0;1.0,0.0,0.0,0.0
2.9;-0.21623489260673523,0.3852410316467285,0.0;1.0,0.0,0.0,0.0
2.91;-0.21987506747245789,0.3852410316467285,0.0;1.0,0.0,0.0,0.0
2.92;-0.22352251410484314,0.3852410316467285,0.0;1.0,0.0,0.0,0.0
2.93;-0.22717717289924622,0.3852410316467285,0.0;1.0,0.0,0.0,0.0
2.94;-0.23083916306495667,0.3852410316467285,0.0;1.0,0.0,0.0,0.0
2.95;-0.2345084249973297,0.3852410316467285,0.0;1.0,0.0,0.0,0.0
2.96;-0.2381848394870758,0.3852410316467285,0.0;1.0,0.0,0.0,0.0
2.97;-0.2418682873249054,0.3852410316467285,0.0;1.0,0.0,0.0,0.0
2.98;-0.24555906653404236,0.3852410316467285,0.0;1.0,0.0,0.0,0.0
2.99;-0.24925673007965088,0.3852410316467285,0.0;1.0,0.0,0.0,0.0
3.0;-0.25296151638031006,0.3852410316467285,0.0;1.0,0.0,0.0,0.0
3.01;-0.2566733658313751,0.3852410316467285,0.0;1.0,0.0,0.0,0.0
3.02;-0.2603921592235565,0.3852410316467285,0.0;1.0,0.0,0.0,0.0
3.03;-0.2641180157661438,0.3852410316467285,0.0;1.0,0.0,0.0,0.0
3.04;-0.26785051822662354,0.3852410316467285,0.0;1.0,0.0,0.0,0.0
3.05;-0.2715901732444763,0.3852410316467285,0.0;1.0,0.0,0.0,0.0
3.06;-0.27533647418022156,0.3852410316467285,0.0;1.0,0.0,0.0,0.0
3.07;-0.27908971905708313,0.3852410316467285,0.0;1.0,0.0,0.0,0.0
3.08;-0.28284958004951477,0.3852410316467285,0.0;1.0,0.0,0.0,0.0
3.09;-0.2866162061691284,0.3852410316467285,0.0;1.0,0.0,0.0,0.0
3.1;-0.29038962721824646,0.3852410316467285,0.0;1.0,0.0,0.0,0.0
3.11;-0.2941696047782898,0.3852410316467285,0.0;1.0,0.0,0.0,0.0
3.12;-0.2979564070701599,0.3852410316467285,0.0;1.0,0.0,0.0,0.0
3.13;-0.301749587059021,0.3852410316467285,0.0;1.0,0.0,0.0,0.0
3.14;-0.30554941296577454,0.3852410316467285,0.0;1.0,0.0,0.0,0.0
3.15;-0.309355765581131,0.3852410316467285,0.0;1.0,0.0,0.0,0.0
3.16;-0.3131684958934784,0.3852410316467285,0.0;1.0,0.0,0.0,0.0
3.17;-0.3169877827167511,0.3852410316467285,0.0;1.0,0.0,0.0,0.0
3.18;-0.32081347703933716,0.3852410316467285,0.0;1.0,0.0,0.0,0.0
3.19;-0.3246455192565918,0.3852410316467285,0.0;1.0,0.0,0.0,0.0
3.2;-0.328483909368515,0.3852410316467285,0.0;1.0,0.0,0.0,0.0
3.21;-0.332328736782074,0.3852410316467285,0.0;1.0,0.0,0.0,0.0
3.22;-0.3361797332763672,0.3852410316467285,0.0;1.0,0.0,0.0,0.0
3.23;-0.3400368094444275,0.3852410316467285,0.0;1.0,0.0,0.0,0.0
3.24;-0.3439003825187683,0.3852410316467285,0.0;1.0,0.0,0.0,0.0
3.25;-0.3477698862552643,0.3852410316467285,0.0;1.0,0.0,0.0,0.0
3.26;-0.35164570808410645,0.3852410316467285,0.0;1.0,0.0,0.0,0.0
3.27;-0.35552752017974854,0.3852410316467285,0.0;1.0,0.0,0.0,0.0
3.28;-0.3594154715538025,0.3852410316467285,0.0;1.0,0.0,0.0,0.0
3.29;-0.3633092939853668,0.3852410316467285,0.0;1.0,0.0,0.0,0.0
3.3;-0.36720937490463257,0.3852410316467285,0.0;1.0,0.0,0.0,0.0
3.31;-0.37111514806747437,0.3852410316467285,0.0;1.0,0.0,0.0,0.0
3.32;-0.3750268220901489,0.3852410316467285,0.0;1.0,0.0,0.0,0.0
3.33;-0.37894460558891296,0.3852410316467285,0.0;1.0,0.0,0.0,0.0
3.34;-0.3828679919242859,0.3852410316467285,0.0;1.0,0.0,0.0,0.0
3.35;-0.3867974579334259,0.3852410316467285,0.0;1.0,0.0,0.0,0.0
3.36;-0.3907325267791748,0.3852410316467285,0.0;1.0,0.0,0.0,0.0
3.37;-0.3946734666824341,0.3852410316467285,0.0;1.0,0.0,0.0,0.0
3.38;-0.39861997961997986,0.3852410316467285,0.0;1.0,0.0,0.0,0.0
3.39;-0.40257227420806885,0.3852410316467285,0.0;1.0,0.0,0.0,0.0
3.4;-0.4065302610397339,0.3852410316467285,0.0;1.0,0.0,0.0,0.0
3.41;-0.4104938507080078,0.3852410316467285,0.0;1.0,0.0,0.0,0.0
3.42;-0.4144628047943115,0.3852410316467285,0.0;1.0,0.0,0.0,0.0
3.43;-0.4184373617172241,0.3852410316467285,0.0;1.0,0.0,0.0,0.0
3.44;-0.4224177300930023,0.3852410316467285,0.0;1.0,0.0,0.0,0.0
3.45;-0.42640313506126404,0.3852410316467285,0.0;1.0,0.0,0.0,0.0
3.46;-0.43039408326148987,0.3852410316467285,0.0;1.0,0.0,0.0,0.0
3.47;-0.43439045548439026,0.3852410316467285,0.0;1.0,0.0,0.0,0.0
3.48;-0.43839243054389954,0.3852410316467285,0.0;1.0,0.0,0.0,0.0
3.49;-0.44239944219589233,0.3852410316467285,0.0;1.0,0.0,0.0,0.0
3.5;-0.44641172885894775,0.3852410316467285,0.0;1.0,0.0,0.0,0.0
3.51;-0.45042943954467773,0.3852410316467285,0.0;1.0,0.0,0.0,0.0
3.52;-0.4544520378112793,0.3852410316467285,0.0;1.0,0.0,0.0,0.0
3.53;-0.4584803283214569,0.3852410316467285,0.0;1.0,0.0,0.0,0.0
3.54;-0.46251335740089417,0.3852410316467285,0.0;1.0,0.0,0.0,0.0
3.55;-0.46655163168907166,0.3852410316467285,0.0;1.0,0.0,0.0,0.0
3.56;-0.4705950617790222,0.3852410316467285,0.0;1.0,0.0,0.0,0.0
3.57;-0.4746434986591339,0.3852410316467285,0.0;1.0,0.0,0.0,0.0
3.58;-0.4786968529224396,0.3852410316467285,0.0;1.0,0.0,0.0,0.0
3.59;-0.48275500535964966,0.3852410316467285,0.0;1.0,0.0,0.0,0.0
3.6;-0.4868185222148895,0.3852410316467285,0.0;1.0,0.0,0.0,0.0
3.61;-0.4908866882324219,0.3852410316467285,0.0;1.0,0.0,0.0,0.0
3.62;-0.4949597120285034,0.3852410316467285,0.0;1.0,0.0,0.0,0.0
3.63;-0.4990377128124237,0.3852410316467285,0.0;1.0,0.0,0.0,0.0
3.64;-0.5031203031539917,0.3852410316467285,0.0;1.0,0.0,0.0,0.0
3.65;-0.5072078704833984,0.3852410316467285,0.0;1.0,0.0,0.0,0.0
3.66;-0.5112998485565186,0.3852410316467285,0.0;1.0,0.0,0.0,0.0
3.67;-0.5153968930244446,0.3852410316467285,0.0;1.0,0.0,0.0,0.0
3.68;-0.5194982886314392,0.3852410316467285,0.0;1.0,0.0,0.0,0.0
3.69;-0.5236044526100159,0.3852410316467285,0.0;1.0,0.0,0.0,0.0
3.7;-0.5277152061462402,0.3852410316467285,0.0;1.0,0.0,0.0,0.0
3.71;-0.531830370426178,0.3852410316467285,0.0;1.0,0.0,0.0,0.0
3.72;-0.535950243473053,0.3852410316467285,0.0;1.0,0.0,0.0,0.0
3.73;-0.5400744676589966,0.3852410316467285,0.0;1.0,0.0,0.0,0.0
3.74;-0.5442031621932983,0.3852410316467285,0.0;1.0,0.0,0.0,0.0
3.75;-0.5483362674713135,0.3852410316467285,0.0;1.0,0.0,0.0,0.0
3.76;-0.5524737238883972,0.3852410316467285,0.0;1.0,0.0,0.0,0.0
3.77;-0.55661541223526,0.3852410316467285,0.0;1.0,0.0,0.0,0.0
3.78;-0.5607616305351257,0.3852410316467285,0.0;1.0,0.0,0.0,0.0
3.79;-0.5649119019508362,0.3852410316467285,0.0;1.0,0.0,0.0,0.0
3.8;-0.5690666437149048,0.3852410316467285,0.0;1.0,0.0,0.0,0.0
3.81;-0.5732253789901733,0.3852410316467285,0.0;1.0,0.0,0.0,0.0
3.82;-0.577388346195221,0.3852410316467285,0.0;1.0,0.0,0.0,0.0
3.83;-0.5815554261207581,0.3852410316467285,0.0;1.0,0.0,0.0,0.0
3.84;-0.5857264995574951,0.3852410316467285,0.0;1.0,0.0,0.0,0.0
3.85;-0.5899018049240112,0.3852410316467285,0.0;1.0,0.0,0.0,0.0
3.86;-0.5940811634063721,0.3852410316467285,0.0;1.0,0.0,0.0,0.0
3.87;-0.5982642769813538,0.3852410316467285,0.0;1.0,0.0,0.0,0.0
3.88;-0.6024515628814697,0.3852410316467285,0.0;1.0,0.0,0.0,0.0
3.89;-0.6066426038742065,0.3852410316467285,0.0;1.0,0.0,0.0,0.0
3.9;-0.6108375191688538,0.3852410316467285,0.0;1.0,0.0,0.0,0.0
3.91;-0.6150363683700562,0.3852410316467285,0.0;1.0,0.0,0.0,0.0
3.92;-0.6192389130592346,0.3852410316467285,0.0;1.0,0.0,0.0,0.0
3.93;-0.6234452724456787,0.3852410316467285,0.0;1.0,0.0,0.0,0.0
3.94;-0.6276553273200989,0.3852410316467285,0.0;1.0,0.0,0.0,0.0
3.95;-0.6318693161010742,0.3852410316467285,0.0;1.0,0.0,0.0,0.0
3.96;-0.636086642742157,0.3852410316467285,0.0;1.0,0.0,0.0,0.0
3.97;-0.6403078436851501,0.3852410316467285,0.0;1.0,0.0,0.0,0.0
3.98;-0.6445324420928955,0.3852410316467285,0.0;1.0,0.0,0.0,0.0
3.99;-0.648760974407196,0.3852410316467285,0.0;1.0,0.0,0.0,0.0
4.0;-0.6529927253723145,0.3852410316467285,0.0;1.0,0.0,0.0,0.0
4.01;-0.6572278738021851,0.3852410316467285,0.0;1.0,0.0,0.0,0.0
4.02;-0.661466658115387,0.3852410316467285,0.0;1.0,0.0,0.0,0.0
4.03;-0.6657087802886963,0.3852410316467285,0.0;1.0,0.0,0.0,0.0
4.04;-0.6699545383453369,0.3852410316467285,0.0;1.0,0.0,0.0,0.0
4.05;-0.6742033362388611,0.3852410316467285,0.0;1.0,0.0,0.0,0.0
4.06;-0.6784555912017822,0.3852410316467285,0.0;1.0,0.0,0.0,0.0
4.07;-0.6827110052108765,0.3852410316467285,0.0;1.0,0.0,0.0,0.0
4.08;-0.6869696378707886,0.3852410316467285,0.0;1.0,0.0,0.0,0.0
4.09;-0.6912316083908081,0.3852410316467285,0.0;1.0,0.0,0.0,0.0
4.1;-0.6954968571662903,0.3852410316467285,0.0;1.0,0.0,0.0,0.0
4.11;-0.699765145778656,0.3852410316467285,0.0;1.0,0.0,0.0,0.0
4.12;-0.7040364146232605,0.3852410316467285,0.0;1.0,0.0,0.0,0.0
4.13;-0.7083106637001038,0.3852410316467285,0.0;1.0,0.0,0.0,0.0
4.14;-0.7125881314277649,0.3852410316467285,0.0;1.0,0.0,0.0,0.0
4.15;-0.7168685793876648,0.3852410316467285,0.0;1.0,0.0,0.0,0.0
4.16;-0.7211520671844482,0.3852410316467285,0.0;1.0,0.0,0.0,0.0
4.17;-0.7254384160041809,0.3852410316467285,0.0;1.0,0.0,0.0,0.0
4.18;-0.7297276258468628,0.3852410316467285,0.0;1.0,0.0,0.0,0.0
4.19;-0.7340196371078491,0.3852410316467285,0.0;1.0,0.0,0.0,0.0
4.2;-0.7383145689964294,0.3852410316467285,0.0;1.0,0.0,0.0,0.0
4.21;-0.7426122426986694,0.3852410316467285,0.0;1.0,0.0,0.0,0.0
4.22;-0.7469128370285034,0.3852410316467285,0.0;1.0,0.0,0.0,0.0
4.23;-0.7512158155441284,0.3852410316467285,0.0;1.0,0.0,0.0,0.0
4.24;-0.7555216550827026,0.3852410316467285,0.0;1.0,0.0,0.0,0.0
4.25;-0.7598302364349365,0.3852410316467285,0.0;1.0,0.0,0.0,0.0
4.26;-0.7641414403915405,0.3852410316467285,0.0;1.0,0.0,0.0,0.0
4.27;-0.7683005332946777,0.3850865364074707,0.0;1.0,0.0,0.0,0.0
4.28;-0.7704997062683105,0.38296961784362793,0.0;1.0,0.0,0.0,0.0
4.29;-0.7704997062683105,0.3786509037017822,0.0;1.0,0.0,0.0,0.0
4.3;-0.7704997062683105,0.37432968616485596,0.0;1.0,0.0,0.0,0.0
4.31;-0.7704997062683105,0.3700062036514282,0.0;1.0,0.0,0.0,0.0
4.32;-0.7704997062683105,0.3656802475452423,0.0;1.0,0.0,0.0,0.0
4.33;-0.7704997062683105,0.36135178804397583,0.0;1.0,0.0,0.0,0.0
4.34;-0.7704997062683105,0.3570209741592407,0.0;1.0,0.0,0.0,0.0
4.35;-0.7704997062683105,0.35268813371658325,0.0;1.0,0.0,0.0,0.0
4.36;-0.7704997062683105,0.34835284948349,0.0;1.0,0.0,0.0,0.0
4.37;-0.7704997062683105,0.34401553869247437,0.0;1.0,0.0,0.0,0.0
4.38;-0.7704997062683105,0.3396756649017334,0.0;1.0,0.0,0.0,0.0
4.39;-0.7704997062683105,0.33533406257629395,0.0;1.0,0.0,0.0,0.0
4.4;-0.7704997062683105,0.330990195274353,0.0;1.0,0.0,0.0,0.0
4.41;-0.7704997062683105,0.3266441226005554,0.0;1.0,0.0,0.0,0.0
4.42;-0.7704997062683105,0.3222962021827698,0.0;1.0,0.0,0.0,0.0
4.43;-0.7704997062683105,0.317946195602417,0.0;1.0,0.0,0.0,0.0
4.44;-0.7704997062683105,0.31359416246414185,0.0;1.0,0.0,0.0,0.0
4.45;-0.7704997062683105,0.3092402219772339,0.0;1.0,0.0,0.0,0.0
4.46;-0.7704997062683105,0.30488431453704834,0.0;1.0,0.0,0.0,0.0
4.47;-0.7704997062683105,0.30052685737609863,0.0;1.0,0.0,0.0,0.0
4.48;-0.7704997062683105,0.2961670160293579,0.0;1.0,0.0,0.0,0.0
4.49;-0.7704997062683105,0.29180580377578735,0.0;1.0,0.0,0.0,0.0
4.5;-0.7704997062683105,0.2874426245689392,0.0;1.0,0.0,0.0,0.0
4.51;-0.7704997062683105,0.28307783603668213,0.0;1.0,0.0,0.0,0.0
4.52;-0.7704997062683105,0.278711199760437,0.0;1.0,0.0,0.0,0.0
4.53;-0.7704997062683105,0.27434319257736206,0.0;1.0,0.0,0.0,0.0
4.54;-0.7704997062683105,0.2699732780456543,0.0;1.0,0.0,0.0,0.0
4.55;-0.7704997062683105,0.2656018137931824,0.0;1.0,0.0,0.0,0.0
4.56;-0.7704997062683105,0.2612290382385254,0.0;1.0,0.0,0.0,0.0
4.57;-0.7704997062683105,0.2568543553352356,0.0;1.0,0.0,0.0,0.0
4.58;-0.7704997062683105,0.25247853994369507,0.0;1.0,0.0,0.0,0.0
4.59;-0.7704997062683105,0.24810108542442322,0.0;1.0,0.0,0.0,0.0
4.6;-0.7704997062683105,0.24372242391109467,0.0;1.0,0.0,0.0,0.0
4.61;-0.7704997062683105,0.23934221267700195,0.0;1.0,0.0,0.0,0.0
4.62;-0.7704997062683105,0.2349606156349182,0.0;1.0,0.0,0.0,0.0
4.63;-0.7704997062683105,0.23057770729064941,0.0;1.0,0.0,0.0,0.0
4.64;-0.7704997062683105,0.22619378566741943,0.0;1.0,0.0,0.0,0.0
4.65;-0.7704997062683105,0.22180841863155365,0.0;1.0,0.0,0.0,0.0
4.66;-0.7704997062683105,0.21742169559001923,0.0;1.0,0.0,0.0,0.0
4.67;-0.7704997062683105,0.21303428709506989,0.0;1.0,0.0,0.0,0.0
4.68;-0.7704997062683105,0.20864543318748474,0.0;1.0,0.0,0.0,0.0
4.69;-0.7704997062683105,0.20425531268119812,0.0;1.0,0.0,0.0,0.0
4.7;-0.7704997062683105,0.1998647302389145,0.0;1.0,0.0,0.0,0.0
4.71;-0.7704997062683105,0.19547277688980103,0.0;1.0,0.0,0.0,0.0
4.72;-0.7704997062683105,0.19107963144779205,0.0;1.0,0.0,0.0,0.0
4.73;-0.7704997062683105,0.18668578565120697,0.0;1.0,0.0,0.0,0.0
4.74;-0.7704997062683105,0.18229098618030548,0.0;1.0,0.0,0.0,0.0
4.75;-0.7704997062683105,0.17789503931999207,0.0;1.0,0.0,0.0,0.0
4.76;-0.7704997062683105,0.17349854111671448,0.0;1.0,0.0,0.0,0.0
4.77;-0.7704997062683105,0.16910122334957123,0.0;1.0,0.0,0.0,0.0
4.78;-0.7704997062683105,0.16470326483249664,0.0;1.0,0.0,0.0,0.0
4.79;-0.7704997062683105,0.1603042632341385,0.0;1.0,0.0,0.0,0.0
4.8;-0.7704997062683105,0.15590471029281616,0.0;1.0,0.0,0.0,0.0
4.81;-0.7704997062683105,0.15150444209575653,0.0;1.0,0.0,0.0,0.0
4.82;-0.7704997062683105,0.147103413939476,0.0;1.0,0.0,0.0,0.0
4.83;-0.7704997062683105,0.14270205795764923,0.0;1.0,0.0,0.0,0.0
4.84;-0.7704997062683105,0.13829989731311798,0.0;1.0,0.0,0.0,0.0
4.85;-0.7704997062683105,0.1338973343372345,0.0;1.0,0.0,0.0,0.0
4.86;-0.7704997062683105,0.1294943243265152,0.0;1.0,0.0,0.0,0.0
4.87;-0.7704997062683105,0.12509053945541382,0.0;1.0,0.0,0.0,0.0
4.88;-0.7704997062683105,0.12068696320056915,0.0;1.0,0.0,0.0,0.0
4.89;-0.7704997062683105,0.1162823960185051,0.0;1.0,0.0,0.0,0.0
4.9;-0.7704997062683105,0.11187756806612015,0.0;1.0,0.0,0.0,0.0
4.91;-0.7704997062683105,0.10747252404689789,0.0;1.0,0.0,0.0,0.0
4.92;-0.7704997062683105,0.1030673161149025,0.0;1.0,0.0,0.0,0.0
4.93;-0.7704997062683105,0.09866178780794144,0.0;1.0,0.0,0.0,0.0
4.94;-0.7704997062683105,0.0942559540271759,0.0;1.0,0.0,0.0,0.0
4.95;-0.7704997062683105,0.08985008299350739,0.0;1.0,0.0,0.0,0.0
4.96;-0.7704997062683105,0.08544395864009857,0.0;1.0,0.0,0.0,0.0
4.97;-0.7704997062683105,0.08103789389133453,0.0;1.0,0.0,0.0,0.0
4.98;-0.7704997062683105,0.07663162052631378,0.0;1.0,0.0,0.0,0.0
4.99;-0.7704997062683105,0.07222533226013184,0.0;1.0,0.0,0.0,0.0
5.0;-0.7704997062683105,0.06781890988349915,0.0;1.0,0.0,0.0,0.0
5.01;-0.7704997062683105,0.06341275572776794,0.0;1.0,0.0,0.0,0.0
5.02;-0.7704997062683105,0.059006523340940475,0.0;1.0,0.0,0.0,0.0
5.03;-0.7704997062683105,0.05460044741630554,0.0;1.0,0.0,0.0,0.0
5.04;-0.7704997062683105,0.050194572657346725,0.0;1.0,0.0,0.0,0.0
5.05;-0.7704997062683105,0.0457887277007103,0.0;1.0,0.0,0.0,0.0
5.06;-0.7704997062683105,0.041383326053619385,0.0;1.0,0.0,0.0,0.0
5.07;-0.7704997062683105,0.03697812557220459,0.0;1.0,0.0,0.0,0.0
5.08;-0.7704997062683105,0.03257311135530472,0.0;1.0,0.0,0.0,0.0
5.09;-0.7704997062683105,0.028168179094791412,0.0;1.0,0.0,0.0,0.0
5.1;-0.7704997062683105,0.023763976991176605,0.0;1.0,0.0,0.0,0.0
5.11;-0.7704997062683105,0.019359886646270752,0.0;1.0,0.0,0.0,0.0
5.12;-0.7704997062683105,0.014956563711166382,0.0;1.0,0.0,0.0,0.0
5.13;-0.7704997062683105,0.010553315281867981,0.0;1.0,0.0,0.0,0.0
5.14;-0.7704997062683105,0.006150737404823303,0.0;1.0,0.0,0.0,0.0
5.15;-0.7704997062683105,0.001748703420162201,0.0;1.0,0.0,0.0,0.0
5.16;-0.7704997062683105,-0.002652876079082489,0.0;1.0,0.0,0.0,0.0
5.17;-0.7704997062683105,-0.0070537179708480835,0.0;1.0,0.0,0.0,0.0
5.18;-0.7704997062683105,-0.011453881859779358,0.0;1.0,0.0,0.0,0.0
5.19;-0.7704997062683105,-0.01585349440574646,0.0;1.0,0.0,0.0,0.0
5.2;-0.7704997062683105,-0.02025263011455536,0.0;1.0,0.0,0.0,0.0
5.21;-0.7704997062683105,-0.02465052902698517,0.0;1.0,0.0,0.0,0.0
5.22;-0.7704997062683105,-0.029048174619674683,0.0;1.0,0.0,0.0,0.0
5.23;-0.7704997062683105,-0.033444538712501526,0.0;1.0,0.0,0.0,0.0
5.24;-0.7704997062683105,-0.037840232253074646,0.0;1.0,0.0,0.0,0.0
5.25;-0.7704997062683105,-0.04223494231700897,0.0;1.0,0.0,0.0,0.0
5.26;-0.7704997062683105,-0.04662880301475525,0.0;1.0,0.0,0.0,0.0
5.27;-0.7704997062683105,-0.05102221667766571,0.0;1.0,0.0,0.0,0.0
5.28;-0.7704997062683105,-0.055413976311683655,0.0;1.0,0.0,0.0,0.0
5.29;-0.7704997062683105,-0.059805020689964294,0.0;1.0,0.0,0.0,0.0
5.3;-0.7704997062683105,-0.06419490277767181,0.0;1.0,0.0,0.0,0.0
5.31;-0.7704997062683105,-0.06858357787132263,0.0;1.0,0.0,0.0,0.0
5.32;-0.7704997062683105,-0.07297129929065704,0.0;1.0,0.0,0.0,0.0
5.33;-0.7704997062683105,-0.07735790312290192,0.0;1.0,0.0,0.0,0.0
5.34;-0.7704997062683105,-0.08174304664134979,0.0;1.0,0.0,0.0,0.0
5.35;-0.7704997062683105,-0.0861271470785141,0.0;1.0,0.0,0.0,0.0
5.36;-0.7704997062683105,-0.09051008522510529,0.0;1.0,0.0,0.0,0.0
5.37;-0.7704997062683105,-0.09489168226718903,0.0;1.0,0.0,0.0,0.0
5.38;-0.7704997062683105,-0.09927166998386383,0.0;1.0,0.0,0.0,0.0
5.39;-0.7704997062683105,-0.10365037620067596,0.0;1.0,0.0,0.0,0.0
5.4;-0.7704997062683105,-0.10802792012691498,0.0;1.0,0.0,0.0,0.0
5.41;-0.7704997062683105,-0.11240412294864655,0.0;1.0,0.0,0.0,0.0
5.42;-0.7704997062683105,-0.11677834391593933,0.0;1.0,0.0,0.0,0.0
5.43;-0.7704997062683105,-0.12115110456943512,0.0;1.0,0.0,0.0,0.0
5.44;-0.7704997062683105,-0.12552256882190704,0.0;1.0,0.0,0.0,0.0
5.45;-0.7704997062683105,-0.1298922598361969,0.0;1.0,0.0,0.0,0.0
5.46;-0.7704997062683105,-0.13426059484481812,0.0;1.0,0.0,0.0,0.0
5.47;-0.7704997062683105,-0.13862711191177368,0.0;1.0,0.0,0.0,0.0
5.48;-0.7704997062683105,-0.14299196004867554,0.0;1.0,0.0,0.0,0.0
5.49;-0.7704997062683105,-0.14735490083694458,0.0;1.0,0.0,0.0,0.0
5.5;-0.7704997062683105,-0.15171635150909424,0.0;1.0,0.0,0.0,0.0
5.51;-0.7704997062683105,-0.15607580542564392,0.0;1.0,0.0,0.0,0.0
5.52;-0.7704997062683105,-0.16043373942375183,0.0;1.0,0.0,0.0,0.0
5.53;-0.7704997062683105,-0.16478943824768066,0.0;1.0,0.0,0.0,0.0
5.54;-0.7704997062683105,-0.16914331912994385,0.0;1.0,0.0,0.0,0.0
5.55;-0.7704997062683105,-0.17349547147750854,0.0;1.0,0.0,0.0,0.0
5.56;-0.7704997062683105,-0.1778455674648285,0.0;1.0,0.0,0.0,0.0
5.57;-0.7704997062683105,-0.1821935772895813,0.0;1.0,0.0,0.0,0.0
5.58;-0.7704997062683105,-0.18653950095176697,0.0;1.0,0.0,0.0,0.0
5.59;-0.7704997062683105,-0.19088345766067505,0.0;1.0,0.0,0.0,0.0
5.6;-0.7704997062683105,-0.1952250599861145,0.0;1.0,0.0,0.0,0.0
5.61;-0.7704997062683105,-0.1995648741722107,0.0;1.0,0.0,0.0,0.0
5.62;-0.7704997062683105,-0.20390230417251587,0.0;1.0,0.0,0.0,0.0
5.63;-0.7704997062683105,-0.20823729038238525,0.0;1.0,0.0,0.0,0.0
5.64;-0.7704997062683105,-0.21257063746452332,0.0;1.0,0.0,0.0,0.0
5.65;-0.7704997062683105,-0.21690121293067932,0.0;1.0,0.0,0.0,0.0
5.66;-0.7704997062683105,-0.2212294340133667,0.0;1.0,0.0,0.0,0.0
5.67;-0.7704997062683105,-0.22555536031723022,0.0;1.0,0.0,0.0,0.0
5.68;-0.7704997062683105,-0.2298792004585266,0.0;1.0,0.0,0.0,0.0
5.69;-0.7704997062683105,-0.23420032858848572,0.0;1.0,0.0,0.0,0.0
5.7;-0.7704997062683105,-0.23851880431175232,0.0;1.0,0.0,0.0,0.0
5.71;-0.7704997062683105,-0.2428348958492279,0.0;1.0,0.0,0.0,0.0
5.72;-0.7704997062683105,-0.24714869260787964,0.0;1.0,0.0,0.0,0.0
5.73;-0.7704997062683105,-0.2514599561691284,0.0;1.0,0.0,0.0,0.0
5.74;-0.7704997062683105,-0.2557682991027832,0.0;1.0,0.0,0.0,0.0
5.75;-0.7704997062683105,-0.2600741386413574,0.0;1.0,0.0,0.0,0.0
5.76;-0.7704997062683105,-0.264377236366272,0.0;1.0,0.0,0.0,0.0
5.77;-0.7704997062683105,-0.268677681684494,0.0;1.0,0.0,0.0,0.0
5.78;-0.7704997062683105,-0.27297574281692505,0.0;1.0,0.0,0.0,0.0
5.79;-0.7704997062683105,-0.2772704064846039,0.0;1.0,0.0,0.0,0.0
5.8;-0.7704997062683105,-0.2815622389316559,0.0;1.0,0.0,0.0,0.0
5.81;-0.7704997062683105,-0.2858513295650482,0.0;1.0,0.0,0.0,0.0
5.82;-0.7704997062683105,-0.29013797640800476,0.0;1.0,0.0,0.0,0.0
5.83;-0.7704997062683105,-0.2944214344024658,0.0;1.0,0.0,0.0,0.0
5.84;-0.7704997062683105,-0.2987017035484314,0.0;1.0,0.0,0.0,0.0
5.85;-0.7704997062683105,-0.30297932028770447,0.0;1.0,0.0,0.0,0.0
5.86;-0.7704997062683105,-0.30725353956222534,0.0;1.0,0.0,0.0,0.0
5.87;-0.7704997062683105,-0.31152501702308655,0.0;1.0,0.0,0.0,0.0
5.88;-0.7704997062683105,-0.31579315662384033,0.0;1.0,0.0,0.0,0.0
5.89;-0.7704997062683105,-0.320058137178421,0.0;1.0,0.0,0.0,0.0
5.9;-0.7704997062683105,-0.3243201971054077,0.0;1.0,0.0,0.0,0.0
5.91;-0.7704997062683105,-0.3285791575908661,0.0;1.0,0.0,0.0,0.0
5.92;-0.7704997062683105,-0.33283454179763794,0.0;1.0,0.0,0.0,0.0
5.93;-0.7704997062683105,-0.3370867371559143,0.0;1.0,0.0,0.0,0.0
5.94;-0.7704997062683105,-0.34133589267730713,0.0;1.0,0.0,0.0,0.0
5.95;-0.7704997062683105,-0.34558093547821045,0.0;1.0,0.0,0.0,0.0
5.96;-0.7704997062683105,-0.34982356429100037,0.0;1.0,0.0,0.0,0.0
5.97;-0.7704997062683105,-0.35406193137168884,0.0;1.0,0.0,0.0,0.0
5.98;-0.7704997062683105,-0.35829731822013855,0.0;1.0,0.0,0.0,0.0
5.99;-0.7704997062683105,-0.3625289499759674,0.0;1.0,0.0,0.0,0.0
6.0;-0.7704997062683105,-0.36675727367401123,0.0;1.0,0.0,0.0,0.0
6.01;-0.7704997062683105,-0.37098228931427,0.0;1.0,0.0,0.0,0.0
6.02;-0.7704997062683105,-0.3752032220363617,0.0;1.0,0.0,0.0,0.0
6.03;-0.7704997062683105,-0.37942075729370117,0.0;1.0,0.0,0.0,0.0
6.04;-0.7704997062683105,-0.38363462686538696,0.0;1.0,0.0,0.0,0.0
6.05;-0.7678966522216797,-0.3852417469024658,0.0;1.0,0.0,0.0,0.0
6.06;-0.7637069225311279,-0.3852419853210449,0.0;1.0,0.0,0.0,0.0
6.07;-0.7595045566558838,-0.385242223739624,0.0;1.0,0.0,0.0,0.0
6.08;-0.7553057670593262,-0.38524243235588074,0.0;1.0,0.0,0.0,0.0
6.09;-0.751110851764679,-0.38524264097213745,0.0;1.0,0.0,0.0,0.0
6.1;-0.7469198107719421,-0.38524287939071655,0.0;1.0,0.0,0.0,0.0
6.11;-0.74273282289505,-0.38524311780929565,0.0;1.0,0.0,0.0,0.0
6.12;-0.7385492920875549,-0.38524332642555237,0.0;1.0,0.0,0.0,0.0
6.13;-0.7343701124191284,-0.38524356484413147,0.0;1.0,0.0,0.0,0.0
6.14;-0.730194628238678,-0.3852437436580658,0.0;1.0,0.0,0.0,0.0
6.15;-0.7260237336158752,-0.3852439522743225,0.0;1.0,0.0,0.0,0.0
6.16;-0.721856415271759,-0.3852441906929016,0.0;1.0,0.0,0.0,0.0
6.17;-0.7176936268806458,-0.3852443993091583,0.0;1.0,0.0,0.0,0.0
6.18;-0.7135350108146667,-0.38524460792541504,0.0;1.0,0.0,0.0,0.0
6.19;-0.7093803882598877,-0.38524481654167175,0.0;1.0,0.0,0.0,0.0
6.2;-0.705229640007019,-0.3852449953556061,0.0;1.0,0.0,0.0,0.0
6.21;-0.7010840773582458,-0.3852452039718628,0.0;1.0,0.0,0.0,0.0
6.22;-0.6969420909881592,-0.3852454125881195,0.0;1.0,0.0,0.0,0.0
6.23;-0.692804753780365,-0.38524559140205383,0.0;1.0,0.0,0.0,0.0
6.24;-0.6886711120605469,-0.38524580001831055,0.0;1.0,0.0,0.0,0.0
6.25;-0.6845424175262451,-0.3852459788322449,0.0;1.0,0.0,0.0,0.0
6.26;-0.6804184317588806,-0.3852461874485016,0.0;1.0,0.0,0.0,0.0
6.27;-0.6762987971305847,-0.3852463960647583,0.0;1.0,0.0,0.0,0.0
6.28;-0.6721833348274231,-0.3852465748786926,0.0;1.0,0.0,0.0,0.0
6.29;-0.6680727601051331,-0.38524675369262695,0.0;1.0,0.0,0.0,0.0
6.3;-0.6639663577079773,-0.3852469325065613,0.0;1.0,0.0,0.0,0.0
6.31;-0.6598649024963379,-0.3852471113204956,0.0;1.0,0.0,0.0,0.0
6.32;-0.6557681560516357,-0.38524729013442993,0.0;1.0,0.0,0.0,0.0
6.33;-0.6516762971878052,-0.38524746894836426,0.0;1.0,0.0,0.0,0.0
6.34;-0.6475885510444641,-0.3852476477622986,0.0;1.0,0.0,0.0,0.0
6.35;-0.6435056924819946,-0.3852478265762329,0.0;1.0,0.0,0.0,0.0
6.36;-0.6394282579421997,-0.38524800539016724,0.0;1.0,0.0,0.0,0.0
6.37;-0.6353549957275391,-0.3852481544017792,0.0;1.0,0.0,0.0,0.0
6.38;-0.6312867403030396,-0.3852483332157135,0.0;1.0,0.0,0.0,0.0
6.39;-0.6272234916687012,-0.38524848222732544,0.0;1.0,0.0,0.0,0.0
6.4;-0.6231653094291687,-0.38524866104125977,0.0;1.0,0.0,0.0,0.0
6.41;-0.6191116571426392,-0.3852488398551941,0.0;1.0,0.0,0.0,0.0
6.42;-0.6150633096694946,-0.3852490186691284,0.0;1.0,0.0,0.0,0.0
6.43;-0.6110198497772217,-0.38524913787841797,0.0;1.0,0.0,0.0,0.0
6.44;-0.6069818139076233,-0.3852492868900299,0.0;1.0,0.0,0.0,0.0
6.45;-0.6029483675956726,-0.38524946570396423,0.0;1.0,0.0,0.0,0.0
6.46;-0.5989203453063965,-0.38524961471557617,0.0;1.0,0.0,0.0,0.0
6.47;-0.5948976874351501,-0.3852497637271881,0.0;1.0,0.0,0.0,0.0
6.48;-0.5908800363540649,-0.38524988293647766,0.0;1.0,0.0,0.0,0.0
6.49;-0.5868674516677856,-0.385250061750412,0.0;1.0,0.0,0.0,0.0
6.5;-0.5828607082366943,-0.3852502107620239,0.0;1.0,0.0,0.0,0.0
6.51;-0.5788587331771851,-0.38525035977363586,0.0;1.0,0.0,0.0,0.0
6.52;-0.5748624205589294,-0.3852505087852478,0.0;1.0,0.0,0.0,0.0
6.53;-0.5708714127540588,-0.38525065779685974,0.0;1.0,0.0,0.0,0.0
6.54;-0.566885769367218,-0.3852507770061493,0.0;1.0,0.0,0.0,0.0
6.55;-0.5629055500030518,-0.38525092601776123,0.0;1.0,0.0,0.0,0.0
6.56;-0.558931291103363,-0.3852510452270508,0.0;1.0,0.0,0.0,0.0
6.57;-0.554961621761322,-0.3852511942386627,0.0;1.0,0.0,0.0,0.0
6.58;-0.5509983897209167,-0.38525134325027466,0.0;1.0,0.0,0.0,0.0
6.59;-0.5470407605171204,-0.3852514922618866,0.0;1.0,0.0,0.0,0.0
6.6;-0.5430882573127747,-0.38525158166885376,0.0;1.0,0.0,0.0,0.0
6.61;-0.5391415953636169,-0.3852517306804657,0.0;1.0,0.0,0.0,0.0
6.62;-0.5352010130882263,-0.38525184988975525,0.0;1.0,0.0,0.0,0.0
6.63;-0.5312656164169312,-0.3852519989013672,0.0;1.0,0.0,0.0,0.0
6.64;-0.5273364782333374,-0.38525208830833435,0.0;1.0,0.0,0.0,0.0
6.65;-0.5234127044677734,-0.3852522075176239,0.0;1.0,0.0,0.0,0.0
6.66;-0.5194951295852661,-0.38525235652923584,0.0;1.0,0.0,0.0,0.0
6.67;-0.5155835151672363,-0.385252445936203,0.0;1.0,0.0,0.0,0.0
6.68;-0.5116776823997498,-0.38525259494781494,0.0;1.0,0.0,0.0,0.0
6.69;-0.5077778697013855,-0.3852527141571045,0.0;1.0,0.0,0.0,0.0
6.7;-0.5038838386535645,-0.38525283336639404,0.0;1.0,0.0,0.0,0.0
6.71;-0.49999570846557617,-0.3852529227733612,0.0;1.0,0.0,0.0,0.0
6.72;-0.49611401557922363,-0.38525304198265076,0.0;1.0,0.0,0.0,0.0
6.73;-0.49223828315734863,-0.3852531313896179,0.0;1.0,0.0,0.0,0.0
6.74;-0.4883686900138855,-0.38525325059890747,0.0;1.0,0.0,0.0,0.0
6.75;-0.4845053553581238,-0.385253369808197,0.0;1.0,0.0,0.0,0.0
6.76;-0.4806477129459381,-0.3852534890174866,0.0;1.0,0.0,0.0,0.0
6.77;-0.4767970144748688,-0.38525357842445374,0.0;1.0,0.0,0.0,0.0
6.78;-0.4729521870613098,-0.3852536976337433,0.0;1.0,0.0,0.0,0.0
6.79;-0.4691140353679657,-0.38525378704071045,0.0;1.0,0.0,0.0,0.0
6.8;-0.4652818739414215,-0.3852538764476776,0.0;1.0,0.0,0.0,0.0
6.81;-0.461456298828125,-0.38525399565696716,0.0;1.0,0.0,0.0,0.0
6.82;-0.4576370120048523,-0.3852540850639343,0.0;1.0,0.0,0.0,0.0
6.83;-0.45382410287857056,-0.3852541744709015,0.0;1.0,0.0,0.0,0.0
6.84;-0.4500179886817932,-0.38525426387786865,0.0;1.0,0.0,0.0,0.0
6.85;-0.446217805147171,-0.3852543532848358,0.0;1.0,0.0,0.0,0.0
6.86;-0.44242459535598755,-0.385254442691803,0.0;1.0,0.0,0.0,0.0
6.87;-0.4386383593082428,-0.3852545917034149,0.0;1.0,0.0,0.0,0.0
6.88;-0.434857577085495,-0.3852546513080597,0.0;1.0,0.0,0.0,0.0
6.89;-0.43108439445495605,-0.38525474071502686,0.0;1.0,0.0,0.0,0.0
6.9;-0.42731761932373047,-0.38525480031967163,0.0;1.0,0.0,0.0,0.0
6.91;-0.42355814576148987,-0.3852548897266388,0.0;1.0,0.0,0.0,0.0
6.92;-0.41980478167533875,-0.38525497913360596,0.0;1.0,0.0,0.0,0.0
6.93;-0.41605812311172485,-0.3852550983428955,0.0;1.0,0.0,0.0,0.0
6.94;-0.41231897473335266,-0.3852551281452179,0.0;1.0,0.0,0.0,0.0
6.95;-0.40858641266822815,-0.38525521755218506,0.0;1.0,0.0,0.0,0.0
6.96;-0.4048604667186737,-0.3852553069591522,0.0;1.0,0.0,0.0,0.0
6.97;-0.4011417031288147,-0.3852553963661194,0.0;1.0,0.0,0.0,0.0
6.98;-0.39743006229400635,-0.38525548577308655,0.0;1.0,0.0,0.0,0.0
6.99;-0.3937252461910248,-0.3852555453777313,0.0;1.0,0.0,0.0,0.0
7.0;-0.39002692699432373,-0.3852556049823761,0.0;1.0,0.0,0.0,0.0
7.01;-0.38633692264556885,-0.38525569438934326,0.0;1.0,0.0,0.0,0.0
7.02;-0.38265323638916016,-0.3852557837963104,0.0;1.0,0.0,0.0,0.0
7.03;-0.37897664308547974,-0.3852558434009552,0.0;1.0,0.0,0.0,0.0
7.04;-0.37530720233917236,-0.38525593280792236,0.0;1.0,0.0,0.0,0.0
7.05;-0.3716457188129425,-0.38525593280792236,0.0;1.0,0.0,0.0,0.0
7.06;-0.3679909408092499,-0.3852560222148895,0.0;1.0,0.0,0.0,0.0
7.07;-0.3643433153629303,-0.3852561116218567,0.0;1.0,0.0,0.0,0.0
7.08;-0.3607032597064972,-0.38525617122650146,0.0;1.0,0.0,0.0,0.0
7.09;-0.35707056522369385,-0.38525623083114624,0.0;1.0,0.0,0.0,0.0
7.1;-0.3534453809261322,-0.385256290435791,0.0;1.0,0.0,0.0,0.0
7.11;-0.3498271703720093,-0.3852563500404358,0.0;1.0,0.0,0.0,0.0
7.12;-0.3462168276309967,-0.38525640964508057,0.0;1.0,0.0,0.0,0.0
7.13;-0.3426138758659363,-0.38525646924972534,0.0;1.0,0.0,0.0,0.0
7.14;-0.33901897072792053,-0.3852565586566925,0.0;1.0,0.0,0.0,0.0
7.15;-0.3354308307170868,-0.3852566182613373,0.0;1.0,0.0,0.0,0.0
7.16;-0.3318505585193634,-0.38525667786598206,0.0;1.0,0.0,0.0,0.0
7.17;-0.3282782733440399,-0.38525670766830444,0.0;1.0,0.0,0.0,0.0
7.18;-0.3247135281562805,-0.3852567672729492,0.0;1.0,0.0,0.0,0.0
7.19;-0.32115638256073,-0.3852567970752716,0.0;1.0,0.0,0.0,0.0
7.2;-0.31760647892951965,-0.3852568566799164,0.0;1.0,0.0,0.0,0.0
7.21;-0.31406527757644653,-0.38525691628456116,0.0;1.0,0.0,0.0,0.0
7.22;-0.31053146719932556,-0.38525697588920593,0.0;1.0,0.0,0.0,0.0
7.23;-0.30700573325157166,-0.3852570056915283,0.0;1.0,0.0,0.0,0.0
7.24;-0.3034878373146057,-0.3852570354938507,0.0;1.0,0.0,0.0,0.0
7.25;-0.29997751116752625,-0.38525712490081787,0.0;1.0,0.0,0.0,0.0
7.26;-0.29647547006607056,-0.38525715470314026,0.0;1.0,0.0,0.0,0.0
7.27;-0.2929813861846924,-0.38525721430778503,0.0;1.0,0.0,0.0,0.0
7.28;-0.28949564695358276,-0.38525721430778503,0.0;1.0,0.0,0.0,0.0
7.29;-0.286017507314682,-0.3852573037147522,0.0;1.0,0.0,0.0,0.0
7.3;-0.2825477123260498,-0.3852573335170746,0.0;1.0,0.0,0.0,0.0
7.31;-0.2790858745574951,-0.38525739312171936,0.0;1.0,0.0,0.0,0.0
7.32;-0.27563241124153137,-0.38525739312171936,0.0;1.0,0.0,0.0,0.0
7.33;-0.27218741178512573,-0.38525745272636414,0.0;1.0,0.0,0.0,0.0
7.34;-0.26875045895576477,-0.3852574825286865,0.0;1.0,0.0,0.0,0.0
7.35;-0.2653215825557709,-0.3852575421333313,0.0;1.0,0.0,0.0,0.0
7.36;-0.2619004547595978,-0.3852575719356537,0.0;1.0,0.0,0.0,0.0
7.37;-0.2584885358810425,-0.3852576017379761,0.0;1.0,0.0,0.0,0.0
7.38;-0.25508469343185425,-0.38525763154029846,0.0;1.0,0.0,0.0,0.0
7.39;-0.25168970227241516,-0.38525769114494324,0.0;1.0,0.0,0.0,0.0
7.4;-0.24830302596092224,-0.38525769114494324,0.0;1.0,0.0,0.0,0.0
7.41;-0.24492469429969788,-0.3852577209472656,0.0;1.0,0.0,0.0,0.0
7.42;-0.24155452847480774,-0.385257750749588,0.0;1.0,0.0,0.0,0.0
7.43;-0.23819312453269958,-0.3852578103542328,0.0;1.0,0.0,0.0,0.0
7.44;-0.2348403036594391,-0.3852578401565552,0.0;1.0,0.0,0.0,0.0
7.45;-0.23149684071540833,-0.3852578401565552,0.0;1.0,0.0,0.0,0.0
7.46;-0.22816163301467896,-0.38525786995887756,0.0;1.0,0.0,0.0,0.0
7.47;-0.2248344123363495,-0.38525792956352234,0.0;1.0,0.0,0.0,0.0
7.48;-0.2215166985988617,-0.3852579593658447,0.0;1.0,0.0,0.0,0.0
7.49;-0.21820753812789917,-0.3852579593658447,0.0;1.0,0.0,0.0,0.0
7.5;-0.21490749716758728,-0.3852580189704895,0.0;1.0,0.0,0.0,0.0
7.51;-0.21161621809005737,-0.3852579891681671,0.0;1.0,0.0,0.0,0.0
7.52;-0.20833301544189453,-0.3852580487728119,0.0;1.0,0.0,0.0,0.0
7.53;-0.20505955815315247,-0.3852580785751343,0.0;1.0,0.0,0.0,0.0
7.54;-0.20179477334022522,-0.3852580785751343,0.0;1.0,0.0,0.0,0.0
7.55;-0.1985393464565277,-0.38525813817977905,0.0;1.0,0.0,0.0,0.0
7.56;-0.19529274106025696,-0.38525816798210144,0.0;1.0,0.0,0.0,0.0
7.57;-0.19205495715141296,-0.38525816798210144,0.0;1.0,0.0,0.0,0.0
7.58;-0.18882623314857483,-0.38525816798210144,0.0;1.0,0.0,0.0,0.0
7.59;-0.1856071650981903,-0.38525819778442383,0.0;1.0,0.0,0.0,0.0
7.6;-0.18239659070968628,-0.3852582275867462,0.0;1.0,0.0,0.0,0.0
7.61;-0.1791958510875702,-0.3852582275867462,0.0;1.0,0.0,0.0,0.0
7.62;-0.17600342631340027,-0.3852582573890686,0.0;1.0,0.0,0.0,0.0
7.63;-0.1728213131427765,-0.3852582573890686,0.0;1.0,0.0,0.0,0.0
7.64;-0.16964790225028992,-0.385258287191391,0.0;1.0,0.0,0.0,0.0
7.65;-0.16648417711257935,-0.3852583169937134,0.0;1.0,0.0,0.0,0.0
7.66;-0.1633298099040985,-0.3852583169937134,0.0;1.0,0.0,0.0,0.0
7.67;-0.16018471121788025,-0.38525834679603577,0.0;1.0,0.0,0.0,0.0
7.68;-0.15704897046089172,-0.38525834679603577,0.0;1.0,0.0,0.0,0.0
7.69;-0.15392300486564636,-0.38525834679603577,0.0;1.0,0.0,0.0,0.0
7.7;-0.15080580115318298,-0.38525837659835815,0.0;1.0,0.0,0.0,0.0
7.71;-0.14769893884658813,-0.38525837659835815,0.0;1.0,0.0,0.0,0.0
7.72;-0.14460143446922302,-0.38525840640068054,0.0;1.0,0.0,0.0,0.0
7.73;-0.14151376485824585,-0.38525843620300293,0.0;1.0,0.0,0.0,0.0
7.74;-0.13843539357185364,-0.38525840640068054,0.0;1.0,0.0,0.0,0.0
7.75;-0.1353670358657837,-0.38525843620300293,0.0;1.0,0.0,0.0,0.0
7.76;-0.13230764865875244,-0.3852584660053253,0.0;1.0,0.0,0.0,0.0
7.77;-0.12925875186920166,-0.3852584660053253,0.0;1.0,0.0,0.0,0.0
7.78;-0.12621963024139404,-0.3852584958076477,0.0;1.0,0.0,0.0,0.0
7.79;-0.12319034337997437,-0.3852584958076477,0.0;1.0,0.0,0.0,0.0
7.8;-0.12017083168029785,-0.3852584958076477,0.0;1.0,0.0,0.0,0.0
7.81;-0.11716115474700928,-0.3852584958076477,0.0;1.0,0.0,0.0,0.0
7.82;-0.11416137218475342,-0.3852584958076477,0.0;1.0,0.0,0.0,0.0
7.83;-0.11117178201675415,-0.3852584958076477,0.0;1.0,0.0,0.0,0.0
7.84;-0.10819172859191895,-0.3852585554122925,0.0;1.0,0.0,0.0,0.0
7.85;-0.10522228479385376,-0.3852585256099701,0.0;1.0,0.0,0.0,0.0
7.86;-0.10226267576217651,-0.3852585256099701,0.0;1.0,0.0,0.0,0.0
7.87;-0.09931349754333496,-0.3852585554122925,0.0;1.0,0.0,0.0,0.0
7.88;-0.09637385606765747,-0.3852585256099701,0.0;1.0,0.0,0.0,0.0
7.89;-0.09344482421875,-0.3852585554122925,0.0;1.0,0.0,0.0,0.0
7.9;-0.09052592515945435,-0.38525858521461487,0.0;1.0,0.0,0.0,0.0
7.91;-0.08761703968048096,-0.3852585256099701,0.0;1.0,0.0,0.0,0.0
7.92;-0.08471894264221191,-0.3852585554122925,0.0;1.0,0.0,0.0,0.0
7.93;-0.08183115720748901,-0.38525858521461487,0.0;1.0,0.0,0.0,0.0
7.94;-0.0789528489112854,-0.38525858521461487,0.0;1.0,0.0,0.0,0.0
7.95;-0.07608634233474731,-0.38525858521461487,0.0;1.0,0.0,0.0,0.0
7.96;-0.07322895526885986,-0.38525861501693726,0.0;1.0,0.0,0.0,0.0
7.97;-0.07038289308547974,-0.38525858521461487,0.0;1.0,0.0,0.0,0.0
7.98;-0.06754708290100098,-0.38525858521461487,0.0;1.0,0.0,0.0,0.0
7.99;-0.06472206115722656,-0.38525858521461487,0.0;1.0,0.0,0.0,0.0
8.0;-0.06190675497055054,-0.38525861501693726,0.0;1.0,0.0,0.0,0.0
8.01;-0.05910283327102661,-0.38525861501693726,0.0;1.0,0.0,0.0,0.0
8.02;-0.05630922317504883,-0.38525861501693726,0.0;1.0,0.0,0.0,0.0
8.03;-0.05352663993835449,-0.38525858521461487,0.0;1.0,0.0,0.0,0.0
8.04;-0.0507546067237854,-0.38525861501693726,0.0;1.0,0.0,0.0,0.0
8.05;-0.04799342155456543,-0.38525861501693726,0.0;1.0,0.0,0.0,0.0
8.06;-0.04524296522140503,-0.38525861501693726,0.0;1.0,0.0,0.0,0.0
8.07;-0.0425032377243042,-0.38525864481925964,0.0;1.0,0.0,0.0,0.0
8.08;-0.03977406024932861,-0.38525858521461487,0.0;1.0,0.0,0.0,0.0
8.09;-0.03705573081970215,-0.38525858521461487,0.0;1.0,0.0,0.0,0.0
8.1;-0.03434896469116211,-0.38525861501693726,0.0;1.0,0.0,0.0,0.0
8.11;-0.031652748584747314,-0.38525861501693726,0.0;1.0,0.0,0.0,0.0
8.12;-0.028967559337615967,-0.38525861501693726,0.0;1.0,0.0,0.0,0.0
8.13;-0.026293396949768066,-0.38525861501693726,0.0;1.0,0.0,0.0,0.0
8.14;-0.023630738258361816,-0.38525861501693726,0.0;1.0,0.0,0.0,0.0
8.15;-0.02097874879837036,-0.38525861501693726,0.0;1.0,0.0,0.0,0.0
8.16;-0.01833796501159668,-0.38525861501693726,0.0;1.0,0.0,0.0,0.0
8.17;-0.015708446502685547,-0.38525861501693726,0.0;1.0,0.0,0.0,0.0
8.18;-0.013090431690216064,-0.38525861501693726,0.0;1.0,0.0,0.0,0.0
8.19;-0.010483205318450928,-0.38525864481925964,0.0;1.0,0.0,0.0,0.0
8.2;-0.007887303829193115,-0.38525858521461487,0.0;1.0,0.0,0.0,0.0
8.21;-0.005302548408508301,-0.38525861501693726,0.0;1.0,0.0,0.0,0.0
8.22;-0.0027294158935546875,-0.38525861501693726,0.0;1.0,0.0,0.0,0.0
8.23;-0.0003159642219543457,-0.385110467672348,0.0;1.0,0.0,0.0,0.0
8.24;-0.00010704994201660156,-0.382768839597702,0.0;1.0,0.0,0.0,0.0
8.25;0.0,-0.38033735752105713,0.0;1.0,0.0,0.0,0.0
8.26;0.0,-0.3778096139431,0.0;1.0,0.0,0.0,0.0
8.27;0.0,-0.37529414892196655,0.0;1.0,0.0,0.0,0.0
8.28;0.0,-0.3727899491786957,0.0;1.0,0.0,0.0,0.0
8.29;0.0,-0.3702969253063202,0.0;1.0,0.0,0.0,0.0
8.3;0.0,-0.3678155243396759,0.0;1.0,0.0,0.0,0.0
8.31;0.0,-0.36534640192985535,0.0;1.0,0.0,0.0,0.0
8.32;0.0,-0.36288905143737793,0.0;1.0,0.0,0.0,0.0
8.33;0.0,-0.36044251918792725,0.0;1.0,0.0,0.0,0.0
8.34;0.0,-0.3580087125301361,0.0;1.0,0.0,0.0,0.0
8.35;0.0,-0.35558587312698364,0.0;1.0,0.0,0.0,0.0
8.36;0.0,-0.3531753122806549,0.0;1.0,0.0,0.0,0.0
8.37;0.0,-0.3507765829563141,0.0;1.0,0.0,0.0,0.0
8.38;0.0,-0.3483898639678955,0.0;1.0,0.0,0.0,0.0
8.39;0.0,-0.34601545333862305,0.0;1.0,0.0,0.0,0.0
8.4;0.0,-0.34365275502204895,0.0;1.0,0.0,0.0,0.0
8.41;0.0,-0.3413016200065613,0.0;1.0,0.0,0.0,0.0
8.42;0.0,-0.33896324038505554,0.0;1.0,0.0,0.0,0.0
8.43;0.0,-0.33663636445999146,0.0;1.0,0.0,0.0,0.0
8.44;0.0,-0.33432188630104065,0.0;1.0,0.0,0.0,0.0
8.45;0.0,-0.33201882243156433,0.0;1.0,0.0,0.0,0.0
8.46;0.0,-0.32972872257232666,0.0;1.0,0.0,0.0,0.0
8.47;0.0,-0.3274511694908142,0.0;1.0,0.0,0.0,0.0
8.48;0.0,-0.325185626745224,0.0;1.0,0.0,0.0,0.0
8.49;0.0,-0.32293185591697693,0.0;1.0,0.0,0.0,0.0
8.5;0.0,-0.3206908404827118,0.0;1.0,0.0,0.0,0.0
8.51;0.0,-0.3184630870819092,0.0;1.0,0.0,0.0,0.0
8.52;0.0,-0.31624606251716614,0.0;1.0,0.0,0.0,0.0
8.53;0.0,-0.31404244899749756,0.0;1.0,0.0,0.0,0.0
8.54;0.0,-0.3118512034416199,0.0;1.0,0.0,0.0,0.0
8.55;0.0,-0.3096722364425659,0.0;1.0,0.0,0.0,0.0
8.56;0.0,-0.3075057864189148,0.0;1.0,0.0,0.0,0.0
8.57;0.0,-0.3053520917892456,0.0;1.0,0.0,0.0,0.0
8.58;0.0,-0.30321139097213745,0.0;1.0,0.0,0.0,0.0
8.59;0.0,-0.301082968711853,0.0;1.0,0.0,0.0,0.0
8.6;0.0,-0.2989669442176819,0.0;1.0,0.0,0.0,0.0
8.61;0.0,-0.29686394333839417,0.0;1.0,0.0,0.0,0.0
8.62;0.0,-0.29477423429489136,0.0;1.0,0.0,0.0,0.0
8.63;0.0,-0.29269683361053467,0.0;1.0,0.0,0.0,0.0
8.64;0.0,-0.29063165187835693,0.0;1.0,0.0,0.0,0.0
8.65;0.0,-0.2885802388191223,0.0;1.0,0.0,0.0,0.0
8.66;0.0,-0.2865411043167114,0.0;1.0,0.0,0.0,0.0
8.67;0.0,-0.2845152020454407,0.0;1.0,0.0,0.0,0.0
8.68;0.0,-0.28250250220298767,0.0;1.0,0.0,0.0,0.0
8.69;0.0,-0.280502587556839,0.0;1.0,0.0,0.0,0.0
8.7;0.0,-0.2785155773162842,0.0;1.0,0.0,0.0,0.0
8.71;0.0,-0.276542067527771,0.0;1.0,0.0,0.0,0.0
8.72;0.0,-0.2745814025402069,0.0;1.0,0.0,0.0,0.0
8.73;0.0,-0.27263325452804565,0.0;1.0,0.0,0.0,0.0
8.74;0.0,-0.27069929242134094,0.0;1.0,0.0,0.0,0.0
8.75;0.0,-0.26877811551094055,0.0;1.0,0.0,0.0,0.0
8.76;0.0,-0.2668704390525818,0.0;1.0,0.0,0.0,0.0
8.77;0.0,-0.26497572660446167,0.0;1.0,0.0,0.0,0.0
8.78;0.0,-0.2630939483642578,0.0;1.0,0.0,0.0,0.0
8.79;0.0,-0.2612259089946747,0.0;1.0,0.0,0.0,0.0
8.8;0.0,-0.25937193632125854,0.0;1.0,0.0,0.0,0.0
8.81;0.0,-0.25753068923950195,0.0;1.0,0.0,0.0,0.0
8.82;0.0,-0.2557027339935303,0.0;1.0,0.0,0.0,0.0
8.83;0.0,-0.25388896465301514,0.0;1.0,0.0,0.0,0.0
8.84;0.0,-0.2520886957645416,0.0;1.0,0.0,0.0,0.0
8.85;0.0,-0.25030165910720825,0.0;1.0,0.0,0.0,0.0
8.86;0.0,-0.2485278844833374,0.0;1.0,0.0,0.0,0.0
8.87;0.0,-0.24676859378814697,0.0;1.0,0.0,0.0,0.0
8.88;0.0,-0.24502229690551758,0.0;1.0,0.0,0.0,0.0
8.89;0.0,-0.24328988790512085,0.0;1.0,0.0,0.0,0.0
8.9;0.0,-0.24157094955444336,0.0;1.0,0.0,0.0,0.0
8.91;0.0,-0.23986631631851196,0.0;1.0,0.0,0.0,0.0
8.92;0.0,-0.23817521333694458,0.0;1.0,0.0,0.0,0.0
8.93;0.0,-0.23649829626083374,0.0;1.0,0.0,0.0,0.0
8.94;0.0,-0.23483487963676453,0.0;1.0,0.0,0.0,0.0
8.95;0.0,-0.23318547010421753,0.0;1.0,0.0,0.0,0.0
8.96;0.0,-0.23155027627944946,0.0;1.0,0.0,0.0,0.0
8.97;0.0,-0.22992855310440063,0.0;1.0,0.0,0.0,0.0
8.98;0.0,-0.22832128405570984,0.0;1.0,0.0,0.0,0.0
8.99;0.0,-0.22672820091247559,0.0;1.0,0.0,0.0,0.0
9.0;0.0,-0.22514909505844116,0.0;1.0,0.0,0.0,0.0
9.01;0.0,-0.22358378767967224,0.0;1.0,0.0,0.0,0.0
9.02;0.0,-0.22203245759010315,0.0;1.0,0.0,0.0,0.0
9.03;0.0,-0.22049635648727417,0.0;1.0,0.0,0.0,0.0
9.04;0.0,-0.21897321939468384,0.0;1.0,0.0,0.0,0.0
9.05;0.0,-0.2174655795097351,0.0;1.0,0.0,0.0,0.0
9.06;0.0,-0.21597164869308472,0.0;1.0,0.0,0.0,0.0
9.07;0.0,-0.21449244022369385,0.0;1.0,0.0,0.0,0.0
9.08;0.0,-0.21302670240402222,0.0;1.0,0.0,0.0,0.0
9.09;0.0,-0.2115767002105713,0.0;1.0,0.0,0.0,0.0
9.1;0.0,-0.2101401686668396,0.0;1.0,0.0,0.0,0.0
9.11;0.0,-0.20871835947036743,0.0;1.0,0.0,0.0,0.0
9.12;0.0,-0.20731043815612793,0.0;1.0,0.0,0.0,0.0
9.13;0.0,-0.20591798424720764,0.0;1.0,0.0,0.0,0.0
9.14;0.0,-0.20454025268554688,0.0;1.0,0.0,0.0,0.0
9.15;0.0,-0.2031765878200531,0.0;1.0,0.0,0.0,0.0
9.16;0.0,-0.20182782411575317,0.0;1.0,0.0,0.0,0.0
9.17;0.0,-0.20049360394477844,0.0;1.0,0.0,0.0,0.0
9.18;0.0,-0.19917452335357666,0.0;1.0,0.0,0.0,0.0
9.19;0.0,-0.19786971807479858,0.0;1.0,0.0,0.0,0.0
9.2;0.0,-0.19658011198043823,0.0;1.0,0.0,0.0,0.0
9.21;0.0,-0.19530493021011353,0.0;1.0,0.0,0.0,0.0
9.22;0.0,-0.19404500722885132,0.0;1.0,0.0,0.0,0.0
9.23;0.0,-0.19279980659484863,0.0;1.0,0.0,0.0,0.0
9.24;0.0,-0.19156897068023682,0.0;1.0,0.0,0.0,0.0
9.25;0.0,-0.1903543472290039,0.0;1.0,0.0,0.0,0.0
9.26;0.0,-0.1891537308692932,0.0;1.0,0.0,0.0,0.0
9.27;0.0,-0.18796855211257935,0.0;1.0,0.0,0.0,0.0
9.28;0.0,-0.18679839372634888,0.0;1.0,0.0,0.0,0.0
9.29;0.0,-0.18564391136169434,0.0;1.0,0.0,0.0,0.0
9.3;0.0,-0.18450438976287842,0.0;1.0,0.0,0.0,0.0
9.31;0.0,-0.18337911367416382,0.0;1.0,0.0,0.0,0.0
9.32;0.0,-0.18226951360702515,0.0;1.0,0.0,0.0,0.0
9.33;0.0,-0.1811753511428833,0.0;1.0,0.0,0.0,0.0
9.34;0.0,-0.18009692430496216,0.0;1.0,0.0,0.0,0.0
9.35;0.0,-0.17903369665145874,0.0;1.0,0.0,0.0,0.0
9.36;0.0,-0.17798519134521484,0.0;1.0,0.0,0.0,0.0
9.37;0.0,-0.17695236206054688,0.0;1.0,0.0,0.0,0.0
9.38;0.0,-0.17593598365783691,0.0;1.0,0.0,0.0,0.0
9.39;0.0,-0.1749333143234253,0.0;1.0,0.0,0.0,0.0
9.4;0.0,-0.17394709587097168,0.0;1.0,0.0,0.0,0.0
9.41;0.0,-0.1729772984981537,0.0;1.0,0.0,0.0,0.0
9.42;0.0,-0.17202121019363403,0.0;1.0,0.0,0.0,0.0
9.43;0.0,-0.1710820198059082,0.0;1.0,0.0,0.0,0.0
9.44;0.0,-0.17015784978866577,0.0;1.0,0.0,0.0,0.0
9.45;0.0,-0.16924980282783508,0.0;1.0,0.0,0.0,0.0
9.46;0.0,-0.1683567762374878,0.0;1.0,0.0,0.0,0.0
9.47;0.0,-0.16748040914535522,0.0;1.0,0.0,0.0,0.0
9.48;0.0,-0.16661930084228516,0.0;1.0,0.0,0.0,0.0
9.49;0.0,-0.16577458381652832,0.0;1.0,0.0,0.0,0.0
9.5;0.0,-0.1649453341960907,0.0;1.0,0.0,0.0,0.0
9.51;0.0,-0.1641312837600708,0.0;1.0,0.0,0.0,0.0
9.52;0.0,-0.16333439946174622,0.0;1.0,0.0,0.0,0.0
9.53;0.0,-0.16255271434783936,0.0;1.0,0.0,0.0,0.0
9.54;0.0,-0.1617879867553711,0.0;1.0,0.0,0.0,0.0
9.55;0.0,-0.16103798151016235,0.0;1.0,0.0,0.0,0.0
9.56;0.0,-0.16030532121658325,0.0;1.0,0.0,0.0,0.0
9.57;0.0,-0.15958818793296814,0.0;1.0,0.0,0.0,0.0
9.58;0.0,-0.15888625383377075,0.0;1.0,0.0,0.0,0.0
9.59;0.0,-0.1582011878490448,0.0;1.0,0.0,0.0,0.0
9.6;0.0,-0.15753310918807983,0.0;1.0,0.0,0.0,0.0
9.61;0.0,-0.1568804383277893,0.0;1.0,0.0,0.0,0.0
9.62;0.0,-0.1562442183494568,0.0;1.0,0.0,0.0,0.0
9.63;0.0,-0.1556243896484375,0.0;1.0,0.0,0.0,0.0
9.64;0.0,-0.1550205647945404,0.0;1.0,0.0,0.0,0.0
9.65;0.0,-0.15443387627601624,0.0;1.0,0.0,0.0,0.0
9.66;0.0,-0.15386337041854858,0.0;1.0,0.0,0.0,0.0
9.67;0.0,-0.15330880880355835,0.0;1.0,0.0,0.0,0.0
9.68;0.0,-0.1527714729309082,0.0;1.0,0.0,0.0,0.0
9.69;0.0,-0.1522502303123474,0.0;1.0,0.0,0.0,0.0
9.7;0.0,-0.15174546837806702,0.0;1.0,0.0,0.0,0.0
9.71;0.0,-0.15125733613967896,0.0;1.0,0.0,0.0,0.0
9.72;0.0,-0.1507861614227295,0.0;1.0,0.0,0.0,0.0
9.73;0.0,-0.15033167600631714,0.0;1.0,0.0,0.0,0.0
9.74;0.0,-0.1498928666114807,0.0;1.0,0.0,0.0,0.0
9.75;0.0,-0.1494714915752411,0.0;1.0,0.0,0.0,0.0
9.76;0.0,-0.14906752109527588,0.0;1.0,0.0,0.0,0.0
9.77;0.0,-0.1486802101135254,0.0;1.0,0.0,0.0,0.0
9.78;0.0,-0.1483091115951538,0.0;1.0,0.0,0.0,0.0
9.79;0.0,-0.14795517921447754,0.0;1.0,0.0,0.0,0.0
9.8;0.0,-0.14761844277381897,0.0;1.0,0.0,0.0,0.0
9.81;0.0,-0.14729785919189453,0.0;1.0,0.0,0.0,0.0
9.82;0.0,-0.1469954550266266,0.0;1.0,0.0,0.0,0.0
9.83;0.0,-0.14670872688293457,0.0;1.0,0.0,0.0,0.0
9.84;0.0,-0.14644068479537964,0.0;1.0,0.0,0.0,0.0
9.85;0.0,-0.14618828892707825,0.0;1.0,0.0,0.0,0.0
9.86;0.0,-0.14595380425453186,0.0;1.0,0.0,0.0,0.0
9.87;0.0,-0.1457357406616211,0.0;1.0,0.0,0.0,0.0
9.88;0.0,-0.1455361247062683,0.0;1.0,0.0,0.0,0.0
9.89;0.0,-0.14535215497016907,0.0;1.0,0.0,0.0,0.0
9.9;0.0,-0.1451873481273651,0.0;1.0,0.0,0.0,0.0
9.91;0.0,-0.14503821730613708,0.0;1.0,0.0,0.0,0.0
9.92;0.0,-0.14490652084350586,0.0;1.0,0.0,0.0,0.0
9.93;0.0,-0.14479270577430725,0.0;1.0,0.0,0.0,0.0
9.94;0.0,-0.14469680190086365,0.0;1.0,0.0,0.0,0.0
9.95;0.0,-0.14461809396743774,0.0;1.0,0.0,0.0,0.0
9.96;0.0,-0.14455652236938477,0.0;1.0,0.0,0.0,0.0
9.97;0.0,-0.14451250433921814,0.0;1.0,0.0,0.0,0.0
9.98;0.0,-0.14448609948158264,0.0;1.0,0.0,0.0,0.0
9.99;0.0,-0.14447730779647827,0.0;1.0,0.0,0.0,0.0
