0.0;0.0,0.0,0.0;1.0,0.0,0.0,0.0
0.01;6.494931585621089e-05,-4.7829123474285584e-12,0.0;1.0,0.0,0.0,0.0
0.02;0.00017293966084253043,-1.7765101889555268e-11,0.0;1.0,0.0,0.0,0.0
0.03;0.00032375953742302954,-4.304621242789963e-11,0.0;1.0,0.0,0.0,0.0
0.04;0.0005171974771656096,-8.472587215146987e-11,0.0;1.0,0.0,0.0,0.0
0.05;0.0007530418806709349,-1.4690372529546636e-10,0.0;1.0,0.0,0.0,0.0
0.06;0.0010310814250260592,-2.3367940915619556e-10,0.0;1.0,0.0,0.0,0.0
0.07;0.0013511043507605791,-3.4915259572443347e-10,0.0;1.0,0.0,0.0,0.0
0.08;0.0017128991894423962,-4.974228251519719e-10,0.0;1.0,0.0,0.0,0.0
0.09;0.00211625499650836,-6.825898735129954e-10,0.0;1.0,0.0,0.0,0.0
0.1;0.002560959430411458,-9.087531838147811e-10,0.0;1.0,0.0,0.0,0.0
0.11;0.0030468013137578964,-1.1800127541761185e-09,0.0;1.0,0.0,0.0,0.0
0.12;0.0035735690034925938,-1.5004677500485286e-09,0.0;1.0,0.0,0.0,0.0
0.13;0.004141052719205618,-1.8742183360842546e-09,0.0;1.0,0.0,0.0,0.0
0.14;0.004749037325382233,-2.3053636777348174e-09,0.0;1.0,0.0,0.0,0.0
0.15;0.0053973146714270115,-2.798003828630158e-09,0.0;1.0,0.0,0.0,0.0
0.16;0.006085671950131655,-3.356237288087982e-09,0.0;1.0,0.0,0.0,0.0
0.17;0.00681389681994915,-3.98416544200586e-09,0.0;1.0,0.0,0.0,0.0
0.18;0.007581779267638922,-4.685887233790709e-09,0.0;1.0,0.0,0.0,0.0
0.19;0.008389106951653957,-5.465501828894048e-09,0.0;1.0,0.0,0.0,0.0
0.2;0.009235667996108532,-6.327109947079634e-09,0.0;1.0,0.0,0.0,0.0
0.21;0.010121253319084644,-7.274808311308334e-09,0.0;1.0,0.0,0.0,0.0
0.22;0.011045647785067558,-8.312701638146791e-09,0.0;1.0,0.0,0.0,0.0
0.23;0.01200864277780056,-9.444884874199033e-09,0.0;1.0,0.0,0.0,0.0
0.24;0.013010025955736637,-1.0675460515585655e-08,0.0;1.0,0.0,0.0,0.0
0.25;0.014049584046006203,-1.2008524841178314e-08,0.0;1.0,0.0,0.0,0.0
0.26;0.015127109363675117,-1.3448183899811283e-08,0.0;1.0,0.0,0.0,0.0
0.27;0.016242388635873795,-1.4998528641285702e-08,0.0;1.0,0.0,0.0,0.0
0.28;0.017395207658410072,-1.6663669555327942e-08,0.0;1.0,0.0,0.0,0.0
0.29;0.018585355952382088,-1.8447691374490205e-08,0.0;1.0,0.0,0.0,0.0
0.3;0.019812624901533127,-2.0354704588498862e-08,0.0;1.0,0.0,0.0,0.0
0.31;0.021076802164316177,-2.2388812581652928e-08,0.0;1.0,0.0,0.0,0.0
0.32;0.022377675399184227,-2.4554100974683024e-08,0.0;1.0,0.0,0.0,0.0
0.33;0.023715032264590263,-2.685468736274288e-08,0.0;1.0,0.0,0.0,0.0
0.34;0.025088664144277573,-2.9294655590206276e-08,0.0;1.0,0.0,0.0,0.0
0.35;0.026498349383473396,-3.187810904137223e-08,0.0;1.0,0.0,0.0,0.0
0.36;0.027943892404437065,-3.4609158205967105e-08,0.0;1.0,0.0,0.0,0.0
0.37;0.02942507155239582,-3.7491883375651014e-08,0.0;1.0,0.0,0.0,0.0
0.38;0.03094167821109295,-4.053040214557768e-08,0.0;1.0,0.0,0.0,0.0
0.39;0.03249350190162659,-4.372880013647773e-08,0.0;1.0,0.0,0.0,0.0
0.4;0.03408031910657883,-4.709118428536385e-08,0.0;1.0,0.0,0.0,0.0
0.41;0.0357019416987896,-5.062166508196242e-08,0.0;1.0,0.0,0.0,0.0
0.42;0.03735813871026039,-5.4324317488863016e-08,0.0;1.0,0.0,0.0,0.0
0.43;0.039048708975315094,-5.820326265393305e-08,0.0;1.0,0.0,0.0,0.0
0.44;0.040773436427116394,-6.226258619790315e-08,0.0;1.0,0.0,0.0,0.0
0.45;0.04253210499882698,-6.6506395057786e-08,0.0;1.0,0.0,0.0,0.0
0.46;0.04432450979948044,-7.093878906516693e-08,0.0;1.0,0.0,0.0,0.0
0.47;0.04615044593811035,-7.556386094620393e-08,0.0;1.0,0.0,0.0,0.0
0.48;0.048009686172008514,-8.038573184876441e-08,0.0;1.0,0.0,0.0,0.0
0.49;0.04990202933549881,-8.540846607729691e-08,0.0;1.0,0.0,0.0,0.0
0.5;0.051827266812324524,-9.063617767424148e-08,0.0;1.0,0.0,0.0,0.0
0.51;0.05378516763448715,-9.607298068203818e-08,0.0;1.0,0.0,0.0,0.0
0.52;0.05577554553747177,-1.0172299624855441e-07,0.0;1.0,0.0,0.0,0.0
0.53;0.057798173278570175,-1.0759025315110193e-07,0.0;1.0,0.0,0.0,0.0
0.54;0.05985284969210625,-1.1367889385383023e-07,0.0;1.0,0.0,0.0,0.0
0.55;0.06193935498595238,-1.1999301818832464e-07,0.0;1.0,0.0,0.0,0.0
0.56;0.06405746936798096,-1.2653671888074314e-07,0.0;1.0,0.0,0.0,0.0
0.57;0.06620700657367706,-1.3331414550066256e-07,0.0;1.0,0.0,0.0,0.0
0.58;0.06838773936033249,-1.4032929129825789e-07,0.0;1.0,0.0,0.0,0.0
0.59;0.07059944421052933,-1.4758632005396066e-07,0.0;1.0,0.0,0.0,0.0
0.6;0.07284193485975266,-1.5508933870478359e-07,0.0;1.0,0.0,0.0,0.0
0.61;0.07511498034000397,-1.6284242576602992e-07,0.0;1.0,0.0,0.0,0.0
0.62;0.07741837948560715,-1.7084974501813122e-07,0.0;1.0,0.0,0.0,0.0
0.63;0.07975192368030548,-1.7911528971126245e-07,0.0;1.0,0.0,0.0,0.0
0.64;0.08211538940668106,-1.8764322362585517e-07,0.0;1.0,0.0,0.0,0.0
0.65;0.08450857549905777,-1.9643759685550322e-07,0.0;1.0,0.0,0.0,0.0
0.66;0.0869312733411789,-2.0550258739149285e-07,0.0;1.0,0.0,0.0,0.0
0.67;0.08938325196504593,-2.1484228795998206e-07,0.0;1.0,0.0,0.0,0.0
0.68;0.09186431765556335,-2.2446073444370995e-07,0.0;1.0,0.0,0.0,0.0
0.69;0.09437425434589386,-2.3436203377968923e-07,0.0;1.0,0.0,0.0,0.0
0.7;0.09691283106803894,-2.4455027869407786e-07,0.0;1.0,0.0,0.0,0.0
0.71;0.09947986900806427,-2.55029704021581e-07,0.0;1.0,0.0,0.0,0.0
0.72;0.10207514464855194,-2.658042319581e-07,0.0;1.0,0.0,0.0,0.0
0.73;0.10469844937324524,-2.7687804049492115e-07,0.0;1.0,0.0,0.0,0.0
0.74;0.10734955966472626,-2.88255193936493e-07,0.0;1.0,0.0,0.0,0.0
0.75;0.11002828180789948,-2.999398418523924e-07,0.0;1.0,0.0,0.0,0.0
0.76;0.11273438483476639,-3.119361338121962e-07,0.0;1.0,0.0,0.0,0.0
0.77;0.11546766757965088,-3.2424799201180576e-07,0.0;1.0,0.0,0.0,0.0
0.78;0.11822792887687683,-3.3687967970763566e-07,0.0;1.0,0.0,0.0,0.0
0.79;0.12101492285728455,-3.4983517593900615e-07,0.0;1.0,0.0,0.0,0.0
0.8;0.12382848560810089,-3.6311868711891293e-07,0.0;1.0,0.0,0.0,0.0
0.81;0.12666833400726318,-3.767343343952234e-07,0.0;1.0,0.0,0.0,0.0
0.82;0.12953434884548187,-3.9068609680725785e-07,0.0;1.0,0.0,0.0,0.0
0.83;0.13242624700069427,-4.0497809550288366e-07,0.0;1.0,0.0,0.0,0.0
0.84;0.13534386456012726,-4.1961445162996824e-07,0.0;1.0,0.0,0.0,0.0
0.85;0.13828694820404053,-4.3459931475808844e-07,0.0;1.0,0.0,0.0,0.0
0.86;0.14125533401966095,-4.4993680603511166e-07,0.0;1.0,0.0,0.0,0.0
0.87;0.14424876868724823,-4.656308760786487e-07,0.0;1.0,0.0,0.0,0.0
0.88;0.14726704359054565,-4.816857313016953e-07,0.0;1.0,0.0,0.0,0.0
0.89;0.1503099650144577,-4.981054644304095e-07,0.0;1.0,0.0,0.0,0.0
0.9;0.15337732434272766,-5.148941681909491e-07,0.0;1.0,0.0,0.0,0.0
0.91;0.15646888315677643,-5.320559921528911e-07,0.0;1.0,0.0,0.0,0.0
0.92;0.15958444774150848,-5.495949153555557e-07,0.0;1.0,0.0,0.0,0.0
0.93;0.1627238243818283,-5.675150873685197e-07,0.0;1.0,0.0,0.0,0.0
0.94;0.165886789560318,-5.858206577613601e-07,0.0;1.0,0.0,0.0,0.0
0.95;0.16907310485839844,-6.045157761036535e-07,0.0;1.0,0.0,0.0,0.0
0.96;0.17228259146213531,-6.236043645913014e-07,0.0;1.0,0.0,0.0,0.0
0.97;0.17551502585411072,-6.430906296372996e-07,0.0;1.0,0.0,0.0,0.0
0.98;0.17877019941806793,-6.629786071243871e-07,0.0;1.0,0.0,0.0,0.0
0.99;0.18204788863658905,-6.832725034655596e-07,0.0;1.0,0.0,0.0,0.0
1.0;0.18534789979457855,-7.03976468230394e-07,0.0;1.0,0.0,0.0,0.0
1.01;0.18867000937461853,-7.250943667713727e-07,0.0;1.0,0.0,0.0,0.0
1.02;0.19201400876045227,-7.466304055014916e-07,0.0;1.0,0.0,0.0,0.0
1.03;0.19537967443466187,-7.685888476771652e-07,0.0;1.0,0.0,0.0,0.0
1.04;0.1987668126821518,-7.909735018074571e-07,0.0;1.0,0.0,0.0,0.0
1.05;0.20217522978782654,-8.137887448356196e-07,0.0;1.0,0.0,0.0,0.0
1.06;0.2056046724319458,-8.370383284272975e-07,0.0;1.0,0.0,0.0,0.0
1.07;0.20905494689941406,-8.607268000559998e-07,0.0;1.0,0.0,0.0,0.0
1.08;0.2125258445739746,-8.848580819176277e-07,0.0;1.0,0.0,0.0,0.0
1.09;0.21601717174053192,-9.094359256778262e-07,0.0;1.0,0.0,0.0,0.0
1.1;0.2195287048816681,-9.344649924969417e-07,0.0;1.0,0.0,0.0,0.0
1.11;0.22306020557880402,-9.599489203537814e-07,0.0;1.0,0.0,0.0,0.0
1.12;0.2266114354133606,-9.858922567218542e-07,0.0;1.0,0.0,0.0,0.0
1.13;0.23018229007720947,-1.0122987532668049e-06,0.0;1.0,0.0,0.0,0.0
1.14;0.23377250134944916,-1.0391723890279536e-06,0.0;1.0,0.0,0.0,0.0
1.15;0.23738181591033936,-1.0665179388524848e-06,0.0;1.0,0.0,0.0,0.0
1.16;0.24101008474826813,-1.094338472285017e-06,0.0;1.0,0.0,0.0,0.0
1.17;0.24465706944465637,-1.1226391052332474e-06,0.0;1.0,0.0,0.0,0.0
1.18;0.2483225017786026,-1.1514234756759834e-06,0.0;1.0,0.0,0.0,0.0
1.19;0.25200629234313965,-1.1806953352788696e-06,0.0;1.0,0.0,0.0,0.0
1.2;0.2557081878185272,-1.2104595725759282e-06,0.0;1.0,0.0,0.0,0.0
1.21;0.25942790508270264,-1.240719484485453e-06,0.0;1.0,0.0,0.0,0.0
1.22;0.26316529512405396,-1.2714798458546284e-06,0.0;1.0,0.0,0.0,0.0
1.23;0.26692014932632446,-1.3027445220359368e-06,0.0;1.0,0.0,0.0,0.0
1.24;0.27069222927093506,-1.3345172646950232e-06,0.0;1.0,0.0,0.0,0.0
1.25;0.2744813561439514,-1.366802734992234e-06,0.0;1.0,0.0,0.0,0.0
1.26;0.27828726172447205,-1.399604798280052e-06,0.0;1.0,0.0,0.0,0.0
1.27;0.282109797000885,-1.432927092537284e-06,0.0;1.0,0.0,0.0,0.0
1.28;0.2859487235546112,-1.4667746199847898e-06,0.0;1.0,0.0,0.0,0.0
1.29;0.2898038327693939,-1.5011505638540257e-06,0.0;1.0,0.0,0.0,0.0
1.3;0.29367488622665405,-1.536059698992176e-06,0.0;1.0,0.0,0.0,0.0
1.31;0.2975617051124573,-1.5715061181253986e-06,0.0;1.0,0.0,0.0,0.0
1.32;0.3014640808105469,-1.6074931181719876e-06,0.0;1.0,0.0,0.0,0.0
1.33;0.30538180470466614,-1.644025928726478e-06,0.0;1.0,0.0,0.0,0.0
1.34;0.30931463837623596,-1.6811075056466507e-06,0.0;1.0,0.0,0.0,0.0
1.35;0.31326237320899963,-1.7187430785270408e-06,0.0;1.0,0.0,0.0,0.0
1.36;0.31722480058670044,-1.7569362853464554e-06,0.0;1.0,0.0,0.0,0.0
1.37;0.32120174169540405,-1.795690650396864e-06,0.0;1.0,0.0,0.0,0.0
1.38;0.325192928314209,-1.8350109485254507e-06,0.0;1.0,0.0,0.0,0.0
1.39;0.3291982114315033,-1.8749010450846981e-06,0.0;1.0,0.0,0.0,0.0
1.4;0.3332172632217407,-1.915365146487602e-06,0.0;1.0,0.0,0.0,0.0
1.41;0.3372500240802765,-1.9564076865208335e-06,0.0;1.0,0.0,0.0,0.0
1.42;0.3412962555885315,-1.9980316210421734e-06,0.0;1.0,0.0,0.0,0.0
1.43;0.3453556299209595,-2.040242407019832e-06,0.0;1.0,0.0,0.0,0.0
1.44;0.34942808747291565,-2.0830430003115907e-06,0.0;1.0,0.0,0.0,0.0
1.45;0.35351327061653137,-2.1264386305119842e-06,0.0;1.0,0.0,0.0,0.0
1.46;0.3576110899448395,-2.1704327082261443e-06,0.0;1.0,0.0,0.0,0.0
1.47;0.3617212772369385,-2.2150290988065535e-06,0.0;1.0,0.0,0.0,0.0
1.48;0.36584359407424927,-2.2602323497267207e-06,0.0;1.0,0.0,0.0,0.0
1.49;0.3699778914451599,-2.3060463263391284e-06,0.0;1.0,0.0,0.0,0.0
1.5;0.3741239309310913,-2.352475803490961e-06,0.0;1.0,0.0,0.0,0.0
1.51;0.37828147411346436,-2.3995239644136745e-06,0.0;1.0,0.0,0.0,0.0
1.52;0.3824503421783447,-2.447194901833427e-06,0.0;1.0,0.0,0.0,0.0
1.53;0.3866302967071533,-2.495493845344754e-06,0.0;1.0,0.0,0.0,0.0
1.54;0.3908211290836334,-2.544423296058085e-06,0.0;1.0,0.0,0.0,0.0
1.55;0.3950226902961731,-2.5939887109416304e-06,0.0;1.0,0.0,0.0,0.0
1.56;0.39923474192619324,-2.6441939553478733e-06,0.0;1.0,0.0,0.0,0.0
1.57;0.40345701575279236,-2.6950422125082696e-06,0.0;1.0,0.0,0.0,0.0
1.58;0.40768933296203613,-2.746538484643679e-06,0.0;1.0,0.0,0.0,0.0
1.59;0.41193145513534546,-2.7986870918539353e-06,0.0;1.0,0.0,0.0,0.0
1.6;0.4161832332611084,-2.851490535249468e-06,0.0;1.0,0.0,0.0,0.0
1.61;0.42044445872306824,-2.9049547265458386e-06,0.0;1.0,0.0,0.0,0.0
1.62;0.42471474409103394,-2.959082621600828e-06,0.0;1.0,0.0,0.0,0.0
1.63;0.4289941191673279,-3.0138794500089716e-06,0.0;1.0,0.0,0.0,0.0
1.64;0.4332823157310486,-3.0693483950017253e-06,0.0;1.0,0.0,0.0,0.0
1.65;0.43757903575897217,-3.125493549305247e-06,0.0;1.0,0.0,0.0,0.0
1.66;0.4418841004371643,-3.182319460393046e-06,0.0;1.0,0.0,0.0,0.0
1.67;0.4461973309516907,-3.2398295388702536e-06,0.0;1.0,0.0,0.0,0.0
1.68;0.45051848888397217,-3.2980287869577296e-06,0.0;1.0,0.0,0.0,0.0
1.69;0.4548473358154297,-3.3569215247553075e-06,0.0;1.0,0.0,0.0,0.0
1.7;0.4591836929321289,-3.416509798626066e-06,0.0;1.0,0.0,0.0,0.0
1.71;0.4635273814201355,-3.476799975032918e-06,0.0;1.0,0.0,0.0,0.0
1.72;0.46787816286087036,-3.5377947824599687e-06,0.0;1.0,0.0,0.0,0.0
1.73;0.4722357988357544,-3.5994992231280776e-06,0.0;1.0,0.0,0.0,0.0
1.74;0.4766000509262085,-3.6619173897634028e-06,0.0;1.0,0.0,0.0,0.0
1.75;0.4809708595275879,-3.725051783476374e-06,0.0;1.0,0.0,0.0,0.0
1.76;0.48534777760505676,-3.788909225477255e-06,0.0;1.0,0.0,0.0,0.0
1.77;0.4897308349609375,-3.853490397887072e-06,0.0;1.0,0.0,0.0,0.0
1.78;0.49411964416503906,-3.918803031410789e-06,0.0;1.0,0.0,0.0,0.0
1.79;0.4985140562057495,-3.9848491724114865e-06,0.0;1.0,0.0,0.0,0.0
1.8;0.5029138922691345,-4.051632458867971e-06,0.0;1.0,0.0,0.0,0.0
1.81;0.507318913936615,-4.119158347748453e-06,0.0;1.0,0.0,0.0,0.0
1.82;0.5117288827896118,-4.1874300222843885e-06,0.0;1.0,0.0,0.0,0.0
1.83;0.5161436200141907,-4.256452484696638e-06,0.0;1.0,0.0,0.0,0.0
1.84;0.5205628871917725,-4.326229372964008e-06,0.0;1.0,0.0,0.0,0.0
1.85;0.5249865055084229,-4.3967638703179546e-06,0.0;1.0,0.0,0.0,0.0
1.86;0.5294142961502075,-4.46806188847404e-06,0.0;1.0,0.0,0.0,0.0
1.87;0.5338459014892578,-4.540126155916369e-06,0.0;1.0,0.0,0.0,0.0
1.88;0.538281261920929,-4.612960310623748e-06,0.0;1.0,0.0,0.0,0.0
1.89;0.5427201390266418,-4.686570719059091e-06,0.0;1.0,0.0,0.0,0.0
1.9;0.5471622943878174,-4.76095874546445e-06,0.0;1.0,0.0,0.0,0.0
1.91;0.5516074895858765,-4.836130756302737e-06,0.0;1.0,0.0,0.0,0.0
1.92;0.5560555458068848,-4.912089934805408e-06,0.0;1.0,0.0,0.0,0.0
1.93;0.5605062246322632,-4.98883946420392e-06,0.0;1.0,0.0,0.0,0.0
1.94;0.5649593472480774,-5.0663852562138345e-06,0.0;1.0,0.0,0.0,0.0
1.95;0.5694146752357483,-5.1447295845719054e-06,0.0;1.0,0.0,0.0,0.0
1.96;0.5738719701766968,-5.223877906246344e-06,0.0;1.0,0.0,0.0,0.0
1.97;0.5783312320709229,-5.303834768710658e-06,0.0;1.0,0.0,0.0,0.0
1.98;0.5827919244766235,-5.384601536206901e-06,0.0;1.0,0.0,0.0,0.0
1.99;0.5872540473937988,-5.466185484692687e-06,0.0;1.0,0.0,0.0,0.0
2.0;0.5917173624038696,-5.54858843315742e-06,0.0;1.0,0.0,0.0,0.0
2.01;0.5961816310882568,-5.6318162933166604e-06,0.0;1.0,0.0,0.0,0.0
2.02;0.6006465554237366,-5.715872703149216e-06,0.0;1.0,0.0,0.0,0.0
2.03;0.6051120758056641,-5.800759481644491e-06,0.0;1.0,0.0,0.0,0.0
2.04;0.6095778942108154,-5.886483904760098e-06,0.0;1.0,0.0,0.0,0.0
2.05;0.6140438318252563,-5.973047791485442e-06,0.0;1.0,0.0,0.0,0.0
2.06;0.6185096502304077,-6.0604570535360835e-06,0.0;1.0,0.0,0.0,0.0
2.07;0.6229750514030457,-6.14871532889083e-06,0.0;1.0,0.0,0.0,0.0
2.08;0.6274400949478149,-6.23782671027584e-06,0.0;1.0,0.0,0.0,0.0
2.09;0.6319042444229126,-6.327792561933165e-06,0.0;1.0,0.0,0.0,0.0
2.1;0.6363676190376282,-6.4186210693151224e-06,0.0;1.0,0.0,0.0,0.0
2.11;0.6408296823501587,-6.5103145061584655e-06,0.0;1.0,0.0,0.0,0.0
2.12;0.6452904939651489,-6.602876965189353e-06,0.0;1.0,0.0,0.0,0.0
2.13;0.6497495770454407,-6.6963134486286435e-06,0.0;1.0,0.0,0.0,0.0
2.14;0.6542069911956787,-6.790623956476338e-06,0.0;1.0,0.0,0.0,0.0
2.15;0.6586622595787048,-6.885818947921507e-06,0.0;1.0,0.0,0.0,0.0
2.16;0.663115382194519,-6.981899787206203e-06,0.0;1.0,0.0,0.0,0.0
2.17;0.6675660610198975,-7.078869202814531e-06,0.0;1.0,0.0,0.0,0.0
2.18;0.672014057636261,-7.176733106462052e-06,0.0;1.0,0.0,0.0,0.0
2.19;0.6764593124389648,-7.275491952896118e-06,0.0;1.0,0.0,0.0,0.0
2.2;0.6809014081954956,-7.375155291811097e-06,0.0;1.0,0.0,0.0,0.0
2.21;0.685340404510498,-7.4757244874490425e-06,0.0;1.0,0.0,0.0,0.0
2.22;0.6897755861282349,-7.577204087283462e-06,0.0;1.0,0.0,0.0,0.0
2.23;0.6942074298858643,-7.679597729293164e-06,0.0;1.0,0.0,0.0,0.0
2.24;0.6986350417137146,-7.782908141962253e-06,0.0;1.0,0.0,0.0,0.0
2.25;0.703058660030365,-7.887142601248343e-06,0.0;1.0,0.0,0.0,0.0
2.26;0.7074779272079468,-7.992302926140837e-06,0.0;1.0,0.0,0.0,0.0
2.27;0.7118927240371704,-8.098394573607948e-06,0.0;1.0,0.0,0.0,0.0
2.28;0.7163026332855225,-8.20542118162848e-06,0.0;1.0,0.0,0.0,0.0
2.29;0.7207077741622925,-8.313386388181243e-06,0.0;1.0,0.0,0.0,0.0
2.3;0.7251074314117432,-8.422292012255639e-06,0.0;1.0,0.0,0.0,0.0
2.31;0.7295019626617432,-8.532148058293387e-06,0.0;1.0,0.0,0.0,0.0
2.32;0.7338907718658447,-8.642953616799787e-06,0.0;1.0,0.0,0.0,0.0
2.33;0.7382738590240479,-8.754714144743048e-06,0.0;1.0,0.0,0.0,0.0
2.34;0.7426506876945496,-8.867436008586083e-06,0.0;1.0,0.0,0.0,0.0
2.35;0.7470216155052185,-8.981117389339488e-06,0.0;1.0,0.0,0.0,0.0
2.36;0.7513858079910278,-9.095769200939685e-06,0.0;1.0,0.0,0.0,0.0
2.37;0.7557433843612671,-9.211392352881376e-06,0.0;1.0,0.0,0.0,0.0
2.38;0.7600942850112915,-9.327990483143367e-06,0.0;1.0,0.0,0.0,0.0
2.39;0.7644379138946533,-9.445569958188571e-06,0.0;1.0,0.0,0.0,0.0
2.4;0.7687742710113525,-9.564130778016988e-06,0.0;1.0,0.0,0.0,0.0
2.41;0.7731031179428101,-9.683681128080934e-06,0.0;1.0,0.0,0.0,0.0
2.42;0.7774243354797363,-9.804223736864515e-06,0.0;1.0,0.0,0.0,0.0
2.43;0.7817375063896179,-9.92576406133594e-06,0.0;1.0,0.0,0.0,0.0
2.44;0.7860425710678101,-1.0048303010989912e-05,0.0;1.0,0.0,0.0,0.0
2.45;0.7903392314910889,-1.0171843314310536e-05,0.0;1.0,0.0,0.0,0.0
2.46;0.7946274280548096,-1.0296396794728935e-05,0.0;1.0,0.0,0.0,0.0
2.47;0.7989068031311035,-1.0421960723761003e-05,0.0;1.0,0.0,0.0,0.0
2.48;0.8031772375106812,-1.0548543286859058e-05,0.0;1.0,0.0,0.0,0.0
2.49;0.8074383735656738,-1.06761453935178e-05,0.0;1.0,0.0,0.0,0.0
2.5;0.8116901516914368,-1.0804769772221334e-05,0.0;1.0,0.0,0.0,0.0
2.51;0.8159322738647461,-1.0934426427411381e-05,0.0;1.0,0.0,0.0,0.0
2.52;0.8201646208763123,-1.106511535908794e-05,0.0;1.0,0.0,0.0,0.0
2.53;0.8243868947029114,-1.1196842933713924e-05,0.0;1.0,0.0,0.0,0.0
2.54;0.8285989165306091,-1.1329611879773438e-05,0.0;1.0,0.0,0.0,0.0
2.55;0.8328005075454712,-1.146342128777178e-05,0.0;1.0,0.0,0.0,0.0
2.56;0.8369914293289185,-1.1598284800129477e-05,0.0;1.0,0.0,0.0,0.0
2.57;0.8411713242530823,-1.1734201507351827e-05,0.0;1.0,0.0,0.0,0.0
2.58;0.8453402519226074,-1.1871175956912339e-05,0.0;1.0,0.0,0.0,0.0
2.59;0.8494977355003357,-1.200921178678982e-05,0.0;1.0,0.0,0.0,0.0
2.6;0.8536437153816223,-1.2148310815973673e-05,0.0;1.0,0.0,0.0,0.0
2.61;0.857778012752533,-1.2288482139410917e-05,0.0;1.0,0.0,0.0,0.0
2.62;0.861900269985199,-1.2429729395080358e-05,0.0;1.0,0.0,0.0,0.0
2.63;0.8660104870796204,-1.2572053492476698e-05,0.0;1.0,0.0,0.0,0.0
2.64;0.8701082468032837,-1.271546079806285e-05,0.0;1.0,0.0,0.0,0.0
2.65;0.8741934895515442,-1.285994949284941e-05,0.0;1.0,0.0,0.0,0.0
2.66;0.8782658576965332,-1.3005533219256904e-05,0.0;1.0,0.0,0.0,0.0
2.67;0.8823254108428955,-1.3152211977285333e-05,0.0;1.0,0.0,0.0,0.0
2.68;0.8863714933395386,-1.3299988495418802e-05,0.0;1.0,0.0,0.0,0.0
2.69;0.8904044032096863,-1.3448868230625521e-05,0.0;1.0,0.0,0.0,0.0
2.7;0.8944234251976013,-1.3598851182905491e-05,0.0;1.0,0.0,0.0,0.0
2.71;0.898428738117218,-1.3749949175689835e-05,0.0;1.0,0.0,0.0,0.0
2.72;0.902419924736023,-1.3902162208978552e-05,0.0;1.0,0.0,0.0,0.0
2.73;0.9063968062400818,-1.4055494830245152e-05,0.0;1.0,0.0,0.0,0.0
2.74;0.9103593230247498,-1.420994976797374e-05,0.0;1.0,0.0,0.0,0.0
2.75;0.9143070578575134,-1.436552975064842e-05,0.0;1.0,0.0,0.0,0.0
2.76;0.9182397723197937,-1.4522243873216212e-05,0.0;1.0,0.0,0.0,0.0
2.77;0.9221575856208801,-1.4680092135677114e-05,0.0;1.0,0.0,0.0,0.0
2.78;0.9260599613189697,-1.4839081813988741e-05,0.0;1.0,0.0,0.0,0.0
2.79;0.9299468398094177,-1.4999216546129901e-05,0.0;1.0,0.0,0.0,0.0
2.8;0.9338178038597107,-1.5160494513111189e-05,0.0;1.0,0.0,0.0,0.0
2.81;0.9376728534698486,-1.5322926628869027e-05,0.0;1.0,0.0,0.0,0.0
2.82;0.9415118098258972,-1.548651562188752e-05,0.0;1.0,0.0,0.0,0.0
2.83;0.945334255695343,-1.565126694913488e-05,0.0;1.0,0.0,0.0,0.0
2.84;0.9491402506828308,-1.5817180610611103e-05,0.0;1.0,0.0,0.0,0.0
2.85;0.9529293775558472,-1.5984258425305597e-05,0.0;1.0,0.0,0.0,0.0
2.86;0.9567015171051025,-1.6152513126144186e-05,0.0;1.0,0.0,0.0,0.0
2.87;0.9604561924934387,-1.6321944713126868e-05,0.0;1.0,0.0,0.0,0.0
2.88;0.9641937017440796,-1.649255682423245e-05,0.0;1.0,0.0,0.0,0.0
2.89;0.9679134488105774,-1.6664353097439744e-05,0.0;1.0,0.0,0.0,0.0
2.9;0.971615195274353,-1.6837335351738147e-05,0.0;1.0,0.0,0.0,0.0
2.91;0.9752990007400513,-1.7011514501064084e-05,0.0;1.0,0.0,0.0,0.0
2.92;0.9789645671844482,-1.7186890545417555e-05,0.0;1.0,0.0,0.0,0.0
2.93;0.9826115965843201,-1.7363467122777365e-05,0.0;1.0,0.0,0.0,0.0
2.94;0.9862397909164429,-1.7541249690111727e-05,0.0;1.0,0.0,0.0,0.0
2.95;0.9898490905761719,-1.7720240066410042e-05,0.0;1.0,0.0,0.0,0.0
2.96;0.9934393763542175,-1.7900443708640523e-05,0.0;1.0,0.0,0.0,0.0
2.97;0.9970101118087769,-1.8081864254781976e-05,0.0;1.0,0.0,0.0,0.0
2.98;1.0005614757537842,-1.826451079978142e-05,0.0;1.0,0.0,0.0,0.0
2.99;1.0040929317474365,-1.844838152464945e-05,0.0;1.0,0.0,0.0,0.0
3.0;1.0076043605804443,-1.863348006736487e-05,0.0;1.0,0.0,0.0,0.0
3.01;1.0110957622528076,-1.88198118848959e-05,0.0;1.0,0.0,0.0,0.0
3.02;1.0145666599273682,-1.900738243421074e-05,0.0;1.0,0.0,0.0,0.0
3.03;1.018017053604126,-1.9196197172277607e-05,0.0;1.0,0.0,0.0,0.0
3.04;1.0214464664459229,-1.9386259737075306e-05,0.0;1.0,0.0,0.0,0.0
3.05;1.0248547792434692,-1.957757012860384e-05,0.0;1.0,0.0,0.0,0.0
3.06;1.028241753578186,-1.977013198484201e-05,0.0;1.0,0.0,0.0,0.0
3.07;1.0316076278686523,-1.9963956219726242e-05,0.0;1.0,0.0,0.0,0.0
3.08;1.0349514484405518,-2.0159042833256535e-05,0.0;1.0,0.0,0.0,0.0
3.09;1.038273572921753,-2.03553972824011e-05,0.0;1.0,0.0,0.0,0.0
3.1;1.0415736436843872,-2.055302138614934e-05,0.0;1.0,0.0,0.0,0.0
3.11;1.0448514223098755,-2.0751915144501254e-05,0.0;1.0,0.0,0.0,0.0
3.12;1.0481064319610596,-2.0952093109372072e-05,0.0;1.0,0.0,0.0,0.0
3.13;1.0513391494750977,-2.1153557099751197e-05,0.0;1.0,0.0,0.0,0.0
3.14;1.0545485019683838,-2.135630711563863e-05,0.0;1.0,0.0,0.0,0.0
3.15;1.0577349662780762,-2.1560346795013174e-05,0.0;1.0,0.0,0.0,0.0
3.16;1.0608978271484375,-2.1765677956864238e-05,0.0;1.0,0.0,0.0,0.0
3.17;1.0640372037887573,-2.1972313334117644e-05,0.0;1.0,0.0,0.0,0.0
3.18;1.0671526193618774,-2.218025292677339e-05,0.0;1.0,0.0,0.0,0.0
3.19;1.070244312286377,-2.2389502191799693e-05,0.0;1.0,0.0,0.0,0.0
3.2;1.0733115673065186,-2.2600059310207143e-05,0.0;1.0,0.0,0.0,0.0
3.21;1.0763546228408813,-2.2811929738963954e-05,0.0;1.0,0.0,0.0,0.0
3.22;1.079372763633728,-2.302512621099595e-05,0.0;1.0,0.0,0.0,0.0
3.23;1.0823664665222168,-2.323964326933492e-05,0.0;1.0,0.0,0.0,0.0
3.24;1.0853347778320312,-2.345549364690669e-05,0.0;1.0,0.0,0.0,0.0
3.25;1.0882776975631714,-2.3672671886743046e-05,0.0;1.0,0.0,0.0,0.0
3.26;1.0911953449249268,-2.3891183445812203e-05,0.0;1.0,0.0,0.0,0.0
3.27;1.0940871238708496,-2.4111041057039984e-05,0.0;1.0,0.0,0.0,0.0
3.28;1.096953272819519,-2.4332244720426388e-05,0.0;1.0,0.0,0.0,0.0
3.29;1.0997931957244873,-2.4554792616982013e-05,0.0;1.0,0.0,0.0,0.0
3.3;1.1026066541671753,-2.4778697479632683e-05,0.0;1.0,0.0,0.0,0.0
3.31;1.1053937673568726,-2.5003953851410188e-05,0.0;1.0,0.0,0.0,0.0
3.32;1.1081539392471313,-2.523057264625095e-05,0.0;1.0,0.0,0.0,0.0
3.33;1.1108871698379517,-2.545856114011258e-05,0.0;1.0,0.0,0.0,0.0
3.34;1.113593339920044,-2.5687917514005676e-05,0.0;1.0,0.0,0.0,0.0
3.35;1.1162720918655396,-2.591864722489845e-05,0.0;1.0,0.0,0.0,0.0
3.36;1.118923306465149,-2.6150748453801498e-05,0.0;1.0,0.0,0.0,0.0
3.37;1.1215465068817139,-2.6384235752630048e-05,0.0;1.0,0.0,0.0,0.0
3.38;1.1241416931152344,-2.6619112759362906e-05,0.0;1.0,0.0,0.0,0.0
3.39;1.1267088651657104,-2.685537765501067e-05,0.0;1.0,0.0,0.0,0.0
3.4;1.1292474269866943,-2.7093034077552147e-05,0.0;1.0,0.0,0.0,0.0
3.41;1.131757140159607,-2.733208384597674e-05,0.0;1.0,0.0,0.0,0.0
3.42;1.134238362312317,-2.7572539693210274e-05,0.0;1.0,0.0,0.0,0.0
3.43;1.136690378189087,-2.7814405257231556e-05,0.0;1.0,0.0,0.0,0.0
3.44;1.1391130685806274,-2.8057680538040586e-05,0.0;1.0,0.0,0.0,0.0
3.45;1.141506314277649,-2.830236917361617e-05,0.0;1.0,0.0,0.0,0.0
3.46;1.1438696384429932,-2.8548469344968908e-05,0.0;1.0,0.0,0.0,0.0
3.47;1.1462032794952393,-2.879599924199283e-05,0.0;1.0,0.0,0.0,0.0
3.48;1.14850652217865,-2.904495704569854e-05,0.0;1.0,0.0,0.0,0.0
3.49;1.1507796049118042,-2.9295344575075433e-05,0.0;1.0,0.0,0.0,0.0
3.5;1.1530221700668335,-2.954716546810232e-05,0.0;1.0,0.0,0.0,0.0
3.51;1.1552339792251587,-2.9800419724779204e-05,0.0;1.0,0.0,0.0,0.0
3.52;1.1574145555496216,-3.0055125535000116e-05,0.0;1.0,0.0,0.0,0.0
3.53;1.1595640182495117,-3.031127926078625e-05,0.0;1.0,0.0,0.0,0.0
3.54;1.16168212890625,-3.056888090213761e-05,0.0;1.0,0.0,0.0,0.0
3.55;1.1637687683105469,-3.08279377350118e-05,0.0;1.0,0.0,0.0,0.0
3.56;1.1658233404159546,-3.108844975940883e-05,0.0;1.0,0.0,0.0,0.0
3.57;1.1678460836410522,-3.135043152724393e-05,0.0;1.0,0.0,0.0,0.0
3.58;1.1698362827301025,-3.161387940053828e-05,0.0;1.0,0.0,0.0,0.0
3.59;1.1717942953109741,-3.1878800655249506e-05,0.0;1.0,0.0,0.0,0.0
3.6;1.1737196445465088,-3.2145195291377604e-05,0.0;1.0,0.0,0.0,0.0
3.61;1.1756118535995483,-3.241306694690138e-05,0.0;1.0,0.0,0.0,0.0
3.62;1.1774712800979614,-3.268242653575726e-05,0.0;1.0,0.0,0.0,0.0
3.63;1.1792969703674316,-3.2953274057945237e-05,0.0;1.0,0.0,0.0,0.0
3.64;1.1810895204544067,-3.322561678942293e-05,0.0;1.0,0.0,0.0,0.0
3.65;1.1828480958938599,-3.3499458368169144e-05,0.0;1.0,0.0,0.0,0.0
3.66;1.1845729351043701,-3.377478424226865e-05,0.0;1.0,0.0,0.0,0.0
3.67;1.1862634420394897,-3.405162715353072e-05,0.0;1.0,0.0,0.0,0.0
3.68;1.1879197359085083,-3.4329979825997725e-05,0.0;1.0,0.0,0.0,0.0
3.69;1.1895413398742676,-3.4609842259669676e-05,0.0;1.0,0.0,0.0,0.0
3.7;1.1911280155181885,-3.489122536848299e-05,0.0;1.0,0.0,0.0,0.0
3.71;1.192679762840271,-3.517411823850125e-05,0.0;1.0,0.0,0.0,0.0
3.72;1.1941964626312256,-3.5458542697597295e-05,0.0;1.0,0.0,0.0,0.0
3.73;1.1956777572631836,-3.574450238374993e-05,0.0;1.0,0.0,0.0,0.0
3.74;1.1971232891082764,-3.6031993658980355e-05,0.0;1.0,0.0,0.0,0.0
3.75;1.1985328197479248,-3.632101652328856e-05,0.0;1.0,0.0,0.0,0.0
3.76;1.199906587600708,-3.661157825263217e-05,0.0;1.0,0.0,0.0,0.0
3.77;1.2012437582015991,-3.69036897609476e-05,0.0;1.0,0.0,0.0,0.0
3.78;1.2025448083877563,-3.719735468621366e-05,0.0;1.0,0.0,0.0,0.0
3.79;1.2038090229034424,-3.749257302843034e-05,0.0;1.0,0.0,0.0,0.0
3.8;1.2050362825393677,-3.778934842557646e-05,0.0;1.0,0.0,0.0,0.0
3.81;1.2062264680862427,-3.808767723967321e-05,0.0;1.0,0.0,0.0,0.0
3.82;1.2073791027069092,-3.838758129859343e-05,0.0;1.0,0.0,0.0,0.0
3.83;1.2084945440292358,-3.868905332637951e-05,0.0;1.0,0.0,0.0,0.0
3.84;1.2095718383789062,-3.8992100598989055e-05,0.0;1.0,0.0,0.0,0.0
3.85;1.2106115818023682,-3.929672675440088e-05,0.0;1.0,0.0,0.0,0.0
3.86;1.2116129398345947,-3.9602928154636174e-05,0.0;1.0,0.0,0.0,0.0
3.87;1.212575912475586,-3.9910722989588976e-05,0.0;1.0,0.0,0.0,0.0
3.88;1.2135004997253418,-4.0220107621280476e-05,0.0;1.0,0.0,0.0,0.0
3.89;1.214385986328125,-4.053108932566829e-05,0.0;1.0,0.0,0.0,0.0
3.9;1.2152326107025146,-4.084366810275242e-05,0.0;1.0,0.0,0.0,0.0
3.91;1.2160398960113525,-4.115784395253286e-05,0.0;1.0,0.0,0.0,0.0
3.92;1.2168076038360596,-4.147363142692484e-05,0.0;1.0,0.0,0.0,0.0
3.93;1.2175357341766357,-4.179103052592836e-05,0.0;1.0,0.0,0.0,0.0
3.94;1.218224287033081,-4.211004852550104e-05,0.0;1.0,0.0,0.0,0.0
3.95;1.2188725471496582,-4.243068542564288e-05,0.0;1.0,0.0,0.0,0.0
3.96;1.2194807529449463,-4.2752933950396255e-05,0.0;1.0,0.0,0.0,0.0
3.97;1.220047950744629,-4.307681956561282e-05,0.0;1.0,0.0,0.0,0.0
3.98;1.2205748558044434,-4.340234227129258e-05,0.0;1.0,0.0,0.0,0.0
3.99;1.2210605144500732,-4.372949115349911e-05,0.0;1.0,0.0,0.0,0.0
4.0;1.2215054035186768,-4.4058284402126446e-05,0.0;1.0,0.0,0.0,0.0
4.01;1.2219088077545166,-4.438871474121697e-05,0.0;1.0,0.0,0.0,0.0
4.02;1.2222704887390137,-4.4720800360664725e-05,0.0;1.0,0.0,0.0,0.0
4.03;1.222590684890747,-4.50545376224909e-05,0.0;1.0,0.0,0.0,0.0
4.04;1.2228684425354004,-4.53899301646743e-05,0.0;1.0,0.0,0.0,0.0
4.05;1.223104476928711,-4.5726988901151344e-05,0.0;1.0,0.0,0.0,0.0
4.06;1.2232978343963623,-4.6065695642028004e-05,0.0;1.0,0.0,0.0,0.0
4.07;1.2234487533569336,-4.640608312911354e-05,0.0;1.0,0.0,0.0,0.0
4.08;1.2235565185546875,-4.674814408645034e-05,0.0;1.0,0.0,0.0,0.0
4.09;1.22361159324646,-4.70918785140384e-05,0.0;1.0,0.0,0.0,0.0
4.1;1.2236319780349731,-4.743729732581414e-05,0.0;1.0,0.0,0.0,0.0
4.11;1.2236348390579224,-4.778438960784115e-05,0.0;1.0,0.0,0.0,0.0
4.12;1.2236146926879883,-4.813317355001345e-05,0.0;1.0,0.0,0.0,0.0
4.13;1.223568081855774,-0.00010804689372889698,0.0;1.0,0.0,0.0,0.0
4.14;1.2235100269317627,-0.00019163405522704124,0.0;1.0,0.0,0.0,0.0
4.15;1.2234355211257935,-0.00029872619779780507,0.0;1.0,0.0,0.0,0.0
4.16;1.2233449220657349,-0.00042915469384752214,0.0;1.0,0.0,0.0,0.0
4.17;1.2232381105422974,-0.0005827512941323221,0.0;1.0,0.0,0.0,0.0
4.18;1.22311532497406,-0.0007593471673317254,0.0;1.0,0.0,0.0,0.0
4.19;1.222976565361023,-0.0009587740642018616,0.0;1.0,0.0,0.0,0.0
4.2;1.2228223085403442,-0.0011808635899797082,0.0;1.0,0.0,0.0,0.0
4.21;1.2226521968841553,-0.001425446942448616,0.0;1.0,0.0,0.0,0.0
4.22;1.2224665880203247,-0.0016923556104302406,0.0;1.0,0.0,0.0,0.0
4.23;1.222265601158142,-0.001981422072276473,0.0;1.0,0.0,0.0,0.0
4.24;1.2220492362976074,-0.0022924761287868023,0.0;1.0,0.0,0.0,0.0
4.25;1.221817970275879,-0.0026253503747284412,0.0;1.0,0.0,0.0,0.0
4.26;1.221571445465088,-0.002979876007884741,0.0;1.0,0.0,0.0,0.0
4.27;1.221310019493103,-0.0033558851573616266,0.0;1.0,0.0,0.0,0.0
4.28;1.2210336923599243,-0.003753208089619875,0.0;1.0,0.0,0.0,0.0
4.29;1.2207427024841309,-0.004171677399426699,0.0;1.0,0.0,0.0,0.0
4.3;1.2204371690750122,-0.004611125215888023,0.0;1.0,0.0,0.0,0.0
4.31;1.220117211341858,-0.0050713797099888325,0.0;1.0,0.0,0.0,0.0
4.32;1.219782829284668,-0.005552276968955994,0.0;1.0,0.0,0.0,0.0
4.33;1.2194342613220215,-0.006053646095097065,0.0;1.0,0.0,0.0,0.0
4.34;1.219071388244629,-0.006575317122042179,0.0;1.0,0.0,0.0,0.0
4.35;1.2186946868896484,-0.007117124740034342,0.0;1.0,0.0,0.0,0.0
4.36;1.21830415725708,-0.00767889991402626,0.0;1.0,0.0,0.0,0.0
4.37;1.2178997993469238,-0.008260469883680344,0.0;1.0,0.0,0.0,0.0
4.38;1.2174818515777588,-0.008861673064529896,0.0;1.0,0.0,0.0,0.0
4.39;1.2170501947402954,-0.009482334367930889,0.0;1.0,0.0,0.0,0.0
4.4;1.2166051864624023,-0.010122288949787617,0.0;1.0,0.0,0.0,0.0
4.41;1.2161470651626587,-0.010781369172036648,0.0;1.0,0.0,0.0,0.0
4.42;1.2156755924224854,-0.011459402740001678,0.0;1.0,0.0,0.0,0.0
4.43;1.2151910066604614,-0.012156224809587002,0.0;1.0,0.0,0.0,0.0
4.44;1.2146936655044556,-0.012871665880084038,0.0;1.0,0.0,0.0,0.0
4.45;1.2141833305358887,-0.013605554588139057,0.0;1.0,0.0,0.0,0.0
4.46;1.2136603593826294,-0.014357727020978928,0.0;1.0,0.0,0.0,0.0
4.47;1.2131248712539673,-0.015128012746572495,0.0;1.0,0.0,0.0,0.0
4.48;1.2125767469406128,-0.015916243195533752,0.0;1.0,0.0,0.0,0.0
4.49;1.2120163440704346,-0.01672224886715412,0.0;1.0,0.0,0.0,0.0
4.5;1.2114436626434326,-0.01754586398601532,0.0;1.0,0.0,0.0,0.0
4.51;1.2108588218688965,-0.01838691532611847,0.0;1.0,0.0,0.0,0.0
4.52;1.2102620601654053,-0.019245237112045288,0.0;1.0,0.0,0.0,0.0
4.53;1.209653377532959,-0.020120663568377495,0.0;1.0,0.0,0.0,0.0
4.54;1.2090330123901367,-0.02101302333176136,0.0;1.0,0.0,0.0,0.0
4.55;1.208400845527649,-0.021922148764133453,0.0;1.0,0.0,0.0,0.0
4.56;1.2077571153640747,-0.022847870364785194,0.0;1.0,0.0,0.0,0.0
4.57;1.2071021795272827,-0.023790016770362854,0.0;1.0,0.0,0.0,0.0
4.58;1.2064356803894043,-0.02474842593073845,0.0;1.0,0.0,0.0,0.0
4.59;1.2057580947875977,-0.0257229283452034,0.0;1.0,0.0,0.0,0.0
4.6;1.2050694227218628,-0.026713350787758827,0.0;1.0,0.0,0.0,0.0
4.61;1.2043697834014893,-0.027719533070921898,0.0;1.0,0.0,0.0,0.0
4.62;1.2036594152450562,-0.028741296380758286,0.0;1.0,0.0,0.0,0.0
4.63;1.2029383182525635,-0.02977846935391426,0.0;1.0,0.0,0.0,0.0
4.64;1.2022066116333008,-0.030830899253487587,0.0;1.0,0.0,0.0,0.0
4.65;1.201464295387268,-0.03189840912818909,0.0;1.0,0.0,0.0,0.0
4.66;1.200711727142334,-0.03298083320260048,0.0;1.0,0.0,0.0,0.0
4.67;1.199948787689209,-0.034077998250722885,0.0;1.0,0.0,0.0,0.0
4.68;1.1991758346557617,-0.035189732909202576,0.0;1.0,0.0,0.0,0.0
4.69;1.1983928680419922,-0.03631587699055672,0.0;1.0,0.0,0.0,0.0
4.7;1.1975998878479004,-0.03745625913143158,0.0;1.0,0.0,0.0,0.0
4.71;1.196797251701355,-0.03861071541905403,0.0;1.0,0.0,0.0,0.0
4.72;1.195984959602356,-0.039779067039489746,0.0;1.0,0.0,0.0,0.0
4.73;1.1951628923416138,-0.04096115380525589,0.0;1.0,0.0,0.0,0.0
4.74;1.1943316459655762,-0.04215679690241814,0.0;1.0,0.0,0.0,0.0
4.75;1.193490982055664,-0.04336584359407425,0.0;1.0,0.0,0.0,0.0
4.76;1.1926411390304565,-0.0445881150662899,0.0;1.0,0.0,0.0,0.0
4.77;1.1917822360992432,-0.04582344740629196,0.0;1.0,0.0,0.0,0.0
4.78;1.190914273262024,-0.0470716655254364,0.0;1.0,0.0,0.0,0.0
4.79;1.1900376081466675,-0.04833260178565979,0.0;1.0,0.0,0.0,0.0
4.8;1.1891521215438843,-0.049606092274188995,0.0;1.0,0.0,0.0,0.0
4.81;1.1882580518722534,-0.050891973078250885,0.0;1.0,0.0,0.0,0.0
4.82;1.1873555183410645,-0.05219006538391113,0.0;1.0,0.0,0.0,0.0
4.83;1.1864445209503174,-0.0535002127289772,0.0;1.0,0.0,0.0,0.0
4.84;1.1855252981185913,-0.054822225123643875,0.0;1.0,0.0,0.0,0.0
4.85;1.1845979690551758,-0.05615595728158951,0.0;1.0,0.0,0.0,0.0
4.86;1.1836625337600708,-0.05750122666358948,0.0;1.0,0.0,0.0,0.0
4.87;1.182719349861145,-0.05885786563158035,0.0;1.0,0.0,0.0,0.0
4.88;1.1817682981491089,-0.0602257214486599,0.0;1.0,0.0,0.0,0.0
4.89;1.1808096170425415,-0.06160460785031319,0.0;1.0,0.0,0.0,0.0
4.9;1.1798431873321533,-0.06299436837434769,0.0;1.0,0.0,0.0,0.0
4.91;1.1788694858551025,-0.06439481675624847,0.0;1.0,0.0,0.0,0.0
4.92;1.1778885126113892,-0.06580580025911331,0.0;1.0,0.0,0.0,0.0
4.93;1.1769001483917236,-0.06722714751958847,0.0;1.0,0.0,0.0,0.0
4.94;1.1759047508239746,-0.06865867972373962,0.0;1.0,0.0,0.0,0.0
4.95;1.1749025583267212,-0.07010026276111603,0.0;1.0,0.0,0.0,0.0
4.96;1.1738933324813843,-0.07155168056488037,0.0;1.0,0.0,0.0,0.0
4.97;1.1728774309158325,-0.07301279902458191,0.0;1.0,0.0,0.0,0.0
4.98;1.171854853630066,-0.07448342442512512,0.0;1.0,0.0,0.0,0.0
4.99;1.1708258390426636,-0.07596340030431747,0.0;1.0,0.0,0.0,0.0
5.0;1.169790506362915,-0.07745257019996643,0.0;1.0,0.0,0.0,0.0
5.01;1.1687487363815308,-0.07895075529813766,0.0;1.0,0.0,0.0,0.0
5.02;1.1677008867263794,-0.08045778423547745,0.0;1.0,0.0,0.0,0.0
5.03;1.1666470766067505,-0.08197347819805145,0.0;1.0,0.0,0.0,0.0
5.04;1.1655871868133545,-0.08349768817424774,0.0;1.0,0.0,0.0,0.0
5.05;1.1645216941833496,-0.08503025025129318,0.0;1.0,0.0,0.0,0.0
5.06;1.1634503602981567,-0.08657096326351166,0.0;1.0,0.0,0.0,0.0
5.07;1.1623735427856445,-0.08811970055103302,0.0;1.0,0.0,0.0,0.0
5.08;1.161291241645813,-0.08967626094818115,0.0;1.0,0.0,0.0,0.0
5.09;1.1602036952972412,-0.09124048054218292,0.0;1.0,0.0,0.0,0.0
5.1;1.1591109037399292,-0.09281221777200699,0.0;1.0,0.0,0.0,0.0
5.11;1.1580129861831665,-0.09439127892255783,0.0;1.0,0.0,0.0,0.0
5.12;1.1569099426269531,-0.09597751498222351,0.0;1.0,0.0,0.0,0.0
5.13;1.1558022499084473,-0.09757070243358612,0.0;1.0,0.0,0.0,0.0
5.14;1.1546896696090698,-0.0991707444190979,0.0;1.0,0.0,0.0,0.0
5.15;1.153572678565979,-0.10077743232250214,0.0;1.0,0.0,0.0,0.0
5.16;1.1524510383605957,-0.1023906022310257,0.0;1.0,0.0,0.0,0.0
5.17;1.1513248682022095,-0.10401011258363724,0.0;1.0,0.0,0.0,0.0
5.18;1.1501946449279785,-0.10563574731349945,0.0;1.0,0.0,0.0,0.0
5.19;1.1490601301193237,-0.107267364859581,0.0;1.0,0.0,0.0,0.0
5.2;1.1479215621948242,-0.10890481621026993,0.0;1.0,0.0,0.0,0.0
5.21;1.146779179573059,-0.11054790019989014,0.0;1.0,0.0,0.0,0.0
5.22;1.1456328630447388,-0.11219647526741028,0.0;1.0,0.0,0.0,0.0
5.23;1.144482970237732,-0.11385033279657364,0.0;1.0,0.0,0.0,0.0
5.24;1.1433295011520386,-0.11550933867692947,0.0;1.0,0.0,0.0,0.0
5.25;1.1421725749969482,-0.11717332154512405,0.0;1.0,0.0,0.0,0.0
5.26;1.141012191772461,-0.11884209513664246,0.0;1.0,0.0,0.0,0.0
5.27;1.1398487091064453,-0.12051551789045334,0.0;1.0,0.0,0.0,0.0
5.28;1.1386820077896118,-0.12219339609146118,0.0;1.0,0.0,0.0,0.0
5.29;1.137512445449829,-0.12387556582689285,0.0;1.0,0.0,0.0,0.0
5.3;1.1363399028778076,-0.1255618780851364,0.0;1.0,0.0,0.0,0.0
5.31;1.1351646184921265,-0.12725213170051575,0.0;1.0,0.0,0.0,0.0
5.32;1.1339868307113647,-0.1289462149143219,0.0;1.0,0.0,0.0,0.0
5.33;1.132806420326233,-0.13064385950565338,0.0;1.0,0.0,0.0,0.0
5.34;1.13162362575531,-0.1323450207710266,0.0;1.0,0.0,0.0,0.0
5.35;1.1304384469985962,-0.1340494304895401,0.0;1.0,0.0,0.0,0.0
5.36;1.1292513608932495,-0.1357569396495819,0.0;1.0,0.0,0.0,0.0
5.37;1.1280620098114014,-0.13746744394302368,0.0;1.0,0.0,0.0,0.0
5.38;1.1268707513809204,-0.13918069005012512,0.0;1.0,0.0,0.0,0.0
5.39;1.1256777048110962,-0.14089658856391907,0.0;1.0,0.0,0.0,0.0
5.4;1.1244828701019287,-0.14261488616466522,0.0;1.0,0.0,0.0,0.0
5.41;1.1232866048812866,-0.14433547854423523,0.0;1.0,0.0,0.0,0.0
5.42;1.1220887899398804,-0.14605818688869476,0.0;1.0,0.0,0.0,0.0
5.43;1.120889663696289,-0.1477828025817871,0.0;1.0,0.0,0.0,0.0
5.44;1.1196892261505127,-0.1495092511177063,0.0;1.0,0.0,0.0,0.0
5.45;1.11848783493042,-0.15123721957206726,0.0;1.0,0.0,0.0,0.0
5.46;1.1172852516174316,-0.1529666632413864,0.0;1.0,0.0,0.0,0.0
5.47;1.116081953048706,-0.15469735860824585,0.0;1.0,0.0,0.0,0.0
5.48;1.1148778200149536,-0.15642915666103363,0.0;1.0,0.0,0.0,0.0
5.49;1.1136730909347534,-0.15816190838813782,0.0;1.0,0.0,0.0,0.0
5.5;1.112467885017395,-0.15989536046981812,0.0;1.0,0.0,0.0,0.0
5.51;1.1112620830535889,-0.16162943840026855,0.0;1.0,0.0,0.0,0.0
5.52;1.1100560426712036,-0.16336394846439362,0.0;1.0,0.0,0.0,0.0
5.53;1.1088498830795288,-0.16509869694709778,0.0;1.0,0.0,0.0,0.0
5.54;1.107643723487854,-0.1668335199356079,0.0;1.0,0.0,0.0,0.0
5.55;1.1064375638961792,-0.16856825351715088,0.0;1.0,0.0,0.0,0.0
5.56;1.105231523513794,-0.17030276358127594,0.0;1.0,0.0,0.0,0.0
5.57;1.1040258407592773,-0.17203682661056519,0.0;1.0,0.0,0.0,0.0
5.58;1.102820634841919,-0.17377030849456787,0.0;1.0,0.0,0.0,0.0
5.59;1.1016157865524292,-0.17550301551818848,0.0;1.0,0.0,0.0,0.0
5.6;1.1004116535186768,-0.17723479866981506,0.0;1.0,0.0,0.0,0.0
5.61;1.0992082357406616,-0.17896555364131927,0.0;1.0,0.0,0.0,0.0
5.62;1.0980058908462524,-0.18069496750831604,0.0;1.0,0.0,0.0,0.0
5.63;1.0968042612075806,-0.18242298066616058,0.0;1.0,0.0,0.0,0.0
5.64;1.0956039428710938,-0.184149369597435,0.0;1.0,0.0,0.0,0.0
5.65;1.0944048166275024,-0.18587400019168854,0.0;1.0,0.0,0.0,0.0
5.66;1.0932071208953857,-0.18759670853614807,0.0;1.0,0.0,0.0,0.0
5.67;1.092010736465454,-0.18931731581687927,0.0;1.0,0.0,0.0,0.0
5.68;1.0908159017562866,-0.19103562831878662,0.0;1.0,0.0,0.0,0.0
5.69;1.0896228551864624,-0.19275149703025818,0.0;1.0,0.0,0.0,0.0
5.7;1.0884315967559814,-0.1944647580385208,0.0;1.0,0.0,0.0,0.0
5.71;1.0872423648834229,-0.1961752474308014,0.0;1.0,0.0,0.0,0.0
5.72;1.0860551595687866,-0.1978827863931656,0.0;1.0,0.0,0.0,0.0
5.73;1.0848701000213623,-0.19958718121051788,0.0;1.0,0.0,0.0,0.0
5.74;1.08368718624115,-0.20128832757472992,0.0;1.0,0.0,0.0,0.0
5.75;1.0825068950653076,-0.2029860019683838,0.0;1.0,0.0,0.0,0.0
5.76;1.0813288688659668,-0.20468005537986755,0.0;1.0,0.0,0.0,0.0
5.77;1.0801537036895752,-0.20637032389640808,0.0;1.0,0.0,0.0,0.0
5.78;1.0789812803268433,-0.20805661380290985,0.0;1.0,0.0,0.0,0.0
5.79;1.077811598777771,-0.20973879098892212,0.0;1.0,0.0,0.0,0.0
5.8;1.076645016670227,-0.21141667664051056,0.0;1.0,0.0,0.0,0.0
5.81;1.0754814147949219,-0.21309010684490204,0.0;1.0,0.0,0.0,0.0
5.82;1.0743211507797241,-0.21475888788700104,0.0;1.0,0.0,0.0,0.0
5.83;1.0731642246246338,-0.21642287075519562,0.0;1.0,0.0,0.0,0.0
5.84;1.0720106363296509,-0.21808187663555145,0.0;1.0,0.0,0.0,0.0
5.85;1.070860743522644,-0.21973571181297302,0.0;1.0,0.0,0.0,0.0
5.86;1.0697144269943237,-0.22138430178165436,0.0;1.0,0.0,0.0,0.0
5.87;1.0685720443725586,-0.22302736341953278,0.0;1.0,0.0,0.0,0.0
5.88;1.067433476448059,-0.2246648222208023,0.0;1.0,0.0,0.0,0.0
5.89;1.0662989616394043,-0.22629643976688385,0.0;1.0,0.0,0.0,0.0
5.9;1.0651687383651733,-0.22792208194732666,0.0;1.0,0.0,0.0,0.0
5.91;1.0640426874160767,-0.2295415997505188,0.0;1.0,0.0,0.0,0.0
5.92;1.0629210472106934,-0.23115478456020355,0.0;1.0,0.0,0.0,0.0
5.93;1.061803936958313,-0.2327614575624466,0.0;1.0,0.0,0.0,0.0
5.94;1.060691475868225,-0.2343614548444748,0.0;1.0,0.0,0.0,0.0
5.95;1.0595836639404297,-0.2359546571969986,0.0;1.0,0.0,0.0,0.0
5.96;1.0584807395935059,-0.23754093050956726,0.0;1.0,0.0,0.0,0.0
5.97;1.0573828220367432,-0.23911996185779572,0.0;1.0,0.0,0.0,0.0
5.98;1.0562899112701416,-0.24069169163703918,0.0;1.0,0.0,0.0,0.0
5.99;1.0552023649215698,-0.24225592613220215,0.0;1.0,0.0,0.0,0.0
6.0;1.0541200637817383,-0.24381248652935028,0.0;1.0,0.0,0.0,0.0
6.01;1.053043246269226,-0.24536122381687164,0.0;1.0,0.0,0.0,0.0
6.02;1.0519719123840332,-0.24690192937850952,0.0;1.0,0.0,0.0,0.0
6.03;1.0509064197540283,-0.24843449890613556,0.0;1.0,0.0,0.0,0.0
6.04;1.0498466491699219,-0.24995869398117065,0.0;1.0,0.0,0.0,0.0
6.05;1.048792839050293,-0.25147438049316406,0.0;1.0,0.0,0.0,0.0
6.06;1.0477449893951416,-0.2529814541339874,0.0;1.0,0.0,0.0,0.0
6.07;1.0467032194137573,-0.25447964668273926,0.0;1.0,0.0,0.0,0.0
6.08;1.0456678867340088,-0.25596877932548523,0.0;1.0,0.0,0.0,0.0
6.09;1.044638752937317,-0.25744879245758057,0.0;1.0,0.0,0.0,0.0
6.1;1.0436162948608398,-0.258919358253479,0.0;1.0,0.0,0.0,0.0
6.11;1.0426002740859985,-0.2603805661201477,0.0;1.0,0.0,0.0,0.0
6.12;1.0415911674499512,-0.26183193922042847,0.0;1.0,0.0,0.0,0.0
6.13;1.0405888557434082,-0.2632735073566437,0.0;1.0,0.0,0.0,0.0
6.14;1.0395934581756592,-0.2647050619125366,0.0;1.0,0.0,0.0,0.0
6.15;1.0386052131652832,-0.2661263346672058,0.0;1.0,0.0,0.0,0.0
6.16;1.0376241207122803,-0.26753735542297363,0.0;1.0,0.0,0.0,0.0
6.17;1.0366504192352295,-0.2689378559589386,0.0;1.0,0.0,0.0,0.0
6.18;1.0356841087341309,-0.2703275978565216,0.0;1.0,0.0,0.0,0.0
6.19;1.0347254276275635,-0.2717064917087555,0.0;1.0,0.0,0.0,0.0
6.2;1.0337743759155273,-0.27307432889938354,0.0;1.0,0.0,0.0,0.0
6.21;1.0328309535980225,-0.2744309604167938,0.0;1.0,0.0,0.0,0.0
6.22;1.031895637512207,-0.2757762372493744,0.0;1.0,0.0,0.0,0.0
6.23;1.0309683084487915,-0.27710995078086853,0.0;1.0,0.0,0.0,0.0
6.24;1.0300490856170654,-0.2784320116043091,0.0;1.0,0.0,0.0,0.0
6.25;1.029138207435608,-0.27974212169647217,0.0;1.0,0.0,0.0,0.0
6.26;1.0282355546951294,-0.2810401916503906,0.0;1.0,0.0,0.0,0.0
6.27;1.027341604232788,-0.2823261022567749,0.0;1.0,0.0,0.0,0.0
6.28;1.0264561176300049,-0.2835995554924011,0.0;1.0,0.0,0.0,0.0
6.29;1.0255793333053589,-0.2848605215549469,0.0;1.0,0.0,0.0,0.0
6.3;1.0247114896774292,-0.28610873222351074,0.0;1.0,0.0,0.0,0.0
6.31;1.0238525867462158,-0.2873440980911255,0.0;1.0,0.0,0.0,0.0
6.32;1.0230026245117188,-0.28856632113456726,0.0;1.0,0.0,0.0,0.0
6.33;1.0221620798110962,-0.28977537155151367,0.0;1.0,0.0,0.0,0.0
6.34;1.021330714225769,-0.2909710705280304,0.0;1.0,0.0,0.0,0.0
6.35;1.0205087661743164,-0.29215312004089355,0.0;1.0,0.0,0.0,0.0
6.36;1.0196964740753174,-0.29332149028778076,0.0;1.0,0.0,0.0,0.0
6.37;1.0188937187194824,-0.2944759428501129,0.0;1.0,0.0,0.0,0.0
6.38;1.0181008577346802,-0.2956163287162781,0.0;1.0,0.0,0.0,0.0
6.39;1.0173178911209106,-0.29674243927001953,0.0;1.0,0.0,0.0,0.0
6.4;1.0165448188781738,-0.29785415530204773,0.0;1.0,0.0,0.0,0.0
6.41;1.0157819986343384,-0.2989513874053955,0.0;1.0,0.0,0.0,0.0
6.42;1.0150293111801147,-0.3000337779521942,0.0;1.0,0.0,0.0,0.0
6.43;1.0142871141433716,-0.30110129714012146,0.0;1.0,0.0,0.0,0.0
6.44;1.0135554075241089,-0.30215370655059814,0.0;1.0,0.0,0.0,0.0
6.45;1.0128341913223267,-0.3031908869743347,0.0;1.0,0.0,0.0,0.0
6.46;1.0121238231658936,-0.30421262979507446,0.0;1.0,0.0,0.0,0.0
6.47;1.01142418384552,-0.3052188456058502,0.0;1.0,0.0,0.0,0.0
6.48;1.0107355117797852,-0.3062092661857605,0.0;1.0,0.0,0.0,0.0
6.49;1.0100579261779785,-0.30718374252319336,0.0;1.0,0.0,0.0,0.0
6.5;1.0093915462493896,-0.30814215540885925,0.0;1.0,0.0,0.0,0.0
6.51;1.008736491203308,-0.3090842664241791,0.0;1.0,0.0,0.0,0.0
6.52;1.0080928802490234,-0.31001004576683044,0.0;1.0,0.0,0.0,0.0
6.53;1.0074608325958252,-0.3109191060066223,0.0;1.0,0.0,0.0,0.0
6.54;1.0068402290344238,-0.31181153655052185,0.0;1.0,0.0,0.0,0.0
6.55;1.0062315464019775,-0.3126869797706604,0.0;1.0,0.0,0.0,0.0
6.56;1.0056347846984863,-0.31354522705078125,0.0;1.0,0.0,0.0,0.0
6.57;1.0050500631332397,-0.3143862783908844,0.0;1.0,0.0,0.0,0.0
6.58;1.0044773817062378,-0.3152099549770355,0.0;1.0,0.0,0.0,0.0
6.59;1.0039169788360596,-0.31601595878601074,0.0;1.0,0.0,0.0,0.0
6.6;1.003368854522705,-0.3168042004108429,0.0;1.0,0.0,0.0,0.0
6.61;1.002833366394043,-0.31757447123527527,0.0;1.0,0.0,0.0,0.0
6.62;1.0023102760314941,-0.31832659244537354,0.0;1.0,0.0,0.0,0.0
6.63;1.0018000602722168,-0.3190605342388153,0.0;1.0,0.0,0.0,0.0
6.64;1.0013025999069214,-0.3197759687900543,0.0;1.0,0.0,0.0,0.0
6.65;1.0008180141448975,-0.3204728066921234,0.0;1.0,0.0,0.0,0.0
6.66;1.0003466606140137,-0.3211508095264435,0.0;1.0,0.0,0.0,0.0
6.67;0.9998884201049805,-0.321809858083725,0.0;1.0,0.0,0.0,0.0
6.68;0.9994434118270874,-0.32244983315467834,0.0;1.0,0.0,0.0,0.0
6.69;0.9990118741989136,-0.32307055592536926,0.0;1.0,0.0,0.0,0.0
6.7;0.9985939264297485,-0.3236716687679291,0.0;1.0,0.0,0.0,0.0
6.71;0.9981895089149475,-0.32425326108932495,0.0;1.0,0.0,0.0,0.0
6.72;0.9977989196777344,-0.324815034866333,0.0;1.0,0.0,0.0,0.0
6.73;0.9974222183227539,-0.3253568410873413,0.0;1.0,0.0,0.0,0.0
6.74;0.9970594644546509,-0.3258785605430603,0.0;1.0,0.0,0.0,0.0
6.75;0.9967108964920044,-0.3263798952102661,0.0;1.0,0.0,0.0,0.0
6.76;0.9963765144348145,-0.32686078548431396,0.0;1.0,0.0,0.0,0.0
6.77;0.9960564970970154,-0.32732105255126953,0.0;1.0,0.0,0.0,0.0
6.78;0.9957509636878967,-0.3277605175971985,0.0;1.0,0.0,0.0,0.0
6.79;0.9954599738121033,-0.3281790018081665,0.0;1.0,0.0,0.0,0.0
6.8;0.9951837062835693,-0.32857632637023926,0.0;1.0,0.0,0.0,0.0
6.81;0.9949222803115845,-0.3289523124694824,0.0;1.0,0.0,0.0,0.0
6.82;0.9946757555007935,-0.32930684089660645,0.0;1.0,0.0,0.0,0.0
6.83;0.9944443702697754,-0.329639732837677,0.0;1.0,0.0,0.0,0.0
6.84;0.9942280650138855,-0.329950749874115,0.0;1.0,0.0,0.0,0.0
6.85;0.9940270781517029,-0.33023983240127563,0.0;1.0,0.0,0.0,0.0
6.86;0.9938414692878723,-0.33050668239593506,0.0;1.0,0.0,0.0,0.0
6.87;0.9936714172363281,-0.33075129985809326,0.0;1.0,0.0,0.0,0.0
6.88;0.9935170412063599,-0.33097344636917114,0.0;1.0,0.0,0.0,0.0
6.89;0.9933783411979675,-0.3311728835105896,0.0;1.0,0.0,0.0,0.0
6.9;0.993255615234375,-0.33134937286376953,0.0;1.0,0.0,0.0,0.0
6.91;0.9931488037109375,-0.3315030336380005,0.0;1.0,0.0,0.0,0.0
6.92;0.9930580854415894,-0.3316335082054138,0.0;1.0,0.0,0.0,0.0
6.93;0.9929835796356201,-0.3317405581474304,0.0;1.0,0.0,0.0,0.0
6.94;0.992915689945221,-0.3318241834640503,0.0;1.0,0.0,0.0,0.0
6.95;0.9928838014602661,-0.33189117908477783,0.0;1.0,0.0,0.0,0.0
6.96;0.9928834438323975,-0.33192014694213867,0.0;1.0,0.0,0.0,0.0
6.97;0.9928831458091736,-0.3319202661514282,0.0;1.0,0.0,0.0,0.0
6.98;0.9928827881813049,-0.3319203853607178,0.0;1.0,0.0,0.0,0.0
6.99;0.9928824305534363,-0.3319205045700073,0.0;1.0,0.0,0.0,0.0
7.0;0.9928820729255676,-0.33192065358161926,0.0;1.0,0.0,0.0,0.0
7.01;0.9928818345069885,-0.3319207727909088,0.0;1.0,0.0,0.0,0.0
7.02;0.9928814768791199,-0.331920862197876,0.0;1.0,0.0,0.0,0.0
7.03;0.9928811192512512,-0.3319209814071655,0.0;1.0,0.0,0.0,0.0
7.04;0.9928808212280273,-0.3319211006164551,0.0;1.0,0.0,0.0,0.0
7.05;0.9928805232048035,-0.33192121982574463,0.0;1.0,0.0,0.0,0.0
7.06;0.9928801655769348,-0.3319213390350342,0.0;1.0,0.0,0.0,0.0
7.07;0.9928798675537109,-0.33192145824432373,0.0;1.0,0.0,0.0,0.0
7.08;0.9928795099258423,-0.3319215774536133,0.0;1.0,0.0,0.0,0.0
7.09;0.9928792715072632,-0.33192169666290283,0.0;1.0,0.0,0.0,0.0
7.1;0.9928789138793945,-0.33192178606987,0.0;1.0,0.0,0.0,0.0
7.11;0.9928786158561707,-0.33192190527915955,0.0;1.0,0.0,0.0,0.0
7.12;0.9928783178329468,-0.3319219946861267,0.0;1.0,0.0,0.0,0.0
7.13;0.9928780198097229,-0.33192211389541626,0.0;1.0,0.0,0.0,0.0
7.14;0.992877721786499,-0.3319222331047058,0.0;1.0,0.0,0.0,0.0
7.15;0.9928774237632751,-0.33192235231399536,0.0;1.0,0.0,0.0,0.0
7.16;0.9928771257400513,-0.3319224417209625,0.0;1.0,0.0,0.0,0.0
7.17;0.9928768277168274,-0.3319225609302521,0.0;1.0,0.0,0.0,0.0
7.18;0.9928765296936035,-0.33192265033721924,0.0;1.0,0.0,0.0,0.0
7.19;0.9928762316703796,-0.3319227397441864,0.0;1.0,0.0,0.0,0.0
7.2;0.9928759336471558,-0.33192285895347595,0.0;1.0,0.0,0.0,0.0
7.21;0.9928756952285767,-0.3319229781627655,0.0;1.0,0.0,0.0,0.0
7.22;0.9928753972053528,-0.33192306756973267,0.0;1.0,0.0,0.0,0.0
7.23;0.9928750991821289,-0.3319231867790222,0.0;1.0,0.0,0.0,0.0
7.24;0.9928747415542603,-0.3319232761859894,0.0;1.0,0.0,0.0,0.0
7.25;0.9928745627403259,-0.33192336559295654,0.0;1.0,0.0,0.0,0.0
7.26;0.992874264717102,-0.3319234549999237,0.0;1.0,0.0,0.0,0.0
7.27;0.9928739666938782,-0.33192354440689087,0.0;1.0,0.0,0.0,0.0
7.28;0.9928736686706543,-0.3319236636161804,0.0;1.0,0.0,0.0,0.0
7.29;0.99287348985672,-0.33192381262779236,0.0;1.0,0.0,0.0,0.0
7.3;0.9928731918334961,-0.3319239020347595,0.0;1.0,0.0,0.0,0.0
7.31;0.9928728938102722,-0.3319239914417267,0.0;1.0,0.0,0.0,0.0
7.32;0.9928726553916931,-0.33192408084869385,0.0;1.0,0.0,0.0,0.0
7.33;0.992872416973114,-0.331924170255661,0.0;1.0,0.0,0.0,0.0
7.34;0.9928721785545349,-0.3319242596626282,0.0;1.0,0.0,0.0,0.0
7.35;0.992871880531311,-0.33192431926727295,0.0;1.0,0.0,0.0,0.0
7.36;0.9928715825080872,-0.3319244384765625,0.0;1.0,0.0,0.0,0.0
7.37;0.9928714036941528,-0.33192452788352966,0.0;1.0,0.0,0.0,0.0
7.38;0.992871105670929,-0.3319246172904968,0.0;1.0,0.0,0.0,0.0
7.39;0.9928708672523499,-0.331924706697464,0.0;1.0,0.0,0.0,0.0
7.4;0.9928706884384155,-0.33192479610443115,0.0;1.0,0.0,0.0,0.0
7.41;0.9928703904151917,-0.3319248557090759,0.0;1.0,0.0,0.0,0.0
7.42;0.9928701519966125,-0.3319249749183655,0.0;1.0,0.0,0.0,0.0
7.43;0.9928699135780334,-0.33192509412765503,0.0;1.0,0.0,0.0,0.0
7.44;0.9928696751594543,-0.3319251537322998,0.0;1.0,0.0,0.0,0.0
7.45;0.9928694367408752,-0.33192524313926697,0.0;1.0,0.0,0.0,0.0
7.46;0.9928691983222961,-0.33192533254623413,0.0;1.0,0.0,0.0,0.0
7.47;0.992868959903717,-0.3319253921508789,0.0;1.0,0.0,0.0,0.0
7.48;0.9928687810897827,-0.33192548155784607,0.0;1.0,0.0,0.0,0.0
7.49;0.9928684830665588,-0.33192554116249084,0.0;1.0,0.0,0.0,0.0
7.5;0.9928682446479797,-0.3319256901741028,0.0;1.0,0.0,0.0,0.0
7.51;0.9928680062294006,-0.33192574977874756,0.0;1.0,0.0,0.0,0.0
7.52;0.9928678870201111,-0.3319258391857147,0.0;1.0,0.0,0.0,0.0
7.53;0.992867648601532,-0.3319258987903595,0.0;1.0,0.0,0.0,0.0
7.54;0.9928673505783081,-0.3319259583950043,0.0;1.0,0.0,0.0,0.0
7.55;0.9928671717643738,-0.33192604780197144,0.0;1.0,0.0,0.0,0.0
7.56;0.9928669929504395,-0.3319261074066162,0.0;1.0,0.0,0.0,0.0
7.57;0.9928667545318604,-0.33192622661590576,0.0;1.0,0.0,0.0,0.0
7.58;0.9928665161132812,-0.33192628622055054,0.0;1.0,0.0,0.0,0.0
7.59;0.9928662776947021,-0.3319263756275177,0.0;1.0,0.0,0.0,0.0
7.6;0.9928661584854126,-0.3319264352321625,0.0;1.0,0.0,0.0,0.0
7.61;0.9928659200668335,-0.33192649483680725,0.0;1.0,0.0,0.0,0.0
7.62;0.9928656816482544,-0.3319265842437744,0.0;1.0,0.0,0.0,0.0
7.63;0.9928655028343201,-0.3319266438484192,0.0;1.0,0.0,0.0,0.0
7.64;0.9928653240203857,-0.33192673325538635,0.0;1.0,0.0,0.0,0.0
7.65;0.9928650856018066,-0.33192679286003113,0.0;1.0,0.0,0.0,0.0
7.66;0.9928649067878723,-0.3319269120693207,0.0;1.0,0.0,0.0,0.0
7.67;0.992864727973938,-0.33192697167396545,0.0;1.0,0.0,0.0,0.0
7.68;0.9928644895553589,-0.33192700147628784,0.0;1.0,0.0,0.0,0.0
7.69;0.9928643107414246,-0.3319270610809326,0.0;1.0,0.0,0.0,0.0
7.7;0.9928641319274902,-0.3319271504878998,0.0;1.0,0.0,0.0,0.0
7.71;0.9928638935089111,-0.33192723989486694,0.0;1.0,0.0,0.0,0.0
7.72;0.9928637742996216,-0.3319272994995117,0.0;1.0,0.0,0.0,0.0
7.73;0.9928635358810425,-0.3319273591041565,0.0;1.0,0.0,0.0,0.0
7.74;0.9928633570671082,-0.33192744851112366,0.0;1.0,0.0,0.0,0.0
7.75;0.9928631782531738,-0.33192750811576843,0.0;1.0,0.0,0.0,0.0
7.76;0.9928630590438843,-0.3319275379180908,0.0;1.0,0.0,0.0,0.0
7.77;0.99286288022995,-0.331927627325058,0.0;1.0,0.0,0.0,0.0
7.78;0.9928626418113708,-0.33192771673202515,0.0;1.0,0.0,0.0,0.0
7.79;0.9928625226020813,-0.33192774653434753,0.0;1.0,0.0,0.0,0.0
7.8;0.992862343788147,-0.3319278359413147,0.0;1.0,0.0,0.0,0.0
7.81;0.9928621649742126,-0.3319278955459595,0.0;1.0,0.0,0.0,0.0
7.82;0.9928619265556335,-0.33192792534828186,0.0;1.0,0.0,0.0,0.0
7.83;0.9928618669509888,-0.331928014755249,0.0;1.0,0.0,0.0,0.0
7.84;0.9928616285324097,-0.3319280445575714,0.0;1.0,0.0,0.0,0.0
7.85;0.9928615093231201,-0.3319281041622162,0.0;1.0,0.0,0.0,0.0
7.86;0.992861270904541,-0.33192819356918335,0.0;1.0,0.0,0.0,0.0
7.87;0.9928612112998962,-0.3319282531738281,0.0;1.0,0.0,0.0,0.0
7.88;0.9928610324859619,-0.3319283127784729,0.0;1.0,0.0,0.0,0.0
7.89;0.9928607940673828,-0.3319283425807953,0.0;1.0,0.0,0.0,0.0
7.9;0.9928606748580933,-0.33192840218544006,0.0;1.0,0.0,0.0,0.0
7.91;0.9928605556488037,-0.33192846179008484,0.0;1.0,0.0,0.0,0.0
7.92;0.9928603768348694,-0.3319284915924072,0.0;1.0,0.0,0.0,0.0
7.93;0.9928601980209351,-0.3319286108016968,0.0;1.0,0.0,0.0,0.0
7.94;0.9928600192070007,-0.33192864060401917,0.0;1.0,0.0,0.0,0.0
7.95;0.992859959602356,-0.33192870020866394,0.0;1.0,0.0,0.0,0.0
7.96;0.9928597807884216,-0.33192873001098633,0.0;1.0,0.0,0.0,0.0
7.97;0.9928596019744873,-0.3319287896156311,0.0;1.0,0.0,0.0,0.0
7.98;0.9928594827651978,-0.3319288194179535,0.0;1.0,0.0,0.0,0.0
7.99;0.9928593635559082,-0.33192890882492065,0.0;1.0,0.0,0.0,0.0
8.0;0.9928591847419739,-0.33192896842956543,0.0;1.0,0.0,0.0,0.0
8.01;0.9928590059280396,-0.3319290280342102,0.0;1.0,0.0,0.0,0.0
8.02;0.99285888671875,-0.3319290578365326,0.0;1.0,0.0,0.0,0.0
8.03;0.9928588271141052,-0.33192911744117737,0.0;1.0,0.0,0.0,0.0
8.04;0.9928586483001709,-0.33192914724349976,0.0;1.0,0.0,0.0,0.0
8.05;0.9928584694862366,-0.33192920684814453,0.0;1.0,0.0,0.0,0.0
8.06;0.992858350276947,-0.3319292366504669,0.0;1.0,0.0,0.0,0.0
8.07;0.9928582906723022,-0.3319292962551117,0.0;1.0,0.0,0.0,0.0
8.08;0.9928581118583679,-0.33192935585975647,0.0;1.0,0.0,0.0,0.0
8.09;0.9928579926490784,-0.33192938566207886,0.0;1.0,0.0,0.0,0.0
8.1;0.992857813835144,-0.33192944526672363,0.0;1.0,0.0,0.0,0.0
8.11;0.9928577542304993,-0.331929475069046,0.0;1.0,0.0,0.0,0.0
8.12;0.9928575754165649,-0.3319295048713684,0.0;1.0,0.0,0.0,0.0
8.13;0.9928574562072754,-0.3319295644760132,0.0;1.0,0.0,0.0,0.0
8.14;0.9928573369979858,-0.33192965388298035,0.0;1.0,0.0,0.0,0.0
8.15;0.9928572177886963,-0.33192965388298035,0.0;1.0,0.0,0.0,0.0
8.16;0.9928570985794067,-0.3319297134876251,0.0;1.0,0.0,0.0,0.0
8.17;0.992857038974762,-0.3319297432899475,0.0;1.0,0.0,0.0,0.0
8.18;0.9928568601608276,-0.3319297730922699,0.0;1.0,0.0,0.0,0.0
8.19;0.9928567409515381,-0.3319298028945923,0.0;1.0,0.0,0.0,0.0
8.2;0.9928566217422485,-0.33192986249923706,0.0;1.0,0.0,0.0,0.0
8.21;0.992856502532959,-0.33192992210388184,0.0;1.0,0.0,0.0,0.0
8.22;0.9928564429283142,-0.3319299519062042,0.0;1.0,0.0,0.0,0.0
8.23;0.9928563237190247,-0.3319299817085266,0.0;1.0,0.0,0.0,0.0
8.24;0.9928562045097351,-0.3319300413131714,0.0;1.0,0.0,0.0,0.0
8.25;0.9928560853004456,-0.3319300711154938,0.0;1.0,0.0,0.0,0.0
8.26;0.9928560256958008,-0.33193010091781616,0.0;1.0,0.0,0.0,0.0
8.27;0.992855966091156,-0.33193013072013855,0.0;1.0,0.0,0.0,0.0
8.28;0.9928558468818665,-0.3319301903247833,0.0;1.0,0.0,0.0,0.0
8.29;0.9928556680679321,-0.3319302201271057,0.0;1.0,0.0,0.0,0.0
8.3;0.9928556084632874,-0.3319302499294281,0.0;1.0,0.0,0.0,0.0
8.31;0.9928555488586426,-0.3319303095340729,0.0;1.0,0.0,0.0,0.0
8.32;0.992855429649353,-0.33193033933639526,0.0;1.0,0.0,0.0,0.0
8.33;0.9928552508354187,-0.33193036913871765,0.0;1.0,0.0,0.0,0.0
8.34;0.9928552508354187,-0.33193039894104004,0.0;1.0,0.0,0.0,0.0
8.35;0.9928551316261292,-0.3319304287433624,0.0;1.0,0.0,0.0,0.0
8.36;0.9928550124168396,-0.3319304585456848,0.0;1.0,0.0,0.0,0.0
8.37;0.99285489320755,-0.3319304883480072,0.0;1.0,0.0,0.0,0.0
8.38;0.99285489320755,-0.3319305181503296,0.0;1.0,0.0,0.0,0.0
8.39;0.9928547739982605,-0.331930547952652,0.0;1.0,0.0,0.0,0.0
8.4;0.992854654788971,-0.33193057775497437,0.0;1.0,0.0,0.0,0.0
8.41;0.9928545951843262,-0.33193060755729675,0.0;1.0,0.0,0.0,0.0
8.42;0.9928545355796814,-0.33193063735961914,0.0;1.0,0.0,0.0,0.0
8.43;0.9928544163703918,-0.3319306969642639,0.0;1.0,0.0,0.0,0.0
8.44;0.9928542971611023,-0.3319306969642639,0.0;1.0,0.0,0.0,0.0
8.45;0.9928542375564575,-0.3319307565689087,0.0;1.0,0.0,0.0,0.0
8.46;0.9928541779518127,-0.3319307863712311,0.0;1.0,0.0,0.0,0.0
8.47;0.992854118347168,-0.33193081617355347,0.0;1.0,0.0,0.0,0.0
8.48;0.9928539991378784,-0.33193081617355347,0.0;1.0,0.0,0.0,0.0
8.49;0.9928539395332336,-0.33193084597587585,0.0;1.0,0.0,0.0,0.0
8.5;0.9928538799285889,-0.33193090558052063,0.0;1.0,0.0,0.0,0.0
8.51;0.9928537607192993,-0.33193090558052063,0.0;1.0,0.0,0.0,0.0
8.52;0.9928537011146545,-0.331930935382843,0.0;1.0,0.0,0.0,0.0
8.53;0.992853581905365,-0.3319309651851654,0.0;1.0,0.0,0.0,0.0
8.54;0.992853581905365,-0.3319309949874878,0.0;1.0,0.0,0.0,0.0
8.55;0.9928535223007202,-0.3319310247898102,0.0;1.0,0.0,0.0,0.0
8.56;0.9928534030914307,-0.3319310247898102,0.0;1.0,0.0,0.0,0.0
8.57;0.9928532838821411,-0.33193108439445496,0.0;1.0,0.0,0.0,0.0
8.58;0.9928532838821411,-0.33193111419677734,0.0;1.0,0.0,0.0,0.0
8.59;0.9928532242774963,-0.33193111419677734,0.0;1.0,0.0,0.0,0.0
8.6;0.9928531646728516,-0.33193114399909973,0.0;1.0,0.0,0.0,0.0
8.61;0.992853045463562,-0.3319311738014221,0.0;1.0,0.0,0.0,0.0
8.62;0.992853045463562,-0.3319311738014221,0.0;1.0,0.0,0.0,0.0
8.63;0.9928529262542725,-0.3319312036037445,0.0;1.0,0.0,0.0,0.0
8.64;0.9928528666496277,-0.3319312632083893,0.0;1.0,0.0,0.0,0.0
8.65;0.9928528666496277,-0.3319312632083893,0.0;1.0,0.0,0.0,0.0
8.66;0.9928527474403381,-0.33193129301071167,0.0;1.0,0.0,0.0,0.0
8.67;0.9928527474403381,-0.33193129301071167,0.0;1.0,0.0,0.0,0.0
8.68;0.9928526878356934,-0.33193132281303406,0.0;1.0,0.0,0.0,0.0
8.69;0.9928526878356934,-0.33193135261535645,0.0;1.0,0.0,0.0,0.0
8.7;0.992852509021759,-0.33193135261535645,0.0;1.0,0.0,0.0,0.0
8.71;0.9928524494171143,-0.3319314122200012,0.0;1.0,0.0,0.0,0.0
8.72;0.9928523898124695,-0.3319314122200012,0.0;1.0,0.0,0.0,0.0
8.73;0.9928523898124695,-0.3319314420223236,0.0;1.0,0.0,0.0,0.0
8.74;0.9928523302078247,-0.3319314420223236,0.0;1.0,0.0,0.0,0.0
8.75;0.9928522706031799,-0.331931471824646,0.0;1.0,0.0,0.0,0.0
8.76;0.9928522109985352,-0.331931471824646,0.0;1.0,0.0,0.0,0.0
8.77;0.9928522109985352,-0.331931471824646,0.0;1.0,0.0,0.0,0.0
8.78;0.9928521513938904,-0.33193153142929077,0.0;1.0,0.0,0.0,0.0
8.79;0.9928520917892456,-0.33193153142929077,0.0;1.0,0.0,0.0,0.0
8.8;0.9928520321846008,-0.33193156123161316,0.0;1.0,0.0,0.0,0.0
8.81;0.992851972579956,-0.33193156123161316,0.0;1.0,0.0,0.0,0.0
8.82;0.992851972579956,-0.33193156123161316,0.0;1.0,0.0,0.0,0.0
8.83;0.9928519129753113,-0.33193159103393555,0.0;1.0,0.0,0.0,0.0
8.84;0.9928517937660217,-0.33193162083625793,0.0;1.0,0.0,0.0,0.0
8.85;0.9928518533706665,-0.33193162083625793,0.0;1.0,0.0,0.0,0.0
8.86;0.9928517937660217,-0.3319316506385803,0.0;1.0,0.0,0.0,0.0
8.87;0.992851734161377,-0.3319316804409027,0.0;1.0,0.0,0.0,0.0
8.88;0.9928516745567322,-0.3319316804409027,0.0;1.0,0.0,0.0,0.0
8.89;0.9928516745567322,-0.3319316804409027,0.0;1.0,0.0,0.0,0.0
8.9;0.9928516149520874,-0.3319316804409027,0.0;1.0,0.0,0.0,0.0
8.91;0.9928515553474426,-0.3319317102432251,0.0;1.0,0.0,0.0,0.0
8.92;0.9928514957427979,-0.3319317400455475,0.0;1.0,0.0,0.0,0.0
8.93;0.9928515553474426,-0.3319317698478699,0.0;1.0,0.0,0.0,0.0
8.94;0.9928514361381531,-0.3319317698478699,0.0;1.0,0.0,0.0,0.0
8.95;0.9928514361381531,-0.3319317698478699,0.0;1.0,0.0,0.0,0.0
8.96;0.9928513765335083,-0.3319317698478699,0.0;1.0,0.0,0.0,0.0
8.97;0.9928513765335083,-0.3319317698478699,0.0;1.0,0.0,0.0,0.0
8.98;0.9928513169288635,-0.3319317698478699,0.0;1.0,0.0,0.0,0.0
8.99;0.9928513169288635,-0.33193182945251465,0.0;1.0,0.0,0.0,0.0
9.0;0.9928512573242188,-0.33193182945251465,0.0;1.0,0.0,0.0,0.0
9.01;0.9928512573242188,-0.33193182945251465,0.0;1.0,0.0,0.0,0.0
9.02;0.992851197719574,-0.33193185925483704,0.0;1.0,0.0,0.0,0.0
9.03;0.9928511381149292,-0.33193185925483704,0.0;1.0,0.0,0.0,0.0
9.04;0.9928510785102844,-0.3319318890571594,0.0;1.0,0.0,0.0,0.0
9.05;0.9928511381149292,-0.3319318890571594,0.0;1.0,0.0,0.0,0.0
9.06;0.9928510785102844,-0.3319318890571594,0.0;1.0,0.0,0.0,0.0
9.07;0.9928510189056396,-0.3319319188594818,0.0;1.0,0.0,0.0,0.0
9.08;0.9928510189056396,-0.3319319188594818,0.0;1.0,0.0,0.0,0.0
9.09;0.9928510189056396,-0.3319319188594818,0.0;1.0,0.0,0.0,0.0
9.1;0.9928509593009949,-0.3319319486618042,0.0;1.0,0.0,0.0,0.0
9.11;0.9928509593009949,-0.3319319486618042,0.0;1.0,0.0,0.0,0.0
9.12;0.9928509593009949,-0.3319319188594818,0.0;1.0,0.0,0.0,0.0
9.13;0.9928509593009949,-0.3319319188594818,0.0;1.0,0.0,0.0,0.0
9.14;0.9928508996963501,-0.3319319784641266,0.0;1.0,0.0,0.0,0.0
9.15;0.9928508996963501,-0.3319319784641266,0.0;1.0,0.0,0.0,0.0
9.16;0.9928508400917053,-0.3319319784641266,0.0;1.0,0.0,0.0,0.0
9.17;0.9928508400917053,-0.3319319784641266,0.0;1.0,0.0,0.0,0.0
9.18;0.9928508400917053,-0.3319319784641266,0.0;1.0,0.0,0.0,0.0
9.19;0.9928507804870605,-0.331932008266449,0.0;1.0,0.0,0.0,0.0
9.2;0.9928507804870605,-0.331932008266449,0.0;1.0,0.0,0.0,0.0
9.21;0.9928507804870605,-0.331932008266449,0.0;1.0,0.0,0.0,0.0
9.22;0.9928507208824158,-0.33193203806877136,0.0;1.0,0.0,0.0,0.0
9.23;0.9928507208824158,-0.331932008266449,0.0;1.0,0.0,0.0,0.0
9.24;0.9928507208824158,-0.33193203806877136,0.0;1.0,0.0,0.0,0.0
9.25;0.9928507208824158,-0.331932008266449,0.0;1.0,0.0,0.0,0.0
9.26;0.992850661277771,-0.33193203806877136,0.0;1.0,0.0,0.0,0.0
9.27;0.992850661277771,-0.33193203806877136,0.0;1.0,0.0,0.0,0.0
9.28;0.992850661277771,-0.33193206787109375,0.0;1.0,0.0,0.0,0.0
9.29;0.9928506016731262,-0.33193206787109375,0.0;1.0,0.0,0.0,0.0
9.3;0.992850661277771,-0.33193206787109375,0.0;1.0,0.0,0.0,0.0
9.31;0.9928506016731262,-0.33193206787109375,0.0;1.0,0.0,0.0,0.0
9.32;0.9928506016731262,-0.33193206787109375,0.0;1.0,0.0,0.0,0.0
9.33;0.9928505420684814,-0.33193206787109375,0.0;1.0,0.0,0.0,0.0
9.34;0.9928506016731262,-0.33193206787109375,0.0;1.0,0.0,0.0,0.0
9.35;0.9928505420684814,-0.33193209767341614,0.0;1.0,0.0,0.0,0.0
9.36;0.9928506016731262,-0.33193209767341614,0.0;1.0,0.0,0.0,0.0
9.37;0.9928505420684814,-0.33193209767341614,0.0;1.0,0.0,0.0,0.0
9.38;0.9928505420684814,-0.33193209767341614,0.0;1.0,0.0,0.0,0.0
9.39;0.9928504824638367,-0.33193209767341614,0.0;1.0,0.0,0.0,0.0
9.4;0.9928505420684814,-0.33193209767341614,0.0;1.0,0.0,0.0,0.0
9.41;0.9928504824638367,-0.33193209767341614,0.0;1.0,0.0,0.0,0.0
9.42;0.9928504824638367,-0.3319321274757385,0.0;1.0,0.0,0.0,0.0
9.43;0.9928504824638367,-0.3319321274757385,0.0;1.0,0.0,0.0,0.0
9.44;0.9928504824638367,-0.3319321274757385,0.0;1.0,0.0,0.0,0.0
9.45;0.9928504824638367,-0.3319321274757385,0.0;1.0,0.0,0.0,0.0
9.46;0.9928504228591919,-0.3319321274757385,0.0;1.0,0.0,0.0,0.0
9.47;0.9928504824638367,-0.3319321274757385,0.0;1.0,0.0,0.0,0.0
9.48;0.9928504824638367,-0.3319321274757385,0.0;1.0,0.0,0.0,0.0
9.49;0.9928504824638367,-0.3319321274757385,0.0;1.0,0.0,0.0,0.0
9.5;0.9928504228591919,-0.3319321274757385,0.0;1.0,0.0,0.0,0.0
9.51;0.9928504824638367,-0.3319321274757385,0.0;1.0,0.0,0.0,0.0
9.52;0.9928504228591919,-0.3319321572780609,0.0;1.0,0.0,0.0,0.0
9.53;0.9928504228591919,-0.3319321274757385,0.0;1.0,0.0,0.0,0.0
9.54;0.9928504228591919,-0.3319321274757385,0.0;1.0,0.0,0.0,0.0
9.55;0.9928504228591919,-0.3319321274757385,0.0;1.0,0.0,0.0,0.0
9.56;0.9928503632545471,-0.3319321274757385,0.0;1.0,0.0,0.0,0.0
9.57;0.9928504228591919,-0.3319321572780609,0.0;1.0,0.0,0.0,0.0
9.58;0.9928503632545471,-0.3319321572780609,0.0;1.0,0.0,0.0,0.0
9.59;0.9928504228591919,-0.3319321274757385,0.0;1.0,0.0,0.0,0.0
9.6;0.9928504228591919,-0.3319321572780609,0.0;1.0,0.0,0.0,0.0
9.61;0.9928503632545471,-0.3319321274757385,0.0;1.0,0.0,0.0,0.0
9.62;0.9928503632545471,-0.3319321572780609,0.0;1.0,0.0,0.0,0.0
9.63;0.9928504228591919,-0.3319321274757385,0.0;1.0,0.0,0.0,0.0
9.64;0.9928504228591919,-0.3319321870803833,0.0;1.0,0.0,0.0,0.0
9.65;0.9928503632545471,-0.3319321572780609,0.0;1.0,0.0,0.0,0.0
9.66;0.9928503632545471,-0.3319321572780609,0.0;1.0,0.0,0.0,0.0
9.67;0.9928503632545471,-0.3319321572780609,0.0;1.0,0.0,0.0,0.0
9.68;0.9928503632545471,-0.3319321572780609,0.0;1.0,0.0,0.0,0.0
9.69;0.9928503632545471,-0.3319321274757385,0.0;1.0,0.0,0.0,0.0
9.7;0.9928503632545471,-0.3319321274757385,0.0;1.0,0.0,0.0,0.0
9.71;0.9928503632545471,-0.3319321870803833,0.0;1.0,0.0,0.0,0.0
9.72;0.9928503632545471,-0.3319321572780609,0.0;1.0,0.0,0.0,0.0
9.73;0.9928503632545471,-0.3319321572780609,0.0;1.0,0.0,0.0,0.0
9.74;0.9928503632545471,-0.3319321572780609,0.0;1.0,0.0,0.0,0.0
9.75;0.9928503632545471,-0.3319321572780609,0.0;1.0,0.0,0.0,0.0
9.76;0.9928503632545471,-0.3319321274757385,0.0;1.0,0.0,0.0,0.0
9.77;0.9928503632545471,-0.3319321274757385,0.0;1.0,0.0,0.0,0.0
9.78;0.9928503632545471,-0.3319321572780609,0.0;1.0,0.0,0.0,0.0
9.79;0.9928503632545471,-0.3319321572780609,0.0;1.0,0.0,0.0,0.0
9.8;0.9928503632545471,-0.3319321572780609,0.0;1.0,0.0,0.0,0.0
9.81;0.9928503632545471,-0.3319321572780609,0.0;1.0,0.0,0.0,0.0
9.82;0.9928503632545471,-0.3319321572780609,0.0;1.0,0.0,0.0,0.0
9.83;0.9928503632545471,-0.3319321572780609,0.0;1.0,0.0,0.0,0.0
9.84;0.9928503632545471,-0.3319321572780609,0.0;1.0,0.0,0.0,0.0
9.85;0.9928503632545471,-0.3319321870803833,0.0;1.0,0.0,0.0,0.0
9.86;0.9928503036499023,-0.3319321870803833,0.0;1.0,0.0,0.0,0.0
9.87;0.9928504228591919,-0.3319321572780609,0.0;1.0,0.0,0.0,0.0
9.88;0.9928503632545471,-0.3319321572780609,0.0;1.0,0.0,0.0,0.0
9.89;0.9928503632545471,-0.3319321572780609,0.0;1.0,0.0,0.0,0.0
9.9;0.9928503632545471,-0.3319321572780609,0.0;1.0,0.0,0.0,0.0
9.91;0.9928503632545471,-0.3319321572780609,0.0;1.0,0.0,0.0,0.0
9.92;0.9928503632545471,-0.3319321572780609,0.0;1.0,0.0,0.0,0.0
9.93;0.9928503632545471,-0.3319321572780609,0.0;1.0,0.0,0.0,0.0
9.94;0.9928503632545471,-0.3319321572780609,0.0;1.0,0.0,0.0,0.0
9.95;0.9928503632545471,-0.3319321572780609,0.0;1.0,0.0,0.0,0.0
9.96;0.9928503632545471,-0.3319321572780609,0.0;1.0,0.0,0.0,0.0
9.97;0.9928503632545471,-0.3319321572780609,0.0;1.0,0.0,0.0,0.0
9.98;0.9928503632545471,-0.3319321572780609,0.0;1.0,0.0,0.0,0.0
9.99;0.9928503632545471,-0.3319321572780609,0.0;1.0,0.0,0.0,0.0
