0.0;0.0,0.0,0.0;1.0,0.0,0.0,0.0
0.01;0.0,0.0,0.0;1.0,0.0,0.0,0.0
0.02;0.0,0.0,0.0;1.0,0.0,0.0,0.0
0.03;0.0,0.0,0.0;1.0,0.0,0.0,0.0
0.04;0.0,0.0,0.0;1.0,0.0,0.0,0.0
0.05;0.0,0.0,0.0;1.0,0.0,0.0,0.0
0.06;0.0,0.0,0.0;1.0,0.0,0.0,0.0
0.07;0.0,0.0,0.0;1.0,0.0,0.0,0.0
0.08;0.0,0.0,0.0;1.0,0.0,0.0,0.0
0.09;0.0,0.0,0.0;1.0,0.0,0.0,0.0
0.1;0.0,0.0,0.0;1.0,0.0,0.0,0.0
0.11;0.0,0.0,0.0;1.0,0.0,0.0,0.0
0.12;0.0,0.0,0.0;1.0,0.0,0.0,0.0
0.13;0.0,0.0,0.0;1.0,0.0,0.0,0.0
0.14;0.0,0.0,0.0;1.0,0.0,0.0,0.0
0.15;0.0,0.0,0.0;1.0,0.0,0.0,0.0
0.16;0.0,0.0,0.0;1.0,0.0,0.0,0.0
0.17;0.0,0.0,0.0;1.0,0.0,0.0,0.0
0.18;0.0,0.0,0.0;1.0,0.0,0.0,0.0
0.19;0.0,0.0,0.0;1.0,0.0,0.0,0.0
0.2;0.0,0.0,0.0;1.0,0.0,0.0,0.0
0.21;0.0,0.0,0.0;1.0,0.0,0.0,0.0
0.22;0.0,0.0,0.0;1.0,0.0,0.0,0.0
0.23;0.0,0.0,0.0;1.0,0.0,0.0,0.0
0.24;0.0,0.0,0.0;1.0,0.0,0.0,0.0
0.25;0.0,0.0,0.0;1.0,0.0,0.0,0.0
0.26;0.0,0.0,0.0;1.0,0.0,0.0,0.0
0.27;0.0,0.0,0.0;1.0,0.0,0.0,0.0
0.28;0.0,0.0,0.0;1.0,0.0,0.0,0.0
0.29;0.0,0.0,0.0;1.0,0.0,0.0,0.0
0.3;0.0,0.0,0.0;1.0,0.0,0.0,0.0
0.31;0.0,0.0,0.0;1.0,0.0,0.0,0.0
0.32;0.0,0.0,0.0;1.0,0.0,0.0,0.0
0.33;0.0,0.0,0.0;1.0,0.0,0.0,0.0
0.34;0.0,0.0,0.0;1.0,0.0,0.0,0.0
0.35;0.0,0.0,0.0;1.0,0.0,0.0,0.0
0.36;0.0,0.0,0.0;1.0,0.0,0.0,0.0
0.37;0.0,0.0,0.0;1.0,0.0,0.0,0.0
0.38;0.0,0.0,0.0;1.0,0.0,0.0,0.0
0.39;0.0,0.0,0.0;1.0,0.0,0.0,0.0
0.4;0.0,0.0,0.0;1.0,0.0,0.0,0.0
0.41;0.0,0.0,0.0;1.0,0.0,0.0,0.0
0.42;0.0,0.0,0.0;1.0,0.0,0.0,0.0
0.43;0.0,0.0,0.0;1.0,0.0,0.0,0.0
0.44;0.0,0.0,0.0;1.0,0.0,0.0,0.0
0.45;0.0,0.0,0.0;1.0,0.0,0.0,0.0
0.46;0.0,0.0,0.0;1.0,0.0,0.0,0.0
0.47;0.0,0.0,0.0;1.0,0.0,0.0,0.0
0.48;0.0,0.0,0.0;1.0,0.0,0.0,0.0
0.49;0.0,0.0,0.0;1.0,0.0,0.0,0.0
0.5;0.0,0.0,0.0;1.0,0.0,0.0,0.0
0.51;0.0,0.0,0.0;1.0,0.0,0.0,0.0
0.52;0.0,0.0,0.0;1.0,0.0,0.0,0.0
0.53;0.0,0.0,0.0;1.0,0.0,0.0,0.0
0.54;0.0,0.0,0.0;1.0,0.0,0.0,0.0
0.55;0.0,0.0,0.0;1.0,0.0,0.0,0.0
0.56;0.0,0.0,0.0;1.0,0.0,0.0,0.0
0.57;0.0,0.0,0.0;1.0,0.0,0.0,0.0
0.58;0.0,0.0,0.0;1.0,0.0,0.0,0.0
0.59;0.0,0.0,0.0;1.0,0.0,0.0,0.0
0.6;0.0,0.0,0.0;1.0,0.0,0.0,0.0
0.61;0.0,0.0,0.0;1.0,0.0,0.0,0.0
0.62;0.0,0.0,0.0;1.0,0.0,0.0,0.0
0.63;0.0,0.0,0.0;1.0,0.0,0.0,0.0
0.64;0.0,0.0,0.0;1.0,0.0,0.0,0.0
0.65;0.0,0.0,0.0;1.0,0.0,0.0,0.0
0.66;0.0,0.0,0.0;1.0,0.0,0.0,0.0
0.67;0.0,0.0,0.0;1.0,0.0,0.0,0.0
0.68;0.0,0.0,0.0;1.0,0.0,0.0,0.0
0.69;0.0,0.0,0.0;1.0,0.0,0.0,0.0
0.7;0.0,0.0,0.0;1.0,0.0,0.0,0.0
0.71;0.0,0.0,0.0;1.0,0.0,0.0,0.0
0.72;0.0,0.0,0.0;1.0,0.0,0.0,0.0
0.73;0.0,0.0,0.0;1.0,0.0,0.0,0.0
0.74;0.0,0.0,0.0;1.0,0.0,0.0,0.0
0.75;0.0,0.0,0.0;1.0,0.0,0.0,0.0
0.76;0.0,0.0,0.0;1.0,0.0,0.0,0.0
0.77;0.0,0.0,0.0;1.0,0.0,0.0,0.0
0.78;0.0,0.0,0.0;1.0,0.0,0.0,0.0
0.79;0.0,0.0,0.0;1.0,0.0,0.0,0.0
0.8;0.0,0.0,0.0;1.0,0.0,0.0,0.0
0.81;0.0,0.0,0.0;1.0,0.0,0.0,0.0
0.82;0.0,0.0,0.0;1.0,0.0,0.0,0.0
0.83;0.0,0.0,0.0;1.0,0.0,0.0,0.0
0.84;0.0,0.0,0.0;1.0,0.0,0.0,0.0
0.85;0.0,0.0,0.0;1.0,0.0,0.0,0.0
0.86;0.0,0.0,0.0;1.0,0.0,0.0,0.0
0.87;0.0,0.0,0.0;1.0,0.0,0.0,0.0
0.88;0.0,0.0,0.0;1.0,0.0,0.0,0.0
0.89;0.0,0.0,0.0;1.0,0.0,0.0,0.0
0.9;0.0,0.0,0.0;1.0,0.0,0.0,0.0
0.91;0.0,0.0,0.0;1.0,0.0,0.0,0.0
0.92;0.0,0.0,0.0;1.0,0.0,0.0,0.0
0.93;0.0,0.0,0.0;1.0,0.0,0.0,0.0
0.94;0.0,0.0,0.0;1.0,0.0,0.0,0.0
0.95;0.0,0.0,0.0;1.0,0.0,0.0,0.0
0.96;0.0,0.0,0.0;1.0,0.0,0.0,0.0
0.97;0.0,0.0,0.0;1.0,0.0,0.0,0.0
0.98;0.0,0.0,0.0;1.0,0.0,0.0,0.0
0.99;0.0,0.0,0.0;1.0,0.0,0.0,0.0
1.0;0.0,0.0,0.0;1.0,0.0,0.0,0.0
1.01;0.0,0.0,0.0;1.0,0.0,0.0,0.0
1.02;0.0,0.0,0.0;1.0,0.0,0.0,0.0
1.03;0.0,0.0,0.0;1.0,0.0,0.0,0.0
1.04;0.0,0.0,0.0;1.0,0.0,0.0,0.0
1.05;0.0,0.0,0.0;1.0,0.0,0.0,0.0
1.06;0.0,0.0,0.0;1.0,0.0,0.0,0.0
1.07;0.0,0.0,0.0;1.0,0.0,0.0,0.0
1.08;0.0,0.0,0.0;1.0,0.0,0.0,0.0
1.09;0.0,0.0,0.0;1.0,0.0,0.0,0.0
1.1;0.0,0.0,0.0;1.0,0.0,0.0,0.0
1.11;0.0,0.0,0.0;1.0,0.0,0.0,0.0
1.12;0.0,0.0,0.0;1.0,0.0,0.0,0.0
1.13;0.0,0.0,0.0;1.0,0.0,0.0,0.0
1.14;0.0,0.0,0.0;1.0,0.0,0.0,0.0
1.15;0.0,0.0,0.0;1.0,0.0,0.0,0.0
1.16;0.0,0.0,0.0;1.0,0.0,0.0,0.0
1.17;0.0,0.0,0.0;1.0,0.0,0.0,0.0
1.18;0.0,0.0,0.0;1.0,0.0,0.0,0.0
1.19;0.0,0.0,0.0;1.0,0.0,0.0,0.0
1.2;0.0,0.0,0.0;1.0,0.0,0.0,0.0
1.21;0.0,0.0,0.0;1.0,0.0,0.0,0.0
1.22;0.0,0.0,0.0;1.0,0.0,0.0,0.0
1.23;0.0,0.0,0.0;1.0,0.0,0.0,0.0
1.24;0.0,0.0,0.0;1.0,0.0,0.0,0.0
1.25;0.0,0.0,0.0;1.0,0.0,0.0,0.0
1.26;0.0,0.0,0.0;1.0,0.0,0.0,0.0
1.27;0.0,0.0,0.0;1.0,0.0,0.0,0.0
1.28;0.0,0.0,0.0;1.0,0.0,0.0,0.0
1.29;0.0,0.0,0.0;1.0,0.0,0.0,0.0
1.3;0.0,0.0,0.0;1.0,0.0,0.0,0.0
1.31;0.0,0.0,0.0;1.0,0.0,0.0,0.0
1.32;0.0,0.0,0.0;1.0,0.0,0.0,0.0
1.33;0.0,0.0,0.0;1.0,0.0,0.0,0.0
1.34;0.0,0.0,0.0;1.0,0.0,0.0,0.0
1.35;0.0,0.0,0.0;1.0,0.0,0.0,0.0
1.36;0.0,0.0,0.0;1.0,0.0,0.0,0.0
1.37;0.0,0.0,0.0;1.0,0.0,0.0,0.0
1.38;0.0,0.0,0.0;1.0,0.0,0.0,0.0
1.39;0.0,0.0,0.0;1.0,0.0,0.0,0.0
1.4;0.0,0.0,0.0;1.0,0.0,0.0,0.0
1.41;0.0,0.0,0.0;1.0,0.0,0.0,0.0
1.42;0.0,0.0,0.0;1.0,0.0,0.0,0.0
1.43;0.0,0.0,0.0;1.0,0.0,0.0,0.0
1.44;0.0,0.0,0.0;1.0,0.0,0.0,0.0
1.45;0.0,0.0,0.0;1.0,0.0,0.0,0.0
1.46;0.0,0.0,0.0;1.0,0.0,0.0,0.0
1.47;0.0,0.0,0.0;1.0,0.0,0.0,0.0
1.48;0.0,0.0,0.0;1.0,0.0,0.0,0.0
1.49;0.0,0.0,0.0;1.0,0.0,0.0,0.0
1.5;0.0,0.0,0.0;1.0,0.0,0.0,0.0
1.51;0.0,0.0,0.0;1.0,0.0,0.0,0.0
1.52;0.0,0.0,0.0;1.0,0.0,0.0,0.0
1.53;0.0,0.0,0.0;1.0,0.0,0.0,0.0
1.54;0.0,0.0,0.0;1.0,0.0,0.0,0.0
1.55;0.0,0.0,0.0;1.0,0.0,0.0,0.0
1.56;0.0,0.0,0.0;1.0,0.0,0.0,0.0
1.57;0.0,0.0,0.0;1.0,0.0,0.0,0.0
1.58;0.0,0.0,0.0;1.0,0.0,0.0,0.0
1.59;0.0,0.0,0.0;1.0,0.0,0.0,0.0
1.6;0.0,0.0,0.0;1.0,0.0,0.0,0.0
1.61;0.0,0.0,0.0;1.0,0.0,0.0,0.0
1.62;0.0,0.0,0.0;1.0,0.0,0.0,0.0
1.63;0.0,0.0,0.0;1.0,0.0,0.0,0.0
1.64;0.0,0.0,0.0;1.0,0.0,0.0,0.0
1.65;0.0,0.0,0.0;1.0,0.0,0.0,0.0
1.66;0.0,0.0,0.0;1.0,0.0,0.0,0.0
1.67;0.0,0.0,0.0;1.0,0.0,0.0,0.0
1.68;0.0,0.0,0.0;1.0,0.0,0.0,0.0
1.69;0.0,0.0,0.0;1.0,0.0,0.0,0.0
1.7;0.0,0.0,0.0;1.0,0.0,0.0,0.0
1.71;0.0,0.0,0.0;1.0,0.0,0.0,0.0
1.72;0.0,0.0,0.0;1.0,0.0,0.0,0.0
1.73;0.0,0.0,0.0;1.0,0.0,0.0,0.0
1.74;0.0,0.0,0.0;1.0,0.0,0.0,0.0
1.75;0.0,0.0,0.0;1.0,0.0,0.0,0.0
1.76;0.0,0.0,0.0;1.0,0.0,0.0,0.0
1.77;0.0,0.0,0.0;1.0,0.0,0.0,0.0
1.78;0.0,0.0,0.0;1.0,0.0,0.0,0.0
1.79;0.0,0.0,0.0;1.0,0.0,0.0,0.0
1.8;0.0,0.0,0.0;1.0,0.0,0.0,0.0
1.81;0.0,0.0,0.0;1.0,0.0,0.0,0.0
1.82;0.0,0.0,0.0;1.0,0.0,0.0,0.0
1.83;0.0,0.0,0.0;1.0,0.0,0.0,0.0
1.84;0.0,0.0,0.0;1.0,0.0,0.0,0.0
1.85;0.0,0.0,0.0;1.0,0.0,0.0,0.0
1.86;0.0,0.0,0.0;1.0,0.0,0.0,0.0
1.87;0.0,0.0,0.0;1.0,0.0,0.0,0.0
1.88;0.0,0.0,0.0;1.0,0.0,0.0,0.0
1.89;0.0,0.0,0.0;1.0,0.0,0.0,0.0
1.9;0.0,0.0,0.0;1.0,0.0,0.0,0.0
1.91;0.0,0.0,0.0;1.0,0.0,0.0,0.0
1.92;0.0,0.0,0.0;1.0,0.0,0.0,0.0
1.93;0.0,0.0,0.0;1.0,0.0,0.0,0.0
1.94;0.0,0.0,0.0;1.0,0.0,0.0,0.0
1.95;0.0,0.0,0.0;1.0,0.0,0.0,0.0
1.96;0.0,0.0,0.0;1.0,0.0,0.0,0.0
1.97;0.0,0.0,0.0;1.0,0.0,0.0,0.0
1.98;0.0,0.0,0.0;1.0,0.0,0.0,0.0
1.99;0.0,0.0,0.0;1.0,0.0,0.0,0.0
2.0;0.0,0.0,0.0;1.0,0.0,0.0,0.0
2.01;0.0,0.0,0.0;1.0,0.0,0.0,0.0
2.02;0.0,0.0,0.0;1.0,0.0,0.0,0.0
2.03;0.0,0.0,0.0;1.0,0.0,0.0,0.0
2.04;0.0,0.0,0.0;1.0,0.0,0.0,0.0
2.05;0.0,0.0,0.0;1.0,0.0,0.0,0.0
2.06;0.0,0.0,0.0;1.0,0.0,0.0,0.0
2.07;0.0,0.0,0.0;1.0,0.0,0.0,0.0
2.08;0.0,0.0,0.0;1.0,0.0,0.0,0.0
2.09;0.0,0.0,0.0;1.0,0.0,0.0,0.0
2.1;0.0,0.0,0.0;1.0,0.0,0.0,0.0
2.11;0.0,0.0,0.0;1.0,0.0,0.0,0.0
2.12;0.0,0.0,0.0;1.0,0.0,0.0,0.0
2.13;0.0,0.0,0.0;1.0,0.0,0.0,0.0
2.14;0.0,0.0,0.0;1.0,0.0,0.0,0.0
2.15;0.0,0.0,0.0;1.0,0.0,0.0,0.0
2.16;0.0,0.0,0.0;1.0,0.0,0.0,0.0
2.17;0.0,0.0,0.0;1.0,0.0,0.0,0.0
2.18;0.0,0.0,0.0;1.0,0.0,0.0,0.0
2.19;0.0,0.0,0.0;1.0,0.0,0.0,0.0
2.2;0.0,0.0,0.0;1.0,0.0,0.0,0.0
2.21;0.0,0.0,0.0;1.0,0.0,0.0,0.0
2.22;0.0,0.0,0.0;1.0,0.0,0.0,0.0
2.23;0.0,0.0,0.0;1.0,0.0,0.0,0.0
2.24;0.0,0.0,0.0;1.0,0.0,0.0,0.0
2.25;0.0,0.0,0.0;1.0,0.0,0.0,0.0
2.26;0.0,0.0,0.0;1.0,0.0,0.0,0.0
2.27;0.0,0.0,0.0;1.0,0.0,0.0,0.0
2.28;0.0,0.0,0.0;1.0,0.0,0.0,0.0
2.29;0.0,0.0,0.0;1.0,0.0,0.0,0.0
2.3;0.0,0.0,0.0;1.0,0.0,0.0,0.0
2.31;0.0,0.0,0.0;1.0,0.0,0.0,0.0
2.32;0.0,0.0,0.0;1.0,0.0,0.0,0.0
2.33;0.0,0.0,0.0;1.0,0.0,0.0,0.0
2.34;0.0,0.0,0.0;1.0,0.0,0.0,0.0
2.35;0.0,0.0,0.0;1.0,0.0,0.0,0.0
2.36;0.0,0.0,0.0;1.0,0.0,0.0,0.0
2.37;0.0,0.0,0.0;1.0,0.0,0.0,0.0
2.38;0.0,0.0,0.0;1.0,0.0,0.0,0.0
2.39;0.0,0.0,0.0;1.0,0.0,0.0,0.0
2.4;0.0,0.0,0.0;1.0,0.0,0.0,0.0
2.41;0.0,0.0,0.0;1.0,0.0,0.0,0.0
2.42;0.0,0.0,0.0;1.0,0.0,0.0,0.0
2.43;0.0,0.0,0.0;1.0,0.0,0.0,0.0
2.44;0.0,0.0,0.0;1.0,0.0,0.0,0.0
2.45;0.0,0.0,0.0;1.0,0.0,0.0,0.0
2.46;0.0,0.0,0.0;1.0,0.0,0.0,0.0
2.47;0.0,0.0,0.0;1.0,0.0,0.0,0.0
2.48;0.0,0.0,0.0;1.0,0.0,0.0,0.0
2.49;0.0,0.0,0.0;1.0,0.0,0.0,0.0
2.5;0.0,0.0,0.0;1.0,0.0,0.0,0.0
2.51;0.0,0.0,0.0;1.0,0.0,0.0,0.0
2.52;0.0,0.0,0.0;1.0,0.0,0.0,0.0
2.53;0.0,0.0,0.0;1.0,0.0,0.0,0.0
2.54;0.0,0.0,0.0;1.0,0.0,0.0,0.0
2.55;0.0,0.0,0.0;1.0,0.0,0.0,0.0
2.56;0.0,0.0,0.0;1.0,0.0,0.0,0.0
2.57;0.0,0.0,0.0;1.0,0.0,0.0,0.0
2.58;0.0,0.0,0.0;1.0,0.0,0.0,0.0
2.59;0.0,0.0,0.0;1.0,0.0,0.0,0.0
2.6;0.0,0.0,0.0;1.0,0.0,0.0,0.0
2.61;0.0,0.0,0.0;1.0,0.0,0.0,0.0
2.62;0.0,0.0,0.0;1.0,0.0,0.0,0.0
2.63;0.0,0.0,0.0;1.0,0.0,0.0,0.0
2.64;0.0,0.0,0.0;1.0,0.0,0.0,0.0
2.65;0.0,0.0,0.0;1.0,0.0,0.0,0.0
2.66;0.0,0.0,0.0;1.0,0.0,0.0,0.0
2.67;0.0,0.0,0.0;1.0,0.0,0.0,0.0
2.68;0.0,0.0,0.0;1.0,0.0,0.0,0.0
2.69;0.0,0.0,0.0;1.0,0.0,0.0,0.0
2.7;0.0,0.0,0.0;1.0,0.0,0.0,0.0
2.71;0.0,0.0,0.0;1.0,0.0,0.0,0.0
2.72;0.0,0.0,0.0;1.0,0.0,0.0,0.0
2.73;0.0,0.0,0.0;1.0,0.0,0.0,0.0
2.74;0.0,0.0,0.0;1.0,0.0,0.0,0.0
2.75;0.0,0.0,0.0;1.0,0.0,0.0,0.0
2.76;0.0,0.0,0.0;1.0,0.0,0.0,0.0
2.77;0.0,0.0,0.0;1.0,0.0,0.0,0.0
2.78;0.0,0.0,0.0;1.0,0.0,0.0,0.0
2.79;0.0,0.0,0.0;1.0,0.0,0.0,0.0
2.8;0.0,0.0,0.0;1.0,0.0,0.0,0.0
2.81;0.0,0.0,0.0;1.0,0.0,0.0,0.0
2.82;0.0,0.0,0.0;1.0,0.0,0.0,0.0
2.83;0.0,0.0,0.0;1.0,0.0,0.0,0.0
2.84;0.0,0.0,0.0;1.0,0.0,0.0,0.0
2.85;0.0,0.0,0.0;1.0,0.0,0.0,0.0
2.86;0.0,0.0,0.0;1.0,0.0,0.0,0.0
2.87;0.0,0.0,0.0;1.0,0.0,0.0,0.0
2.88;0.0,0.0,0.0;1.0,0.0,0.0,0.0
2.89;0.0,0.0,0.0;1.0,0.0,0.0,0.0
2.9;0.0,0.0,0.0;1.0,0.0,0.0,0.0
2.91;0.0,0.0,0.0;1.0,0.0,0.0,0.0
2.92;0.0,0.0,0.0;1.0,0.0,0.0,0.0
2.93;0.0,0.0,0.0;1.0,0.0,0.0,0.0
2.94;0.0,0.0,0.0;1.0,0.0,0.0,0.0
2.95;0.0,0.0,0.0;1.0,0.0,0.0,0.0
2.96;0.0,0.0,0.0;1.0,0.0,0.0,0.0
2.97;0.0,0.0,0.0;1.0,0.0,0.0,0.0
2.98;0.0,0.0,0.0;1.0,0.0,0.0,0.0
2.99;0.0,0.0,0.0;1.0,0.0,0.0,0.0
3.0;0.0,0.0,0.0;1.0,0.0,0.0,0.0
3.01;0.0,0.0,0.0;1.0,0.0,0.0,0.0
3.02;0.0,0.0,0.0;1.0,0.0,0.0,0.0
3.03;0.0,0.0,0.0;1.0,0.0,0.0,0.0
3.04;0.0,0.0,0.0;1.0,0.0,0.0,0.0
3.05;0.0,0.0,0.0;1.0,0.0,0.0,0.0
3.06;0.0,0.0,0.0;1.0,0.0,0.0,0.0
3.07;0.0,0.0,0.0;1.0,0.0,0.0,0.0
3.08;0.0,0.0,0.0;1.0,0.0,0.0,0.0
3.09;0.0,0.0,0.0;1.0,0.0,0.0,0.0
3.1;0.0,0.0,0.0;1.0,0.0,0.0,0.0
3.11;0.0,0.0,0.0;1.0,0.0,0.0,0.0
3.12;0.0,0.0,0.0;1.0,0.0,0.0,0.0
3.13;0.0,0.0,0.0;1.0,0.0,0.0,0.0
3.14;0.0,0.0,0.0;1.0,0.0,0.0,0.0
3.15;0.0,0.0,0.0;1.0,0.0,0.0,0.0
3.16;0.0,0.0,0.0;1.0,0.0,0.0,0.0
3.17;0.0,0.0,0.0;1.0,0.0,0.0,0.0
3.18;0.0,0.0,0.0;1.0,0.0,0.0,0.0
3.19;0.0,0.0,0.0;1.0,0.0,0.0,0.0
3.2;0.0,0.0,0.0;1.0,0.0,0.0,0.0
3.21;0.0,0.0,0.0;1.0,0.0,0.0,0.0
3.22;0.0,0.0,0.0;1.0,0.0,0.0,0.0
3.23;0.0,0.0,0.0;1.0,0.0,0.0,0.0
3.24;0.0,0.0,0.0;1.0,0.0,0.0,0.0
3.25;0.0,0.0,0.0;1.0,0.0,0.0,0.0
3.26;0.0,0.0,0.0;1.0,0.0,0.0,0.0
3.27;0.0,0.0,0.0;1.0,0.0,0.0,0.0
3.28;0.0,0.0,0.0;1.0,0.0,0.0,0.0
3.29;0.0,0.0,0.0;1.0,0.0,0.0,0.0
3.3;0.0,0.0,0.0;1.0,0.0,0.0,0.0
3.31;0.0,0.0,0.0;1.0,0.0,0.0,0.0
3.32;0.0,0.0,0.0;1.0,0.0,0.0,0.0
3.33;0.0,0.0,0.0;1.0,0.0,0.0,0.0
3.34;0.0,0.0,0.0;1.0,0.0,0.0,0.0
3.35;0.0,0.0,0.0;1.0,0.0,0.0,0.0
3.36;0.0,0.0,0.0;1.0,0.0,0.0,0.0
3.37;0.0,0.0,0.0;1.0,0.0,0.0,0.0
3.38;0.0,0.0,0.0;1.0,0.0,0.0,0.0
3.39;0.0,0.0,0.0;1.0,0.0,0.0,0.0
3.4;0.0,0.0,0.0;1.0,0.0,0.0,0.0
3.41;0.0,0.0,0.0;1.0,0.0,0.0,0.0
3.42;0.0,0.0,0.0;1.0,0.0,0.0,0.0
3.43;0.0,0.0,0.0;1.0,0.0,0.0,0.0
3.44;0.0,0.0,0.0;1.0,0.0,0.0,0.0
3.45;0.0,0.0,0.0;1.0,0.0,0.0,0.0
3.46;0.0,0.0,0.0;1.0,0.0,0.0,0.0
3.47;0.0,0.0,0.0;1.0,0.0,0.0,0.0
3.48;0.0,0.0,0.0;1.0,0.0,0.0,0.0
3.49;0.0,0.0,0.0;1.0,0.0,0.0,0.0
3.5;0.0,0.0,0.0;1.0,0.0,0.0,0.0
3.51;0.0,0.0,0.0;1.0,0.0,0.0,0.0
3.52;0.0,0.0,0.0;1.0,0.0,0.0,0.0
3.53;0.0,0.0,0.0;1.0,0.0,0.0,0.0
3.54;0.0,0.0,0.0;1.0,0.0,0.0,0.0
3.55;0.0,0.0,0.0;1.0,0.0,0.0,0.0
3.56;0.0,0.0,0.0;1.0,0.0,0.0,0.0
3.57;0.0,0.0,0.0;1.0,0.0,0.0,0.0
3.58;0.0,0.0,0.0;1.0,0.0,0.0,0.0
3.59;0.0,0.0,0.0;1.0,0.0,0.0,0.0
3.6;0.0,0.0,0.0;1.0,0.0,0.0,0.0
3.61;0.0,0.0,0.0;1.0,0.0,0.0,0.0
3.62;0.0,0.0,0.0;1.0,0.0,0.0,0.0
3.63;0.0,0.0,0.0;1.0,0.0,0.0,0.0
3.64;0.0,0.0,0.0;1.0,0.0,0.0,0.0
3.65;0.0,0.0,0.0;1.0,0.0,0.0,0.0
3.66;0.0,0.0,0.0;1.0,0.0,0.0,0.0
3.67;0.0,0.0,0.0;1.0,0.0,0.0,0.0
3.68;0.0,0.0,0.0;1.0,0.0,0.0,0.0
3.69;0.0,0.0,0.0;1.0,0.0,0.0,0.0
3.7;0.0,0.0,0.0;1.0,0.0,0.0,0.0
3.71;0.0,0.0,0.0;1.0,0.0,0.0,0.0
3.72;0.0,0.0,0.0;1.0,0.0,0.0,0.0
3.73;0.0,0.0,0.0;1.0,0.0,0.0,0.0
3.74;0.0,0.0,0.0;1.0,0.0,0.0,0.0
3.75;0.0,0.0,0.0;1.0,0.0,0.0,0.0
3.76;0.0,0.0,0.0;1.0,0.0,0.0,0.0
3.77;0.0,0.0,0.0;1.0,0.0,0.0,0.0
3.78;0.0,0.0,0.0;1.0,0.0,0.0,0.0
3.79;0.0,0.0,0.0;1.0,0.0,0.0,0.0
3.8;0.0,0.0,0.0;1.0,0.0,0.0,0.0
3.81;0.0,0.0,0.0;1.0,0.0,0.0,0.0
3.82;0.0,0.0,0.0;1.0,0.0,0.0,0.0
3.83;0.0,0.0,0.0;1.0,0.0,0.0,0.0
3.84;0.0,0.0,0.0;1.0,0.0,0.0,0.0
3.85;0.0,0.0,0.0;1.0,0.0,0.0,0.0
3.86;0.0,0.0,0.0;1.0,0.0,0.0,0.0
3.87;0.0,0.0,0.0;1.0,0.0,0.0,0.0
3.88;0.0,0.0,0.0;1.0,0.0,0.0,0.0
3.89;0.0,0.0,0.0;1.0,0.0,0.0,0.0
3.9;0.0,0.0,0.0;1.0,0.0,0.0,0.0
3.91;0.0,0.0,0.0;1.0,0.0,0.0,0.0
3.92;0.0,0.0,0.0;1.0,0.0,0.0,0.0
3.93;0.0,0.0,0.0;1.0,0.0,0.0,0.0
3.94;0.0,0.0,0.0;1.0,0.0,0.0,0.0
3.95;0.0,0.0,0.0;1.0,0.0,0.0,0.0
3.96;0.0,0.0,0.0;1.0,0.0,0.0,0.0
3.97;0.0,0.0,0.0;1.0,0.0,0.0,0.0
3.98;0.0,0.0,0.0;1.0,0.0,0.0,0.0
3.99;0.0,0.0,0.0;1.0,0.0,0.0,0.0
4.0;0.0,0.0,0.0;1.0,0.0,0.0,0.0
4.01;0.0,0.0,0.0;1.0,0.0,0.0,0.0
4.02;0.0,0.0,0.0;1.0,0.0,0.0,0.0
4.03;0.0,0.0,0.0;1.0,0.0,0.0,0.0
4.04;0.0,0.0,0.0;1.0,0.0,0.0,0.0
4.05;0.0,0.0,0.0;1.0,0.0,0.0,0.0
4.06;0.0,0.0,0.0;1.0,0.0,0.0,0.0
4.07;0.0,0.0,0.0;1.0,0.0,0.0,0.0
4.08;0.0,0.0,0.0;1.0,0.0,0.0,0.0
4.09;0.0,0.0,0.0;1.0,0.0,0.0,0.0
4.1;0.0,0.0,0.0;1.0,0.0,0.0,0.0
4.11;0.0,0.0,0.0;1.0,0.0,0.0,0.0
4.12;0.0,0.0,0.0;1.0,0.0,0.0,0.0
4.13;0.0,0.0,0.0;1.0,0.0,0.0,0.0
4.14;0.0,0.0,0.0;1.0,0.0,0.0,0.0
4.15;0.0,0.0,0.0;1.0,0.0,0.0,0.0
4.16;0.0,0.0,0.0;1.0,0.0,0.0,0.0
4.17;0.0,0.0,0.0;1.0,0.0,0.0,0.0
4.18;0.0,0.0,0.0;1.0,0.0,0.0,0.0
4.19;0.0,0.0,0.0;1.0,0.0,0.0,0.0
4.2;0.0,0.0,0.0;1.0,0.0,0.0,0.0
4.21;0.0,0.0,0.0;1.0,0.0,0.0,0.0
4.22;0.0,0.0,0.0;1.0,0.0,0.0,0.0
4.23;0.0,0.0,0.0;1.0,0.0,0.0,0.0
4.24;0.0,0.0,0.0;1.0,0.0,0.0,0.0
4.25;0.0,0.0,0.0;1.0,0.0,0.0,0.0
4.26;0.0,0.0,0.0;1.0,0.0,0.0,0.0
4.27;0.0,0.0,0.0;1.0,0.0,0.0,0.0
4.28;0.0,0.0,0.0;1.0,0.0,0.0,0.0
4.29;0.0,0.0,0.0;1.0,0.0,0.0,0.0
4.3;0.0,0.0,0.0;1.0,0.0,0.0,0.0
4.31;0.0,0.0,0.0;1.0,0.0,0.0,0.0
4.32;0.0,0.0,0.0;1.0,0.0,0.0,0.0
4.33;0.0,0.0,0.0;1.0,0.0,0.0,0.0
4.34;0.0,0.0,0.0;1.0,0.0,0.0,0.0
4.35;0.0,0.0,0.0;1.0,0.0,0.0,0.0
4.36;0.0,0.0,0.0;1.0,0.0,0.0,0.0
4.37;0.0,0.0,0.0;1.0,0.0,0.0,0.0
4.38;0.0,0.0,0.0;1.0,0.0,0.0,0.0
4.39;0.0,0.0,0.0;1.0,0.0,0.0,0.0
4.4;0.0,0.0,0.0;1.0,0.0,0.0,0.0
4.41;0.0,0.0,0.0;1.0,0.0,0.0,0.0
4.42;0.0,0.0,0.0;1.0,0.0,0.0,0.0
4.43;0.0,0.0,0.0;1.0,0.0,0.0,0.0
4.44;0.0,0.0,0.0;1.0,0.0,0.0,0.0
4.45;0.0,0.0,0.0;1.0,0.0,0.0,0.0
4.46;0.0,0.0,0.0;1.0,0.0,0.0,0.0
4.47;0.0,0.0,0.0;1.0,0.0,0.0,0.0
4.48;0.0,0.0,0.0;1.0,0.0,0.0,0.0
4.49;0.0,0.0,0.0;1.0,0.0,0.0,0.0
4.5;0.0,0.0,0.0;1.0,0.0,0.0,0.0
4.51;0.0,0.0,0.0;1.0,0.0,0.0,0.0
4.52;0.0,0.0,0.0;1.0,0.0,0.0,0.0
4.53;0.0,0.0,0.0;1.0,0.0,0.0,0.0
4.54;0.0,0.0,0.0;1.0,0.0,0.0,0.0
4.55;0.0,0.0,0.0;1.0,0.0,0.0,0.0
4.56;0.0,0.0,0.0;1.0,0.0,0.0,0.0
4.57;0.0,0.0,0.0;1.0,0.0,0.0,0.0
4.58;0.0,0.0,0.0;1.0,0.0,0.0,0.0
4.59;0.0,0.0,0.0;1.0,0.0,0.0,0.0
4.6;0.0,0.0,0.0;1.0,0.0,0.0,0.0
4.61;0.0,0.0,0.0;1.0,0.0,0.0,0.0
4.62;0.0,0.0,0.0;1.0,0.0,0.0,0.0
4.63;0.0,0.0,0.0;1.0,0.0,0.0,0.0
4.64;0.0,0.0,0.0;1.0,0.0,0.0,0.0
4.65;0.0,0.0,0.0;1.0,0.0,0.0,0.0
4.66;0.0,0.0,0.0;1.0,0.0,0.0,0.0
4.67;0.0,0.0,0.0;1.0,0.0,0.0,0.0
4.68;0.0,0.0,0.0;1.0,0.0,0.0,0.0
4.69;0.0,0.0,0.0;1.0,0.0,0.0,0.0
4.7;0.0,0.0,0.0;1.0,0.0,0.0,0.0
4.71;0.0,0.0,0.0;1.0,0.0,0.0,0.0
4.72;0.0,0.0,0.0;1.0,0.0,0.0,0.0
4.73;0.0,0.0,0.0;1.0,0.0,0.0,0.0
4.74;0.0,0.0,0.0;1.0,0.0,0.0,0.0
4.75;0.0,0.0,0.0;1.0,0.0,0.0,0.0
4.76;0.0,0.0,0.0;1.0,0.0,0.0,0.0
4.77;0.0,0.0,0.0;1.0,0.0,0.0,0.0
4.78;0.0,0.0,0.0;1.0,0.0,0.0,0.0
4.79;0.0,0.0,0.0;1.0,0.0,0.0,0.0
4.8;0.0,0.0,0.0;1.0,0.0,0.0,0.0
4.81;0.0,0.0,0.0;1.0,0.0,0.0,0.0
4.82;0.0,0.0,0.0;1.0,0.0,0.0,0.0
4.83;0.0,0.0,0.0;1.0,0.0,0.0,0.0
4.84;0.0,0.0,0.0;1.0,0.0,0.0,0.0
4.85;0.0,0.0,0.0;1.0,0.0,0.0,0.0
4.86;0.0,0.0,0.0;1.0,0.0,0.0,0.0
4.87;0.0,0.0,0.0;1.0,0.0,0.0,0.0
4.88;0.0,0.0,0.0;1.0,0.0,0.0,0.0
4.89;0.0,0.0,0.0;1.0,0.0,0.0,0.0
4.9;0.0,0.0,0.0;1.0,0.0,0.0,0.0
4.91;0.0,0.0,0.0;1.0,0.0,0.0,0.0
4.92;0.0,0.0,0.0;1.0,0.0,0.0,0.0
4.93;0.0,0.0,0.0;1.0,0.0,0.0,0.0
4.94;0.0,0.0,0.0;1.0,0.0,0.0,0.0
4.95;0.0,0.0,0.0;1.0,0.0,0.0,0.0
4.96;0.0,0.0,0.0;1.0,0.0,0.0,0.0
4.97;0.0,0.0,0.0;1.0,0.0,0.0,0.0
4.98;0.0,0.0,0.0;1.0,0.0,0.0,0.0
4.99;0.0,0.0,0.0;1.0,0.0,0.0,0.0
5.0;0.0,0.0,0.0;1.0,0.0,0.0,0.0
5.01;0.0,0.0,0.0;1.0,0.0,0.0,0.0
5.02;0.0,0.0,0.0;1.0,0.0,0.0,0.0
5.03;0.0,0.0,0.0;1.0,0.0,0.0,0.0
5.04;0.0,0.0,0.0;1.0,0.0,0.0,0.0
5.05;0.0,0.0,0.0;1.0,0.0,0.0,0.0
5.06;0.0,0.0,0.0;1.0,0.0,0.0,0.0
5.07;0.0,0.0,0.0;1.0,0.0,0.0,0.0
5.08;0.0,0.0,0.0;1.0,0.0,0.0,0.0
5.09;0.0,0.0,0.0;1.0,0.0,0.0,0.0
5.1;0.0,0.0,0.0;1.0,0.0,0.0,0.0
5.11;0.0,0.0,0.0;1.0,0.0,0.0,0.0
5.12;0.0,0.0,0.0;1.0,0.0,0.0,0.0
5.13;0.0,0.0,0.0;1.0,0.0,0.0,0.0
5.14;0.0,0.0,0.0;1.0,0.0,0.0,0.0
5.15;0.0,0.0,0.0;1.0,0.0,0.0,0.0
5.16;0.0,0.0,0.0;1.0,0.0,0.0,0.0
5.17;0.0,0.0,0.0;1.0,0.0,0.0,0.0
5.18;0.0,0.0,0.0;1.0,0.0,0.0,0.0
5.19;0.0,0.0,0.0;1.0,0.0,0.0,0.0
5.2;0.0,0.0,0.0;1.0,0.0,0.0,0.0
5.21;0.0,0.0,0.0;1.0,0.0,0.0,0.0
5.22;0.0,0.0,0.0;1.0,0.0,0.0,0.0
5.23;0.0,0.0,0.0;1.0,0.0,0.0,0.0
5.24;0.0,0.0,0.0;1.0,0.0,0.0,0.0
5.25;0.0,0.0,0.0;1.0,0.0,0.0,0.0
5.26;0.0,0.0,0.0;1.0,0.0,0.0,0.0
5.27;0.0,0.0,0.0;1.0,0.0,0.0,0.0
5.28;0.0,0.0,0.0;1.0,0.0,0.0,0.0
5.29;0.0,0.0,0.0;1.0,0.0,0.0,0.0
5.3;0.0,0.0,0.0;1.0,0.0,0.0,0.0
5.31;0.0,0.0,0.0;1.0,0.0,0.0,0.0
5.32;0.0,0.0,0.0;1.0,0.0,0.0,0.0
5.33;0.0,0.0,0.0;1.0,0.0,0.0,0.0
5.34;0.0,0.0,0.0;1.0,0.0,0.0,0.0
5.35;0.0,0.0,0.0;1.0,0.0,0.0,0.0
5.36;0.0,0.0,0.0;1.0,0.0,0.0,0.0
5.37;0.0,0.0,0.0;1.0,0.0,0.0,0.0
5.38;0.0,0.0,0.0;1.0,0.0,0.0,0.0
5.39;0.0,0.0,0.0;1.0,0.0,0.0,0.0
5.4;0.0,0.0,0.0;1.0,0.0,0.0,0.0
5.41;0.0,0.0,0.0;1.0,0.0,0.0,0.0
5.42;0.0,0.0,0.0;1.0,0.0,0.0,0.0
5.43;0.0,0.0,0.0;1.0,0.0,0.0,0.0
5.44;0.0,0.0,0.0;1.0,0.0,0.0,0.0
5.45;0.0,0.0,0.0;1.0,0.0,0.0,0.0
5.46;0.0,0.0,0.0;1.0,0.0,0.0,0.0
5.47;0.0,0.0,0.0;1.0,0.0,0.0,0.0
5.48;0.0,0.0,0.0;1.0,0.0,0.0,0.0
5.49;0.0,0.0,0.0;1.0,0.0,0.0,0.0
5.5;0.0,0.0,0.0;1.0,0.0,0.0,0.0
5.51;0.0,0.0,0.0;1.0,0.0,0.0,0.0
5.52;0.0,0.0,0.0;1.0,0.0,0.0,0.0
5.53;0.0,0.0,0.0;1.0,0.0,0.0,0.0
5.54;0.0,0.0,0.0;1.0,0.0,0.0,0.0
5.55;0.0,0.0,0.0;1.0,0.0,0.0,0.0
5.56;0.0,0.0,0.0;1.0,0.0,0.0,0.0
5.57;0.0,0.0,0.0;1.0,0.0,0.0,0.0
5.58;0.0,0.0,0.0;1.0,0.0,0.0,0.0
5.59;0.0,0.0,0.0;1.0,0.0,0.0,0.0
5.6;0.0,0.0,0.0;1.0,0.0,0.0,0.0
5.61;0.0,0.0,0.0;1.0,0.0,0.0,0.0
5.62;0.0,0.0,0.0;1.0,0.0,0.0,0.0
5.63;0.0,0.0,0.0;1.0,0.0,0.0,0.0
5.64;0.0,0.0,0.0;1.0,0.0,0.0,0.0
5.65;0.0,0.0,0.0;1.0,0.0,0.0,0.0
5.66;0.0,0.0,0.0;1.0,0.0,0.0,0.0
5.67;0.0,0.0,0.0;1.0,0.0,0.0,0.0
5.68;0.0,0.0,0.0;1.0,0.0,0.0,0.0
5.69;0.0,0.0,0.0;1.0,0.0,0.0,0.0
5.7;0.0,0.0,0.0;1.0,0.0,0.0,0.0
5.71;0.0,0.0,0.0;1.0,0.0,0.0,0.0
5.72;0.0,0.0,0.0;1.0,0.0,0.0,0.0
5.73;0.0,0.0,0.0;1.0,0.0,0.0,0.0
5.74;0.0,0.0,0.0;1.0,0.0,0.0,0.0
5.75;0.0,0.0,0.0;1.0,0.0,0.0,0.0
5.76;0.0,0.0,0.0;1.0,0.0,0.0,0.0
5.77;0.0,0.0,0.0;1.0,0.0,0.0,0.0
5.78;0.0,0.0,0.0;1.0,0.0,0.0,0.0
5.79;0.0,0.0,0.0;1.0,0.0,0.0,0.0
5.8;0.0,0.0,0.0;1.0,0.0,0.0,0.0
5.81;0.0,0.0,0.0;1.0,0.0,0.0,0.0
5.82;0.0,0.0,0.0;1.0,0.0,0.0,0.0
5.83;0.0,0.0,0.0;1.0,0.0,0.0,0.0
5.84;0.0,0.0,0.0;1.0,0.0,0.0,0.0
5.85;0.0,0.0,0.0;1.0,0.0,0.0,0.0
5.86;0.0,0.0,0.0;1.0,0.0,0.0,0.0
5.87;0.0,0.0,0.0;1.0,0.0,0.0,0.0
5.88;0.0,0.0,0.0;1.0,0.0,0.0,0.0
5.89;0.0,0.0,0.0;1.0,0.0,0.0,0.0
5.9;0.0,0.0,0.0;1.0,0.0,0.0,0.0
5.91;0.0,0.0,0.0;1.0,0.0,0.0,0.0
5.92;0.0,0.0,0.0;1.0,0.0,0.0,0.0
5.93;0.0,0.0,0.0;1.0,0.0,0.0,0.0
5.94;0.0,0.0,0.0;1.0,0.0,0.0,0.0
5.95;0.0,0.0,0.0;1.0,0.0,0.0,0.0
5.96;0.0,0.0,0.0;1.0,0.0,0.0,0.0
5.97;0.0,0.0,0.0;1.0,0.0,0.0,0.0
5.98;0.0,0.0,0.0;1.0,0.0,0.0,0.0
5.99;0.0,0.0,0.0;1.0,0.0,0.0,0.0
6.0;0.0,0.0,0.0;1.0,0.0,0.0,0.0
6.01;0.0,0.0,0.0;1.0,0.0,0.0,0.0
6.02;0.0,0.0,0.0;1.0,0.0,0.0,0.0
6.03;0.0,0.0,0.0;1.0,0.0,0.0,0.0
6.04;0.0,0.0,0.0;1.0,0.0,0.0,0.0
6.05;0.0,0.0,0.0;1.0,0.0,0.0,0.0
6.06;0.0,0.0,0.0;1.0,0.0,0.0,0.0
6.07;0.0,0.0,0.0;1.0,0.0,0.0,0.0
6.08;0.0,0.0,0.0;1.0,0.0,0.0,0.0
6.09;0.0,0.0,0.0;1.0,0.0,0.0,0.0
6.1;0.0,0.0,0.0;1.0,0.0,0.0,0.0
6.11;0.0,0.0,0.0;1.0,0.0,0.0,0.0
6.12;0.0,0.0,0.0;1.0,0.0,0.0,0.0
6.13;0.0,0.0,0.0;1.0,0.0,0.0,0.0
6.14;0.0,0.0,0.0;1.0,0.0,0.0,0.0
6.15;0.0,0.0,0.0;1.0,0.0,0.0,0.0
6.16;0.0,0.0,0.0;1.0,0.0,0.0,0.0
6.17;0.0,0.0,0.0;1.0,0.0,0.0,0.0
6.18;0.0,0.0,0.0;1.0,0.0,0.0,0.0
6.19;0.0,0.0,0.0;1.0,0.0,0.0,0.0
6.2;0.0,0.0,0.0;1.0,0.0,0.0,0.0
6.21;0.0,0.0,0.0;1.0,0.0,0.0,0.0
6.22;0.0,0.0,0.0;1.0,0.0,0.0,0.0
6.23;0.0,0.0,0.0;1.0,0.0,0.0,0.0
6.24;0.0,0.0,0.0;1.0,0.0,0.0,0.0
6.25;0.0,0.0,0.0;1.0,0.0,0.0,0.0
6.26;0.0,0.0,0.0;1.0,0.0,0.0,0.0
6.27;0.0,0.0,0.0;1.0,0.0,0.0,0.0
6.28;0.0,0.0,0.0;1.0,0.0,0.0,0.0
6.29;0.0,0.0,0.0;1.0,0.0,0.0,0.0
6.3;0.0,0.0,0.0;1.0,0.0,0.0,0.0
6.31;0.0,0.0,0.0;1.0,0.0,0.0,0.0
6.32;0.0,0.0,0.0;1.0,0.0,0.0,0.0
6.33;0.0,0.0,0.0;1.0,0.0,0.0,0.0
6.34;0.0,0.0,0.0;1.0,0.0,0.0,0.0
6.35;0.0,0.0,0.0;1.0,0.0,0.0,0.0
6.36;0.0,0.0,0.0;1.0,0.0,0.0,0.0
6.37;0.0,0.0,0.0;1.0,0.0,0.0,0.0
6.38;0.0,0.0,0.0;1.0,0.0,0.0,0.0
6.39;0.0,0.0,0.0;1.0,0.0,0.0,0.0
6.4;0.0,0.0,0.0;1.0,0.0,0.0,0.0
6.41;0.0,0.0,0.0;1.0,0.0,0.0,0.0
6.42;0.0,0.0,0.0;1.0,0.0,0.0,0.0
6.43;0.0,0.0,0.0;1.0,0.0,0.0,0.0
6.44;0.0,0.0,0.0;1.0,0.0,0.0,0.0
6.45;0.0,0.0,0.0;1.0,0.0,0.0,0.0
6.46;0.0,0.0,0.0;1.0,0.0,0.0,0.0
6.47;0.0,0.0,-1.8415728845866397e-05;1.0,0.0,0.0,0.0
6.48;0.0,0.0,-7.345600170083344e-05;1.0,0.0,0.0,0.0
6.49;0.0,0.0,-0.00016481040802318603;1.0,0.0,0.0,0.0
6.5;0.0,0.0,-0.00029216863913461566;1.0,0.0,0.0,0.0
6.51;0.0,0.0,-0.0004552201717160642;1.0,0.0,0.0,0.0
6.52;0.0,0.0,-0.0006536548025906086;1.0,0.0,0.0,0.0
6.53;0.0,0.0,-0.0008871621103025973;1.0,0.0,0.0,0.0
6.54;0.0,0.0,-0.0011554318480193615;1.0,0.0,0.0,0.0
6.55;0.0,0.0,-0.0014581531286239624;1.0,0.0,0.0,0.0
6.56;0.0,0.0,-0.001795015879906714;1.0,0.0,0.0,0.0
6.57;0.0,0.0,-0.002165710087865591;1.0,0.0,0.0,0.0
6.58;0.0,0.0,-0.002569924807175994;1.0,0.0,0.0,0.0
6.59;0.0,0.0,-0.0030073500238358974;1.0,0.0,0.0,0.0
6.6;0.0,0.0,-0.0034776751417666674;1.0,0.0,0.0,0.0
6.61;0.0,0.0,-0.003980590030550957;1.0,0.0,0.0,0.0
6.62;0.0,0.0,-0.004515783861279488;1.0,0.0,0.0,0.0
6.63;0.0,0.0,-0.005082948133349419;1.0,0.0,0.0,0.0
6.64;0.0,0.0,-0.005681768991053104;1.0,0.0,0.0,0.0
6.65;0.0,0.0,-0.006311938166618347;1.0,0.0,0.0,0.0
6.66;0.0,0.0,-0.0069731455296278;1.0,0.0,0.0,0.0
6.67;0.0,0.0,-0.007665080018341541;1.0,0.0,0.0,0.0
6.68;0.0,0.0,-0.008387431502342224;1.0,0.0,0.0,0.0
6.69;0.0,0.0,-0.009139889851212502;1.0,0.0,0.0,0.0
6.7;0.0,0.0,-0.009922144003212452;1.0,0.0,0.0,0.0
6.71;0.0,0.0,-0.010733883827924728;1.0,0.0,0.0,0.0
6.72;0.0,0.0,-0.011574799194931984;1.0,0.0,0.0,0.0
6.73;0.0,0.0,-0.012444580905139446;1.0,0.0,0.0,0.0
6.74;0.0,0.0,-0.01334291696548462;1.0,0.0,0.0,0.0
6.75;0.0,0.0,-0.014269496314227581;1.0,0.0,0.0,0.0
6.76;0.0,0.0,-0.01522400975227356;1.0,0.0,0.0,0.0
6.77;0.0,0.0,-0.01620614528656006;1.0,0.0,0.0,0.0
6.78;0.0,0.0,-0.01721559837460518;1.0,0.0,0.0,0.0
6.79;0.0,0.0,-0.01825205236673355;1.0,0.0,0.0,0.0
6.8;0.0,0.0,-0.019315194338560104;1.0,0.0,0.0,0.0
6.81;0.0,0.0,-0.020404722541570663;1.0,0.0,0.0,0.0
6.82;0.0,0.0,-0.021520324051380157;1.0,0.0,0.0,0.0
6.83;0.0,0.0,-0.022661684080958366;1.0,0.0,0.0,0.0
6.84;0.0,0.0,-0.023828495293855667;1.0,0.0,0.0,0.0
6.85;0.0,0.0,-0.025020448490977287;1.0,0.0,0.0,0.0
6.86;0.0,0.0,-0.026237232610583305;1.0,0.0,0.0,0.0
6.87;0.0,0.0,-0.0274785328656435;1.0,0.0,0.0,0.0
6.88;0.0,0.0,-0.0287440437823534;1.0,0.0,0.0,0.0
6.89;0.0,0.0,-0.030033458024263382;1.0,0.0,0.0,0.0
6.9;0.0,0.0,-0.031346455216407776;1.0,0.0,0.0,0.0
6.91;0.0,0.0,-0.03268273174762726;1.0,0.0,0.0,0.0
6.92;0.0,0.0,-0.03404197841882706;1.0,0.0,0.0,0.0
6.93;0.0,0.0,-0.0354238823056221;1.0,0.0,0.0,0.0
6.94;0.0,0.0,-0.03682813048362732;1.0,0.0,0.0,0.0
6.95;0.0,0.0,-0.03825441375374794;1.0,0.0,0.0,0.0
6.96;0.0,0.0,-0.039702434092760086;1.0,0.0,0.0,0.0
6.97;0.0,0.0,-0.04117187112569809;1.0,0.0,0.0,0.0
6.98;0.0,0.0,-0.042662400752305984;1.0,0.0,0.0,0.0
6.99;0.0,0.0,-0.04417373239994049;1.0,0.0,0.0,0.0
7.0;0.0,0.0,-0.04570554569363594;1.0,0.0,0.0,0.0
7.01;0.0,0.0,-0.04725753515958786;1.0,0.0,0.0,0.0
7.02;0.0,0.0,-0.04882939159870148;1.0,0.0,0.0,0.0
7.03;0.0,0.0,-0.05042080208659172;1.0,0.0,0.0,0.0
7.04;0.0,0.0,-0.05203144997358322;1.0,0.0,0.0,0.0
7.05;0.0,0.0,-0.0536610372364521;1.0,0.0,0.0,0.0
7.06;0.0,0.0,-0.0553092360496521;1.0,0.0,0.0,0.0
7.07;0.0,0.0,-0.056975752115249634;1.0,0.0,0.0,0.0
7.08;0.0,0.0,-0.058660268783569336;1.0,0.0,0.0,0.0
7.09;0.0,0.0,-0.06036248803138733;1.0,0.0,0.0,0.0
7.1;0.0,0.0,-0.06208207458257675;1.0,0.0,0.0,0.0
7.11;0.0,0.0,-0.06381873786449432;1.0,0.0,0.0,0.0
7.12;0.0,0.0,-0.06557217240333557;1.0,0.0,0.0,0.0
7.13;0.0,0.0,-0.06734204292297363;1.0,0.0,0.0,0.0
7.14;0.0,0.0,-0.06912805140018463;1.0,0.0,0.0,0.0
7.15;0.0,0.0,-0.07092989981174469;1.0,0.0,0.0,0.0
7.16;0.0,0.0,-0.07274726033210754;1.0,0.0,0.0,0.0
7.17;0.0,0.0,-0.07457983493804932;1.0,0.0,0.0,0.0
7.18;0.0,0.0,-0.07642731070518494;1.0,0.0,0.0,0.0
7.19;0.0,0.0,-0.07828935980796814;1.0,0.0,0.0,0.0
7.2;0.0,0.0,-0.08016569912433624;1.0,0.0,0.0,0.0
7.21;0.0,0.0,-0.08205599337816238;1.0,0.0,0.0,0.0
7.22;0.0,0.0,-0.08395995199680328;1.0,0.0,0.0,0.0
7.23;0.0,0.0,-0.08587725460529327;1.0,0.0,0.0,0.0
7.24;0.0,0.0,-0.08780759572982788;1.0,0.0,0.0,0.0
7.25;0.0,0.0,-0.08975066244602203;1.0,0.0,0.0,0.0
7.26;0.0,0.0,-0.09170614182949066;1.0,0.0,0.0,0.0
7.27;0.0,0.0,-0.09367372840642929;1.0,0.0,0.0,0.0
7.28;0.0,0.0,-0.09565310180187225;1.0,0.0,0.0,0.0
7.29;0.0,0.0,-0.09764397144317627;1.0,0.0,0.0,0.0
7.3;0.0,0.0,-0.09964600950479507;1.0,0.0,0.0,0.0
7.31;0.0,0.0,-0.101658895611763;1.0,0.0,0.0,0.0
7.32;0.0,0.0,-0.10368234664201736;1.0,0.0,0.0,0.0
7.33;0.0,0.0,-0.1057160496711731;1.0,0.0,0.0,0.0
7.34;0.0,0.0,-0.10775968432426453;1.0,0.0,0.0,0.0
7.35;0.0,0.0,-0.10981293022632599;1.0,0.0,0.0,0.0
7.36;0.0,0.0,-0.1118754893541336;1.0,0.0,0.0,0.0
7.37;0.0,0.0,-0.11394704878330231;1.0,0.0,0.0,0.0
7.38;0.0,0.0,-0.11602729558944702;1.0,0.0,0.0,0.0
7.39;0.0,0.0,-0.11811594665050507;1.0,0.0,0.0,0.0
7.4;0.0,0.0,-0.12021263688802719;1.0,0.0,0.0,0.0
7.41;0.0,0.0,-0.1223171055316925;1.0,0.0,0.0,0.0
7.42;0.0,0.0,-0.12442901730537415;1.0,0.0,0.0,0.0
7.43;0.0,0.0,-0.12654805183410645;1.0,0.0,0.0,0.0
7.44;0.0,0.0,-0.12867394089698792;1.0,0.0,0.0,0.0
7.45;0.0,0.0,-0.1308063268661499;1.0,0.0,0.0,0.0
7.46;0.0,0.0,-0.13294494152069092;1.0,0.0,0.0,0.0
7.47;0.0,0.0,-0.1350894272327423;1.0,0.0,0.0,0.0
7.48;0.0,0.0,-0.1372395157814026;1.0,0.0,0.0,0.0
7.49;0.0,0.0,-0.1393948793411255;1.0,0.0,0.0,0.0
7.5;0.0,0.0,-0.14155520498752594;1.0,0.0,0.0,0.0
7.51;0.0,0.0,-0.14372020959854126;1.0,0.0,0.0,0.0
7.52;0.0,0.0,-0.1458895206451416;1.0,0.0,0.0,0.0
7.53;0.0,0.0,-0.14806288480758667;1.0,0.0,0.0,0.0
7.54;0.0,0.0,-0.1502399742603302;1.0,0.0,0.0,0.0
7.55;0.0,0.0,-0.15242049098014832;1.0,0.0,0.0,0.0
7.56;0.0,0.0,-0.15460410714149475;1.0,0.0,0.0,0.0
7.57;0.0,0.0,-0.15679049491882324;1.0,0.0,0.0,0.0
7.58;0.0,0.0,-0.1589793860912323;1.0,0.0,0.0,0.0
7.59;0.0,0.0,-0.16117045283317566;1.0,0.0,0.0,0.0
7.6;0.0,0.0,-0.16336336731910706;1.0,0.0,0.0,0.0
7.61;0.0,0.0,-0.1655578315258026;1.0,0.0,0.0,0.0
7.62;0.0,0.0,-0.16775353252887726;1.0,0.0,0.0,0.0
7.63;0.0,0.0,-0.16995017230510712;1.0,0.0,0.0,0.0
7.64;0.0,0.0,-0.1721474528312683;1.0,0.0,0.0,0.0
7.65;0.0,0.0,-0.1743450164794922;1.0,0.0,0.0,0.0
7.66;0.0,0.0,-0.17654255032539368;1.0,0.0,0.0,0.0
7.67;0.0,0.0,-0.17873984575271606;1.0,0.0,0.0,0.0
7.68;0.0,0.0,-0.18093647062778473;1.0,0.0,0.0,0.0
7.69;0.0,0.0,-0.18313220143318176;1.0,0.0,0.0,0.0
7.7;0.0,0.0,-0.18532665073871613;1.0,0.0,0.0,0.0
7.71;0.0,0.0,-0.1875196099281311;1.0,0.0,0.0,0.0
7.72;0.0,0.0,-0.18971064686775208;1.0,0.0,0.0,0.0
7.73;0.0,0.0,-0.19189953804016113;1.0,0.0,0.0,0.0
7.74;0.0,0.0,-0.19408592581748962;1.0,0.0,0.0,0.0
7.75;0.0,0.0,-0.19626954197883606;1.0,0.0,0.0,0.0
7.76;0.0,0.0,-0.1984500288963318;1.0,0.0,0.0,0.0
7.77;0.0,0.0,-0.2006271332502365;1.0,0.0,0.0,0.0
7.78;0.0,0.0,-0.20280049741268158;1.0,0.0,0.0,0.0
7.79;0.0,0.0,-0.2049698382616043;1.0,0.0,0.0,0.0
7.8;0.0,0.0,-0.20713478326797485;1.0,0.0,0.0,0.0
7.81;0.0,0.0,-0.20929516851902008;1.0,0.0,0.0,0.0
7.82;0.0,0.0,-0.2114505022764206;1.0,0.0,0.0,0.0
7.83;0.0,0.0,-0.21360060572624207;1.0,0.0,0.0,0.0
7.84;0.0,0.0,-0.21574510633945465;1.0,0.0,0.0,0.0
7.85;0.0,0.0,-0.21788370609283447;1.0,0.0,0.0,0.0
7.86;0.0,0.0,-0.22001607716083527;1.0,0.0,0.0,0.0
7.87;0.0,0.0,-0.22214198112487793;1.0,0.0,0.0,0.0
7.88;0.0,0.0,-0.22426100075244904;1.0,0.0,0.0,0.0
7.89;0.0,0.0,-0.22637292742729187;1.0,0.0,0.0,0.0
7.9;0.0,0.0,-0.2284773588180542;1.0,0.0,0.0,0.0
7.91;0.0,0.0,-0.2305741161108017;1.0,0.0,0.0,0.0
7.92;0.0,0.0,-0.23266270756721497;1.0,0.0,0.0,0.0
7.93;0.0,0.0,-0.23474296927452087;1.0,0.0,0.0,0.0
7.94;0.0,0.0,-0.23681452870368958;1.0,0.0,0.0,0.0
7.95;0.0,0.0,-0.2388771027326584;1.0,0.0,0.0,0.0
7.96;0.0,0.0,-0.24093031883239746;1.0,0.0,0.0,0.0
7.97;0.0,0.0,-0.24297398328781128;1.0,0.0,0.0,0.0
7.98;0.0,0.0,-0.24500766396522522;1.0,0.0,0.0,0.0
7.99;0.0,0.0,-0.24703113734722137;1.0,0.0,0.0,0.0
8.0;0.0,0.0,-0.2490440160036087;1.0,0.0,0.0,0.0
8.01;0.0,0.0,-0.2510460913181305;1.0,0.0,0.0,0.0
8.02;0.0,0.0,-0.2530369162559509;1.0,0.0,0.0,0.0
8.03;0.0,0.0,-0.2550162971019745;1.0,0.0,0.0,0.0
8.04;0.0,0.0,-0.2569838762283325;1.0,0.0,0.0,0.0
8.05;0.0,0.0,-0.25893938541412354;1.0,0.0,0.0,0.0
8.06;0.0,0.0,-0.2608824372291565;1.0,0.0,0.0,0.0
8.07;0.0,0.0,-0.2628127932548523;1.0,0.0,0.0,0.0
8.08;0.0,0.0,-0.2647300958633423;1.0,0.0,0.0,0.0
8.09;0.0,0.0,-0.2666340470314026;1.0,0.0,0.0,0.0
8.1;0.0,0.0,-0.26852431893348694;1.0,0.0,0.0,0.0
8.11;0.0,0.0,-0.2704007029533386;1.0,0.0,0.0,0.0
8.12;0.0,0.0,-0.2722627520561218;1.0,0.0,0.0,0.0
8.13;0.0,0.0,-0.27411019802093506;1.0,0.0,0.0,0.0
8.14;0.0,0.0,-0.27594274282455444;1.0,0.0,0.0,0.0
8.15;0.0,0.0,-0.2777600884437561;1.0,0.0,0.0,0.0
8.16;0.0,0.0,-0.27956196665763855;1.0,0.0,0.0,0.0
8.17;0.0,0.0,-0.28134799003601074;1.0,0.0,0.0,0.0
8.18;0.0,0.0,-0.2831178307533264;1.0,0.0,0.0,0.0
8.19;0.0,0.0,-0.28487128019332886;1.0,0.0,0.0,0.0
8.2;0.0,0.0,-0.28660792112350464;1.0,0.0,0.0,0.0
8.21;0.0,0.0,-0.28832751512527466;1.0,0.0,0.0,0.0
8.22;0.0,0.0,-0.29002976417541504;1.0,0.0,0.0,0.0
8.23;0.0,0.0,-0.29171431064605713;1.0,0.0,0.0,0.0
8.24;0.0,0.0,-0.29338082671165466;1.0,0.0,0.0,0.0
8.25;0.0,0.0,-0.2950289845466614;1.0,0.0,0.0,0.0
8.26;0.0,0.0,-0.29665857553482056;1.0,0.0,0.0,0.0
8.27;0.0,0.0,-0.29826927185058594;1.0,0.0,0.0,0.0
8.28;0.0,0.0,-0.2998606562614441;1.0,0.0,0.0,0.0
8.29;0.0,0.0,-0.3014325499534607;1.0,0.0,0.0,0.0
8.3;0.0,0.0,-0.30298447608947754;1.0,0.0,0.0,0.0
8.31;0.0,0.0,-0.3045163154602051;1.0,0.0,0.0,0.0
8.32;0.0,0.0,-0.3060276210308075;1.0,0.0,0.0,0.0
8.33;0.0,0.0,-0.3075181841850281;1.0,0.0,0.0,0.0
8.34;0.0,0.0,-0.3089876174926758;1.0,0.0,0.0,0.0
8.35;0.0,0.0,-0.31043562293052673;1.0,0.0,0.0,0.0
8.36;0.0,0.0,-0.31186193227767944;1.0,0.0,0.0,0.0
8.37;0.0,0.0,-0.3132661283016205;1.0,0.0,0.0,0.0
8.38;0.0,0.0,-0.3146480619907379;1.0,0.0,0.0,0.0
8.39;0.0,0.0,-0.3160072863101959;1.0,0.0,0.0,0.0
8.4;0.0,0.0,-0.3173435628414154;1.0,0.0,0.0,0.0
8.41;0.0,0.0,-0.3186565637588501;1.0,0.0,0.0,0.0
8.42;0.0,0.0,-0.31994596123695374;1.0,0.0,0.0,0.0
8.43;0.0,0.0,-0.32121148705482483;1.0,0.0,0.0,0.0
8.44;0.0,0.0,-0.3224527835845947;1.0,0.0,0.0,0.0
8.45;0.0,0.0,-0.3236696124076843;1.0,0.0,0.0,0.0
8.46;0.0,0.0,-0.3248614966869354;1.0,0.0,0.0,0.0
8.47;0.0,0.0,-0.32602834701538086;1.0,0.0,0.0,0.0
8.48;0.0,0.0,-0.3271697163581848;1.0,0.0,0.0,0.0
8.49;0.0,0.0,-0.3282853364944458;1.0,0.0,0.0,0.0
8.5;0.0,0.0,-0.3293747901916504;1.0,0.0,0.0,0.0
8.51;0.0,0.0,-0.3304379880428314;1.0,0.0,0.0,0.0
8.52;0.0,0.0,-0.3314744532108307;1.0,0.0,0.0,0.0
8.53;0.0,0.0,-0.3324838876724243;1.0,0.0,0.0,0.0
8.54;0.0,0.0,-0.3334659934043884;1.0,0.0,0.0,0.0
8.55;0.0,0.0,-0.3344205319881439;1.0,0.0,0.0,0.0
8.56;0.0,0.0,-0.33534717559814453;1.0,0.0,0.0,0.0
8.57;0.0,0.0,-0.33624541759490967;1.0,0.0,0.0,0.0
8.58;0.0,0.0,-0.33711519837379456;1.0,0.0,0.0,0.0
8.59;0.0,0.0,-0.33795610070228577;1.0,0.0,0.0,0.0
8.6;0.0,0.0,-0.3387678861618042;1.0,0.0,0.0,0.0
8.61;0.0,0.0,-0.3395501375198364;1.0,0.0,0.0,0.0
8.62;0.0,0.0,-0.34030258655548096;1.0,0.0,0.0,0.0
8.63;0.0,0.0,-0.3410249948501587;1.0,0.0,0.0,0.0
8.64;0.0,0.0,-0.3417168855667114;1.0,0.0,0.0,0.0
8.65;0.0,0.0,-0.34237807989120483;1.0,0.0,0.0,0.0
8.66;0.0,0.0,-0.3430083394050598;1.0,0.0,0.0,0.0
8.67;0.0,0.0,-0.3436070680618286;1.0,0.0,0.0,0.0
8.68;0.0,0.0,-0.34417426586151123;1.0,0.0,0.0,0.0
8.69;0.0,0.0,-0.34470945596694946;1.0,0.0,0.0,0.0
8.7;0.0,0.0,-0.3452123999595642;1.0,0.0,0.0,0.0
8.71;0.0,0.0,-0.3456827402114868;1.0,0.0,0.0,0.0
8.72;0.0,0.0,-0.3461201786994934;1.0,0.0,0.0,0.0
8.73;0.0,0.0,-0.34652435779571533;1.0,0.0,0.0,0.0
8.74;0.0,0.0,-0.3468950390815735;1.0,0.0,0.0,0.0
8.75;0.0,0.0,-0.3472318649291992;1.0,0.0,0.0,0.0
8.76;0.0,0.0,-0.3475345969200134;1.0,0.0,0.0,0.0
8.77;0.0,0.0,-0.3478028178215027;1.0,0.0,0.0,0.0
8.78;0.0,0.0,-0.34803634881973267;1.0,0.0,0.0,0.0
8.79;0.0,0.0,-0.3482348322868347;1.0,0.0,0.0,0.0
8.8;0.0,0.0,-0.3483978509902954;1.0,0.0,0.0,0.0
8.81;0.0,0.0,-0.3485252857208252;1.0,0.0,0.0,0.0
8.82;0.0,0.0,-0.3486166000366211;1.0,0.0,0.0,0.0
8.83;0.0,0.0,-0.3486716151237488;1.0,0.0,0.0,0.0
8.84;0.0,0.0,-0.3486900329589844;1.0,0.0,0.0,0.0
8.85;0.0,0.0,-0.3486900329589844;1.0,0.0,0.0,0.0
8.86;0.0,0.0,-0.3486900329589844;1.0,0.0,0.0,0.0
8.87;0.0,0.0,-0.3486900329589844;1.0,0.0,0.0,0.0
8.88;0.0,0.0,-0.3486900329589844;1.0,0.0,0.0,0.0
8.89;0.0,0.0,-0.3486900329589844;1.0,0.0,0.0,0.0
8.9;0.0,0.0,-0.3486900329589844;1.0,0.0,0.0,0.0
8.91;0.0,0.0,-0.3486900329589844;1.0,0.0,0.0,0.0
8.92;0.0,0.0,-0.3486900329589844;1.0,0.0,0.0,0.0
8.93;0.0,0.0,-0.3486900329589844;1.0,0.0,0.0,0.0
8.94;0.0,0.0,-0.3486900329589844;1.0,0.0,0.0,0.0
8.95;0.0,0.0,-0.3486900329589844;1.0,0.0,0.0,0.0
8.96;0.0,0.0,-0.3486900329589844;1.0,0.0,0.0,0.0
8.97;0.0,0.0,-0.3486900329589844;1.0,0.0,0.0,0.0
8.98;0.0,0.0,-0.3486900329589844;1.0,0.0,0.0,0.0
8.99;0.0,0.0,-0.3486900329589844;1.0,0.0,0.0,0.0
9.0;0.0,0.0,-0.3486900329589844;1.0,0.0,0.0,0.0
9.01;0.0,0.0,-0.3486900329589844;1.0,0.0,0.0,0.0
9.02;0.0,0.0,-0.3486900329589844;1.0,0.0,0.0,0.0
9.03;0.0,0.0,-0.3486900329589844;1.0,0.0,0.0,0.0
9.04;0.0,0.0,-0.3486900329589844;1.0,0.0,0.0,0.0
9.05;0.0,0.0,-0.3486900329589844;1.0,0.0,0.0,0.0
9.06;0.0,0.0,-0.3486900329589844;1.0,0.0,0.0,0.0
9.07;0.0,0.0,-0.3486900329589844;1.0,0.0,0.0,0.0
9.08;0.0,0.0,-0.3486900329589844;1.0,0.0,0.0,0.0
9.09;0.0,0.0,-0.3486900329589844;1.0,0.0,0.0,0.0
9.1;0.0,0.0,-0.3486900329589844;1.0,0.0,0.0,0.0
9.11;0.0,0.0,-0.3486900329589844;1.0,0.0,0.0,0.0
9.12;0.0,0.0,-0.3486900329589844;1.0,0.0,0.0,0.0
9.13;0.0,0.0,-0.3486900329589844;1.0,0.0,0.0,0.0
9.14;0.0,0.0,-0.3486900329589844;1.0,0.0,0.0,0.0
9.15;0.0,0.0,-0.3486900329589844;1.0,0.0,0.0,0.0
9.16;0.0,0.0,-0.3486900329589844;1.0,0.0,0.0,0.0
9.17;0.0,0.0,-0.3486900329589844;1.0,0.0,0.0,0.0
9.18;0.0,0.0,-0.3486900329589844;1.0,0.0,0.0,0.0
9.19;0.0,0.0,-0.3486900329589844;1.0,0.0,0.0,0.0
9.2;0.0,0.0,-0.3486900329589844;1.0,0.0,0.0,0.0
9.21;0.0,0.0,-0.3486900329589844;1.0,0.0,0.0,0.0
9.22;0.0,0.0,-0.3486900329589844;1.0,0.0,0.0,0.0
9.23;0.0,0.0,-0.3486900329589844;1.0,0.0,0.0,0.0
9.24;0.0,0.0,-0.3486900329589844;1.0,0.0,0.0,0.0
9.25;0.0,0.0,-0.3486900329589844;1.0,0.0,0.0,0.0
9.26;0.0,0.0,-0.3486900329589844;1.0,0.0,0.0,0.0
9.27;0.0,0.0,-0.3486900329589844;1.0,0.0,0.0,0.0
9.28;0.0,0.0,-0.3486900329589844;1.0,0.0,0.0,0.0
9.29;0.0,0.0,-0.3486900329589844;1.0,0.0,0.0,0.0
9.3;0.0,0.0,-0.3486900329589844;1.0,0.0,0.0,0.0
9.31;0.0,0.0,-0.3486900329589844;1.0,0.0,0.0,0.0
9.32;0.0,0.0,-0.3486900329589844;1.0,0.0,0.0,0.0
9.33;0.0,0.0,-0.3486900329589844;1.0,0.0,0.0,0.0
9.34;0.0,0.0,-0.3486900329589844;1.0,0.0,0.0,0.0
9.35;0.0,0.0,-0.3486900329589844;1.0,0.0,0.0,0.0
9.36;0.0,0.0,-0.3486900329589844;1.0,0.0,0.0,0.0
9.37;0.0,0.0,-0.3486900329589844;1.0,0.0,0.0,0.0
9.38;0.0,0.0,-0.3486900329589844;1.0,0.0,0.0,0.0
9.39;0.0,0.0,-0.3486900329589844;1.0,0.0,0.0,0.0
9.4;0.0,0.0,-0.3486900329589844;1.0,0.0,0.0,0.0
9.41;0.0,0.0,-0.3486900329589844;1.0,0.0,0.0,0.0
9.42;0.0,0.0,-0.3486900329589844;1.0,0.0,0.0,0.0
9.43;0.0,0.0,-0.3486900329589844;1.0,0.0,0.0,0.0
9.44;0.0,0.0,-0.3486900329589844;1.0,0.0,0.0,0.0
9.45;0.0,0.0,-0.3486900329589844;1.0,0.0,0.0,0.0
9.46;0.0,0.0,-0.3486900329589844;1.0,0.0,0.0,0.0
9.47;0.0,0.0,-0.3486900329589844;1.0,0.0,0.0,0.0
9.48;0.0,0.0,-0.3486900329589844;1.0,0.0,0.0,0.0
9.49;0.0,0.0,-0.3486900329589844;1.0,0.0,0.0,0.0
9.5;0.0,0.0,-0.3486900329589844;1.0,0.0,0.0,0.0
9.51;0.0,0.0,-0.3486900329589844;1.0,0.0,0.0,0.0
9.52;0.0,0.0,-0.3486900329589844;1.0,0.0,0.0,0.0
9.53;0.0,0.0,-0.3486900329589844;1.0,0.0,0.0,0.0
9.54;0.0,0.0,-0.3486900329589844;1.0,0.0,0.0,0.0
9.55;0.0,0.0,-0.3486900329589844;1.0,0.0,0.0,0.0
9.56;0.0,0.0,-0.3486900329589844;1.0,0.0,0.0,0.0
9.57;0.0,0.0,-0.3486900329589844;1.0,0.0,0.0,0.0
9.58;0.0,0.0,-0.3486900329589844;1.0,0.0,0.0,0.0
9.59;0.0,0.0,-0.3486900329589844;1.0,0.0,0.0,0.0
9.6;0.0,0.0,-0.3486900329589844;1.0,0.0,0.0,0.0
9.61;0.0,0.0,-0.3486900329589844;1.0,0.0,0.0,0.0
9.62;0.0,0.0,-0.3486900329589844;1.0,0.0,0.0,0.0
9.63;0.0,0.0,-0.3486900329589844;1.0,0.0,0.0,0.0
9.64;0.0,0.0,-0.3486900329589844;1.0,0.0,0.0,0.0
9.65;0.0,0.0,-0.3486900329589844;1.0,0.0,0.0,0.0
9.66;0.0,0.0,-0.3486900329589844;1.0,0.0,0.0,0.0
9.67;0.0,0.0,-0.3486900329589844;1.0,0.0,0.0,0.0
9.68;0.0,0.0,-0.3486900329589844;1.0,0.0,0.0,0.0
9.69;0.0,0.0,-0.3486900329589844;1.0,0.0,0.0,0.0
9.7;0.0,0.0,-0.3486900329589844;1.0,0.0,0.0,0.0
9.71;0.0,0.0,-0.3486900329589844;1.0,0.0,0.0,0.0
9.72;0.0,0.0,-0.3486900329589844;1.0,0.0,0.0,0.0
9.73;0.0,0.0,-0.3486900329589844;1.0,0.0,0.0,0.0
9.74;0.0,0.0,-0.3486900329589844;1.0,0.0,0.0,0.0
9.75;0.0,0.0,-0.3486900329589844;1.0,0.0,0.0,0.0
9.76;0.0,0.0,-0.3486900329589844;1.0,0.0,0.0,0.0
9.77;0.0,0.0,-0.3486900329589844;1.0,0.0,0.0,0.0
9.78;0.0,0.0,-0.3486900329589844;1.0,0.0,0.0,0.0
9.79;0.0,0.0,-0.3486900329589844;1.0,0.0,0.0,0.0
9.8;0.0,0.0,-0.3486900329589844;1.0,0.0,0.0,0.0
9.81;0.0,0.0,-0.3486900329589844;1.0,0.0,0.0,0.0
9.82;0.0,0.0,-0.3486900329589844;1.0,0.0,0.0,0.0
9.83;0.0,0.0,-0.3486900329589844;1.0,0.0,0.0,0.0
9.84;0.0,0.0,-0.3486900329589844;1.0,0.0,0.0,0.0
9.85;0.0,0.0,-0.3486900329589844;1.0,0.0,0.0,0.0
9.86;0.0,0.0,-0.3486900329589844;1.0,0.0,0.0,0.0
9.87;0.0,0.0,-0.3486900329589844;1.0,0.0,0.0,0.0
9.88;0.0,0.0,-0.3486900329589844;1.0,0.0,0.0,0.0
9.89;0.0,0.0,-0.3486900329589844;1.0,0.0,0.0,0.0
9.9;0.0,0.0,-0.3486900329589844;1.0,0.0,0.0,0.0
9.91;0.0,0.0,-0.3486900329589844;1.0,0.0,0.0,0.0
9.92;0.0,0.0,-0.3486900329589844;1.0,0.0,0.0,0.0
9.93;0.0,0.0,-0.3486900329589844;1.0,0.0,0.0,0.0
9.94;0.0,0.0,-0.3486900329589844;1.0,0.0,0.0,0.0
9.95;0.0,0.0,-0.3486900329589844;1.0,0.0,0.0,0.0
9.96;0.0,0.0,-0.3486900329589844;1.0,0.0,0.0,0.0
9.97;0.0,0.0,-0.3486900329589844;1.0,0.0,0.0,0.0
9.98;0.0,0.0,-0.3486900329589844;1.0,0.0,0.0,0.0
9.99;0.0,0.0,-0.3486900329589844;1.0,0.0,0.0,0.0
10.0;0.0,0.0,-0.3486900329589844;1.0,0.0,0.0,0.0
10.01;0.0,0.0,-0.3486900329589844;1.0,0.0,0.0,0.0
10.02;0.0,0.0,-0.3486900329589844;1.0,0.0,0.0,0.0
10.03;0.0,0.0,-0.3486900329589844;1.0,0.0,0.0,0.0
10.04;0.0,0.0,-0.3486900329589844;1.0,0.0,0.0,0.0
10.05;0.0,0.0,-0.3486900329589844;1.0,0.0,0.0,0.0
10.06;0.0,0.0,-0.3486900329589844;1.0,0.0,0.0,0.0
10.07;0.0,0.0,-0.3486900329589844;1.0,0.0,0.0,0.0
10.08;0.0,0.0,-0.3486900329589844;1.0,0.0,0.0,0.0
10.09;0.0,0.0,-0.3486900329589844;1.0,0.0,0.0,0.0
10.1;0.0,0.0,-0.3486900329589844;1.0,0.0,0.0,0.0
10.11;0.0,0.0,-0.3486900329589844;1.0,0.0,0.0,0.0
10.12;0.0,0.0,-0.3486900329589844;1.0,0.0,0.0,0.0
10.13;0.0,0.0,-0.3486900329589844;1.0,0.0,0.0,0.0
10.14;0.0,0.0,-0.3486900329589844;1.0,0.0,0.0,0.0
10.15;0.0,0.0,-0.3486900329589844;1.0,0.0,0.0,0.0
10.16;0.0,0.0,-0.3486900329589844;1.0,0.0,0.0,0.0
10.17;0.0,0.0,-0.3486900329589844;1.0,0.0,0.0,0.0
10.18;0.0,0.0,-0.3486900329589844;1.0,0.0,0.0,0.0
10.19;0.0,0.0,-0.3486900329589844;1.0,0.0,0.0,0.0
10.2;0.0,0.0,-0.3486900329589844;1.0,0.0,0.0,0.0
10.21;0.0,0.0,-0.3486900329589844;1.0,0.0,0.0,0.0
10.22;0.0,0.0,-0.3486900329589844;1.0,0.0,0.0,0.0
10.23;0.0,0.0,-0.3486900329589844;1.0,0.0,0.0,0.0
10.24;0.0,0.0,-0.3486900329589844;1.0,0.0,0.0,0.0
10.25;0.0,0.0,-0.3486900329589844;1.0,0.0,0.0,0.0
10.26;0.0,0.0,-0.3486900329589844;1.0,0.0,0.0,0.0
10.27;0.0,0.0,-0.3486900329589844;1.0,0.0,0.0,0.0
10.28;0.0,0.0,-0.3486900329589844;1.0,0.0,0.0,0.0
10.29;0.0,0.0,-0.3486900329589844;1.0,0.0,0.0,0.0
10.3;0.0,0.0,-0.3486900329589844;1.0,0.0,0.0,0.0
10.31;0.0,0.0,-0.3486900329589844;1.0,0.0,0.0,0.0
10.32;0.0,0.0,-0.3486900329589844;1.0,0.0,0.0,0.0
10.33;0.0,0.0,-0.3486900329589844;1.0,0.0,0.0,0.0
10.34;0.0,0.0,-0.3486900329589844;1.0,0.0,0.0,0.0
10.35;0.0,0.0,-0.3486900329589844;1.0,0.0,0.0,0.0
10.36;0.0,0.0,-0.3486900329589844;1.0,0.0,0.0,0.0
10.37;0.0,0.0,-0.3486900329589844;1.0,0.0,0.0,0.0
10.38;0.0,0.0,-0.3486900329589844;1.0,0.0,0.0,0.0
10.39;0.0,0.0,-0.3486900329589844;1.0,0.0,0.0,0.0
10.4;0.0,0.0,-0.3486900329589844;1.0,0.0,0.0,0.0
10.41;0.0,0.0,-0.3486900329589844;1.0,0.0,0.0,0.0
10.42;0.0,0.0,-0.3486900329589844;1.0,0.0,0.0,0.0
10.43;0.0,0.0,-0.3486900329589844;1.0,0.0,0.0,0.0
10.44;0.0,0.0,-0.3486900329589844;1.0,0.0,0.0,0.0
10.45;0.0,0.0,-0.3486900329589844;1.0,0.0,0.0,0.0
10.46;0.0,0.0,-0.3486900329589844;1.0,0.0,0.0,0.0
10.47;0.0,0.0,-0.3486900329589844;1.0,0.0,0.0,0.0
10.48;0.0,0.0,-0.3486900329589844;1.0,0.0,0.0,0.0
10.49;0.0,0.0,-0.3486900329589844;1.0,0.0,0.0,0.0
10.5;0.0,0.0,-0.3486900329589844;1.0,0.0,0.0,0.0
10.51;0.0,0.0,-0.3486900329589844;1.0,0.0,0.0,0.0
10.52;0.0,0.0,-0.3486900329589844;1.0,0.0,0.0,0.0
10.53;0.0,0.0,-0.3486900329589844;1.0,0.0,0.0,0.0
10.54;0.0,0.0,-0.3486900329589844;1.0,0.0,0.0,0.0
10.55;0.0,0.0,-0.3486900329589844;1.0,0.0,0.0,0.0
10.56;0.0,0.0,-0.3486900329589844;1.0,0.0,0.0,0.0
10.57;0.0,0.0,-0.3486900329589844;1.0,0.0,0.0,0.0
10.58;0.0,0.0,-0.3486900329589844;1.0,0.0,0.0,0.0
10.59;0.0,0.0,-0.3486900329589844;1.0,0.0,0.0,0.0
10.6;0.0,0.0,-0.3486900329589844;1.0,0.0,0.0,0.0
10.61;0.0,0.0,-0.3486900329589844;1.0,0.0,0.0,0.0
10.62;0.0,0.0,-0.3486900329589844;1.0,0.0,0.0,0.0
10.63;0.0,0.0,-0.3486900329589844;1.0,0.0,0.0,0.0
10.64;0.0,0.0,-0.3486900329589844;1.0,0.0,0.0,0.0
10.65;0.0,0.0,-0.3486900329589844;1.0,0.0,0.0,0.0
10.66;0.0,0.0,-0.3486900329589844;1.0,0.0,0.0,0.0
10.67;0.0,0.0,-0.3486900329589844;1.0,0.0,0.0,0.0
10.68;0.0,0.0,-0.3486900329589844;1.0,0.0,0.0,0.0
10.69;0.0,0.0,-0.3486900329589844;1.0,0.0,0.0,0.0
10.7;0.0,0.0,-0.3486900329589844;1.0,0.0,0.0,0.0
10.71;0.0,0.0,-0.3486900329589844;1.0,0.0,0.0,0.0
10.72;0.0,0.0,-0.3486900329589844;1.0,0.0,0.0,0.0
10.73;0.0,0.0,-0.3486900329589844;1.0,0.0,0.0,0.0
10.74;0.0,0.0,-0.3486900329589844;1.0,0.0,0.0,0.0
10.75;0.0,0.0,-0.3486900329589844;1.0,0.0,0.0,0.0
10.76;0.0,0.0,-0.3486900329589844;1.0,0.0,0.0,0.0
10.77;0.0,0.0,-0.3486900329589844;1.0,0.0,0.0,0.0
10.78;0.0,0.0,-0.3486900329589844;1.0,0.0,0.0,0.0
10.79;0.0,0.0,-0.3486900329589844;1.0,0.0,0.0,0.0
10.8;0.0,0.0,-0.3486900329589844;1.0,0.0,0.0,0.0
10.81;0.0,0.0,-0.3486900329589844;1.0,0.0,0.0,0.0
10.82;0.0,0.0,-0.3486900329589844;1.0,0.0,0.0,0.0
10.83;0.0,0.0,-0.3486900329589844;1.0,0.0,0.0,0.0
10.84;0.0,0.0,-0.3486900329589844;1.0,0.0,0.0,0.0
10.85;0.0,0.0,-0.3486900329589844;1.0,0.0,0.0,0.0
10.86;0.0,0.0,-0.3486900329589844;1.0,0.0,0.0,0.0
10.87;0.0,0.0,-0.3486900329589844;1.0,0.0,0.0,0.0
10.88;0.0,0.0,-0.3486900329589844;1.0,0.0,0.0,0.0
10.89;0.0,0.0,-0.3486900329589844;1.0,0.0,0.0,0.0
10.9;0.0,0.0,-0.3486900329589844;1.0,0.0,0.0,0.0
10.91;0.0,0.0,-0.3486900329589844;1.0,0.0,0.0,0.0
10.92;0.0,0.0,-0.3486900329589844;1.0,0.0,0.0,0.0
10.93;0.0,0.0,-0.3486900329589844;1.0,0.0,0.0,0.0
10.94;0.0,0.0,-0.3486900329589844;1.0,0.0,0.0,0.0
10.95;0.0,0.0,-0.3486900329589844;1.0,0.0,0.0,0.0
10.96;0.0,0.0,-0.3486900329589844;1.0,0.0,0.0,0.0
10.97;0.0,0.0,-0.3486900329589844;1.0,0.0,0.0,0.0
10.98;0.0,0.0,-0.3486900329589844;1.0,0.0,0.0,0.0
10.99;0.0,0.0,-0.3486900329589844;1.0,0.0,0.0,0.0
11.0;0.0,0.0,-0.3486900329589844;1.0,0.0,0.0,0.0
11.01;0.0,0.0,-0.3486900329589844;1.0,0.0,0.0,0.0
11.02;0.0,0.0,-0.3486900329589844;1.0,0.0,0.0,0.0
11.03;0.0,0.0,-0.3486900329589844;1.0,0.0,0.0,0.0
11.04;0.0,0.0,-0.3486900329589844;1.0,0.0,0.0,0.0
11.05;0.0,0.0,-0.3486900329589844;1.0,0.0,0.0,0.0
11.06;0.0,0.0,-0.3486900329589844;1.0,0.0,0.0,0.0
11.07;0.0,0.0,-0.3486900329589844;1.0,0.0,0.0,0.0
11.08;0.0,0.0,-0.3486900329589844;1.0,0.0,0.0,0.0
11.09;0.0,0.0,-0.3486900329589844;1.0,0.0,0.0,0.0
11.1;0.0,0.0,-0.3486900329589844;1.0,0.0,0.0,0.0
11.11;0.0,0.0,-0.3486900329589844;1.0,0.0,0.0,0.0
11.12;0.0,0.0,-0.3486900329589844;1.0,0.0,0.0,0.0
11.13;0.0,0.0,-0.3486900329589844;1.0,0.0,0.0,0.0
11.14;0.0,0.0,-0.3486900329589844;1.0,0.0,0.0,0.0
11.15;0.0,0.0,-0.3486900329589844;1.0,0.0,0.0,0.0
11.16;0.0,0.0,-0.3486900329589844;1.0,0.0,0.0,0.0
11.17;0.0,0.0,-0.3486900329589844;1.0,0.0,0.0,0.0
11.18;0.0,0.0,-0.3486900329589844;1.0,0.0,0.0,0.0
11.19;0.0,0.0,-0.3486900329589844;1.0,0.0,0.0,0.0
11.2;0.0,0.0,-0.3486900329589844;1.0,0.0,0.0,0.0
11.21;0.0,0.0,-0.3486900329589844;1.0,0.0,0.0,0.0
11.22;0.0,0.0,-0.3486900329589844;1.0,0.0,0.0,0.0
11.23;0.0,0.0,-0.3486900329589844;1.0,0.0,0.0,0.0
11.24;0.0,0.0,-0.3486900329589844;1.0,0.0,0.0,0.0
11.25;0.0,0.0,-0.3486900329589844;1.0,0.0,0.0,0.0
11.26;0.0,0.0,-0.3486900329589844;1.0,0.0,0.0,0.0
11.27;0.0,0.0,-0.3486900329589844;1.0,0.0,0.0,0.0
11.28;0.0,0.0,-0.3486900329589844;1.0,0.0,0.0,0.0
11.29;0.0,0.0,-0.3486900329589844;1.0,0.0,0.0,0.0
11.3;0.0,0.0,-0.3486900329589844;1.0,0.0,0.0,0.0
11.31;0.0,0.0,-0.3486900329589844;1.0,0.0,0.0,0.0
11.32;0.0,0.0,-0.3486900329589844;1.0,0.0,0.0,0.0
11.33;0.0,0.0,-0.3486900329589844;1.0,0.0,0.0,0.0
11.34;0.0,0.0,-0.3486900329589844;1.0,0.0,0.0,0.0
11.35;0.0,0.0,-0.3486900329589844;1.0,0.0,0.0,0.0
11.36;0.0,0.0,-0.3486900329589844;1.0,0.0,0.0,0.0
11.37;0.0,0.0,-0.3486900329589844;1.0,0.0,0.0,0.0
11.38;0.0,0.0,-0.3486900329589844;1.0,0.0,0.0,0.0
11.39;0.0,0.0,-0.3486900329589844;1.0,0.0,0.0,0.0
11.4;0.0,0.0,-0.3486900329589844;1.0,0.0,0.0,0.0
11.41;0.0,0.0,-0.3486900329589844;1.0,0.0,0.0,0.0
11.42;0.0,0.0,-0.3486900329589844;1.0,0.0,0.0,0.0
11.43;0.0,0.0,-0.3486900329589844;1.0,0.0,0.0,0.0
11.44;0.0,0.0,-0.3486900329589844;1.0,0.0,0.0,0.0
11.45;0.0,0.0,-0.3486900329589844;1.0,0.0,0.0,0.0
11.46;0.0,0.0,-0.3486900329589844;1.0,0.0,0.0,0.0
11.47;0.0,0.0,-0.3486900329589844;1.0,0.0,0.0,0.0
11.48;0.0,0.0,-0.3486900329589844;1.0,0.0,0.0,0.0
11.49;0.0,0.0,-0.3486900329589844;1.0,0.0,0.0,0.0
11.5;0.0,0.0,-0.3486900329589844;1.0,0.0,0.0,0.0
11.51;0.0,0.0,-0.3486900329589844;1.0,0.0,0.0,0.0
11.52;0.0,0.0,-0.3486900329589844;1.0,0.0,0.0,0.0
11.53;0.0,0.0,-0.3486900329589844;1.0,0.0,0.0,0.0
11.54;0.0,0.0,-0.3486900329589844;1.0,0.0,0.0,0.0
11.55;0.0,0.0,-0.3486900329589844;1.0,0.0,0.0,0.0
11.56;0.0,0.0,-0.3486900329589844;1.0,0.0,0.0,0.0
11.57;0.0,0.0,-0.3486900329589844;1.0,0.0,0.0,0.0
11.58;0.0,0.0,-0.3486900329589844;1.0,0.0,0.0,0.0
11.59;0.0,0.0,-0.3486900329589844;1.0,0.0,0.0,0.0
11.6;0.0,0.0,-0.3486900329589844;1.0,0.0,0.0,0.0
11.61;0.0,0.0,-0.3486900329589844;1.0,0.0,0.0,0.0
11.62;0.0,0.0,-0.3486900329589844;1.0,0.0,0.0,0.0
11.63;0.0,0.0,-0.3486900329589844;1.0,0.0,0.0,0.0
11.64;0.0,0.0,-0.3486900329589844;1.0,0.0,0.0,0.0
11.65;0.0,0.0,-0.3486900329589844;1.0,0.0,0.0,0.0
11.66;0.0,0.0,-0.3486900329589844;1.0,0.0,0.0,0.0
11.67;0.0,0.0,-0.3486900329589844;1.0,0.0,0.0,0.0
11.68;0.0,0.0,-0.3486900329589844;1.0,0.0,0.0,0.0
11.69;0.0,0.0,-0.3486900329589844;1.0,0.0,0.0,0.0
11.7;0.0,0.0,-0.3486900329589844;1.0,0.0,0.0,0.0
11.71;0.0,0.0,-0.3486900329589844;1.0,0.0,0.0,0.0
11.72;0.0,0.0,-0.3486900329589844;1.0,0.0,0.0,0.0
11.73;0.0,0.0,-0.3486900329589844;1.0,0.0,0.0,0.0
11.74;0.0,0.0,-0.3486900329589844;1.0,0.0,0.0,0.0
11.75;0.0,0.0,-0.3486900329589844;1.0,0.0,0.0,0.0
11.76;0.0,0.0,-0.3486900329589844;1.0,0.0,0.0,0.0
11.77;0.0,0.0,-0.3486900329589844;1.0,0.0,0.0,0.0
11.78;0.0,0.0,-0.3486900329589844;1.0,0.0,0.0,0.0
11.79;0.0,0.0,-0.3486900329589844;1.0,0.0,0.0,0.0
11.8;0.0,0.0,-0.3486900329589844;1.0,0.0,0.0,0.0
11.81;0.0,0.0,-0.3486900329589844;1.0,0.0,0.0,0.0
11.82;0.0,0.0,-0.3486900329589844;1.0,0.0,0.0,0.0
11.83;0.0,0.0,-0.3486900329589844;1.0,0.0,0.0,0.0
11.84;0.0,0.0,-0.3486900329589844;1.0,0.0,0.0,0.0
11.85;0.0,0.0,-0.3486900329589844;1.0,0.0,0.0,0.0
11.86;0.0,0.0,-0.3486900329589844;1.0,0.0,0.0,0.0
11.87;0.0,0.0,-0.3486900329589844;1.0,0.0,0.0,0.0
11.88;0.0,0.0,-0.3486900329589844;1.0,0.0,0.0,0.0
11.89;0.0,0.0,-0.3486900329589844;1.0,0.0,0.0,0.0
11.9;0.0,0.0,-0.3486900329589844;1.0,0.0,0.0,0.0
11.91;0.0,0.0,-0.3486900329589844;1.0,0.0,0.0,0.0
11.92;0.0,0.0,-0.3486900329589844;1.0,0.0,0.0,0.0
11.93;0.0,0.0,-0.3486900329589844;1.0,0.0,0.0,0.0
11.94;0.0,0.0,-0.3486900329589844;1.0,0.0,0.0,0.0
11.95;0.0,0.0,-0.3486900329589844;1.0,0.0,0.0,0.0
11.96;0.0,0.0,-0.3486900329589844;1.0,0.0,0.0,0.0
11.97;0.0,0.0,-0.3486900329589844;1.0,0.0,0.0,0.0
11.98;0.0,0.0,-0.3486900329589844;1.0,0.0,0.0,0.0
11.99;0.0,0.0,-0.3486900329589844;1.0,0.0,0.0,0.0
12.0;0.0,0.0,-0.3486900329589844;1.0,0.0,0.0,0.0
12.01;0.0,0.0,-0.3486900329589844;1.0,0.0,0.0,0.0
12.02;0.0,0.0,-0.3486900329589844;1.0,0.0,0.0,0.0
12.03;0.0,0.0,-0.3486900329589844;1.0,0.0,0.0,0.0
12.04;0.0,0.0,-0.3486900329589844;1.0,0.0,0.0,0.0
12.05;0.0,0.0,-0.3486900329589844;1.0,0.0,0.0,0.0
12.06;0.0,0.0,-0.3486900329589844;1.0,0.0,0.0,0.0
12.07;0.0,0.0,-0.3486900329589844;1.0,0.0,0.0,0.0
12.08;0.0,0.0,-0.3486900329589844;1.0,0.0,0.0,0.0
12.09;0.0,0.0,-0.3486900329589844;1.0,0.0,0.0,0.0
12.1;0.0,0.0,-0.3486900329589844;1.0,0.0,0.0,0.0
12.11;0.0,0.0,-0.3486900329589844;1.0,0.0,0.0,0.0
12.12;0.0,0.0,-0.3486900329589844;1.0,0.0,0.0,0.0
12.13;0.0,0.0,-0.3486900329589844;1.0,0.0,0.0,0.0
12.14;0.0,0.0,-0.3486900329589844;1.0,0.0,0.0,0.0
12.15;0.0,0.0,-0.3486900329589844;1.0,0.0,0.0,0.0
12.16;0.0,0.0,-0.3486900329589844;1.0,0.0,0.0,0.0
12.17;0.0,0.0,-0.3486900329589844;1.0,0.0,0.0,0.0
12.18;0.0,0.0,-0.3486900329589844;1.0,0.0,0.0,0.0
12.19;0.0,0.0,-0.3486900329589844;1.0,0.0,0.0,0.0
12.2;0.0,0.0,-0.3486900329589844;1.0,0.0,0.0,0.0
12.21;0.0,0.0,-0.3486900329589844;1.0,0.0,0.0,0.0
12.22;0.0,0.0,-0.3486900329589844;1.0,0.0,0.0,0.0
12.23;0.0,0.0,-0.3486900329589844;1.0,0.0,0.0,0.0
12.24;0.0,0.0,-0.3486900329589844;1.0,0.0,0.0,0.0
12.25;0.0,0.0,-0.3486900329589844;1.0,0.0,0.0,0.0
12.26;0.0,0.0,-0.3486900329589844;1.0,0.0,0.0,0.0
12.27;0.0,0.0,-0.3486900329589844;1.0,0.0,0.0,0.0
12.28;0.0,0.0,-0.3486900329589844;1.0,0.0,0.0,0.0
12.29;0.0,0.0,-0.3486900329589844;1.0,0.0,0.0,0.0
12.3;0.0,0.0,-0.3486900329589844;1.0,0.0,0.0,0.0
12.31;0.0,0.0,-0.3486900329589844;1.0,0.0,0.0,0.0
12.32;0.0,0.0,-0.3486900329589844;1.0,0.0,0.0,0.0
12.33;0.0,0.0,-0.3486900329589844;1.0,0.0,0.0,0.0
12.34;0.0,0.0,-0.3486900329589844;1.0,0.0,0.0,0.0
12.35;0.0,0.0,-0.3486900329589844;1.0,0.0,0.0,0.0
12.36;0.0,0.0,-0.3486900329589844;1.0,0.0,0.0,0.0
12.37;0.0,0.0,-0.3486900329589844;1.0,0.0,0.0,0.0
12.38;0.0,0.0,-0.3486900329589844;1.0,0.0,0.0,0.0
12.39;0.0,0.0,-0.3486900329589844;1.0,0.0,0.0,0.0
12.4;0.0,0.0,-0.3486900329589844;1.0,0.0,0.0,0.0
12.41;0.0,0.0,-0.3486900329589844;1.0,0.0,0.0,0.0
12.42;0.0,0.0,-0.3486900329589844;1.0,0.0,0.0,0.0
12.43;0.0,0.0,-0.3486900329589844;1.0,0.0,0.0,0.0
12.44;0.0,0.0,-0.3486900329589844;1.0,0.0,0.0,0.0
12.45;0.0,0.0,-0.3486900329589844;1.0,0.0,0.0,0.0
12.46;0.0,0.0,-0.3486900329589844;1.0,0.0,0.0,0.0
12.47;0.0,0.0,-0.3486900329589844;1.0,0.0,0.0,0.0
12.48;0.0,0.0,-0.3486900329589844;1.0,0.0,0.0,0.0
12.49;0.0,0.0,-0.3486900329589844;1.0,0.0,0.0,0.0
12.5;0.0,0.0,-0.3486900329589844;1.0,0.0,0.0,0.0
12.51;0.0,0.0,-0.3486900329589844;1.0,0.0,0.0,0.0
12.52;0.0,0.0,-0.3486900329589844;1.0,0.0,0.0,0.0
12.53;0.0,0.0,-0.3486900329589844;1.0,0.0,0.0,0.0
12.54;0.0,0.0,-0.3486900329589844;1.0,0.0,0.0,0.0
12.55;0.0,0.0,-0.3486900329589844;1.0,0.0,0.0,0.0
12.56;0.0,0.0,-0.3486900329589844;1.0,0.0,0.0,0.0
12.57;0.0,0.0,-0.3486900329589844;1.0,0.0,0.0,0.0
12.58;0.0,0.0,-0.3486900329589844;1.0,0.0,0.0,0.0
12.59;0.0,0.0,-0.3486900329589844;1.0,0.0,0.0,0.0
12.6;0.0,0.0,-0.3486900329589844;1.0,0.0,0.0,0.0
12.61;0.0,0.0,-0.3486900329589844;1.0,0.0,0.0,0.0
12.62;0.0,0.0,-0.3486900329589844;1.0,0.0,0.0,0.0
12.63;0.0,0.0,-0.3486900329589844;1.0,0.0,0.0,0.0
12.64;0.0,0.0,-0.3486900329589844;1.0,0.0,0.0,0.0
12.65;0.0,0.0,-0.3486900329589844;1.0,0.0,0.0,0.0
12.66;0.0,0.0,-0.3486900329589844;1.0,0.0,0.0,0.0
12.67;0.0,0.0,-0.3486900329589844;1.0,0.0,0.0,0.0
12.68;0.0,0.0,-0.3486900329589844;1.0,0.0,0.0,0.0
12.69;0.0,0.0,-0.3486900329589844;1.0,0.0,0.0,0.0
12.7;0.0,0.0,-0.3486900329589844;1.0,0.0,0.0,0.0
12.71;0.0,0.0,-0.3486900329589844;1.0,0.0,0.0,0.0
12.72;0.0,0.0,-0.3486900329589844;1.0,0.0,0.0,0.0
12.73;0.0,0.0,-0.3486900329589844;1.0,0.0,0.0,0.0
12.74;0.0,0.0,-0.3486900329589844;1.0,0.0,0.0,0.0
12.75;0.0,0.0,-0.3486900329589844;1.0,0.0,0.0,0.0
12.76;0.0,0.0,-0.3486900329589844;1.0,0.0,0.0,0.0
12.77;0.0,0.0,-0.3486900329589844;1.0,0.0,0.0,0.0
12.78;0.0,0.0,-0.3486900329589844;1.0,0.0,0.0,0.0
12.79;0.0,0.0,-0.3486900329589844;1.0,0.0,0.0,0.0
12.8;0.0,0.0,-0.3486900329589844;1.0,0.0,0.0,0.0
12.81;0.0,0.0,-0.3486900329589844;1.0,0.0,0.0,0.0
12.82;0.0,0.0,-0.3486900329589844;1.0,0.0,0.0,0.0
12.83;0.0,0.0,-0.3486900329589844;1.0,0.0,0.0,0.0
12.84;0.0,0.0,-0.3486900329589844;1.0,0.0,0.0,0.0
12.85;0.0,0.0,-0.3486900329589844;1.0,0.0,0.0,0.0
12.86;0.0,0.0,-0.3486900329589844;1.0,0.0,0.0,0.0
12.87;0.0,0.0,-0.3486900329589844;1.0,0.0,0.0,0.0
12.88;0.0,0.0,-0.3486900329589844;1.0,0.0,0.0,0.0
12.89;0.0,0.0,-0.3486900329589844;1.0,0.0,0.0,0.0
12.9;0.0,0.0,-0.3486900329589844;1.0,0.0,0.0,0.0
12.91;0.0,0.0,-0.3486900329589844;1.0,0.0,0.0,0.0
12.92;0.0,0.0,-0.3486900329589844;1.0,0.0,0.0,0.0
12.93;0.0,0.0,-0.3486900329589844;1.0,0.0,0.0,0.0
12.94;0.0,0.0,-0.3486900329589844;1.0,0.0,0.0,0.0
12.95;0.0,0.0,-0.3486900329589844;1.0,0.0,0.0,0.0
12.96;0.0,0.0,-0.3486900329589844;1.0,0.0,0.0,0.0
12.97;0.0,0.0,-0.3486900329589844;1.0,0.0,0.0,0.0
12.98;0.0,0.0,-0.3486900329589844;1.0,0.0,0.0,0.0
12.99;0.0,0.0,-0.3486900329589844;1.0,0.0,0.0,0.0
13.0;0.0,0.0,-0.3486900329589844;1.0,0.0,0.0,0.0
13.01;0.0,0.0,-0.3486900329589844;1.0,0.0,0.0,0.0
13.02;0.0,0.0,-0.3486900329589844;1.0,0.0,0.0,0.0
13.03;0.0,0.0,-0.3486900329589844;1.0,0.0,0.0,0.0
13.04;0.0,0.0,-0.3486900329589844;1.0,0.0,0.0,0.0
13.05;0.0,0.0,-0.3486900329589844;1.0,0.0,0.0,0.0
13.06;0.0,0.0,-0.3486900329589844;1.0,0.0,0.0,0.0
13.07;0.0,0.0,-0.3486900329589844;1.0,0.0,0.0,0.0
13.08;0.0,0.0,-0.3486900329589844;1.0,0.0,0.0,0.0
13.09;0.0,0.0,-0.3486900329589844;1.0,0.0,0.0,0.0
13.1;0.0,0.0,-0.3486900329589844;1.0,0.0,0.0,0.0
13.11;0.0,0.0,-0.3486900329589844;1.0,0.0,0.0,0.0
13.12;0.0,0.0,-0.3486900329589844;1.0,0.0,0.0,0.0
13.13;0.0,0.0,-0.3486900329589844;1.0,0.0,0.0,0.0
13.14;0.0,0.0,-0.3486900329589844;1.0,0.0,0.0,0.0
13.15;0.0,0.0,-0.3486900329589844;1.0,0.0,0.0,0.0
13.16;0.0,0.0,-0.3486900329589844;1.0,0.0,0.0,0.0
13.17;0.0,0.0,-0.3486900329589844;1.0,0.0,0.0,0.0
13.18;0.0,0.0,-0.3486900329589844;1.0,0.0,0.0,0.0
13.19;0.0,0.0,-0.3486900329589844;1.0,0.0,0.0,0.0
13.2;0.0,0.0,-0.3486900329589844;1.0,0.0,0.0,0.0
13.21;0.0,0.0,-0.3486900329589844;1.0,0.0,0.0,0.0
13.22;0.0,0.0,-0.3486900329589844;1.0,0.0,0.0,0.0
13.23;0.0,0.0,-0.3486900329589844;1.0,0.0,0.0,0.0
13.24;0.0,0.0,-0.3486900329589844;1.0,0.0,0.0,0.0
13.25;0.0,0.0,-0.3486900329589844;1.0,0.0,0.0,0.0
13.26;0.0,0.0,-0.3486900329589844;1.0,0.0,0.0,0.0
13.27;0.0,0.0,-0.3486900329589844;1.0,0.0,0.0,0.0
13.28;0.0,0.0,-0.3486900329589844;1.0,0.0,0.0,0.0
13.29;0.0,0.0,-0.3486900329589844;1.0,0.0,0.0,0.0
13.3;0.0,0.0,-0.3486900329589844;1.0,0.0,0.0,0.0
13.31;0.0,0.0,-0.3486900329589844;1.0,0.0,0.0,0.0
13.32;0.0,0.0,-0.3486900329589844;1.0,0.0,0.0,0.0
13.33;0.0,0.0,-0.3486900329589844;1.0,0.0,0.0,0.0
13.34;0.0,0.0,-0.3486900329589844;1.0,0.0,0.0,0.0
13.35;0.0,0.0,-0.3486900329589844;1.0,0.0,0.0,0.0
13.36;0.0,0.0,-0.3486900329589844;1.0,0.0,0.0,0.0
13.37;0.0,0.0,-0.3486900329589844;1.0,0.0,0.0,0.0
13.38;0.0,0.0,-0.3486900329589844;1.0,0.0,0.0,0.0
13.39;0.0,0.0,-0.3486900329589844;1.0,0.0,0.0,0.0
13.4;0.0,0.0,-0.3486900329589844;1.0,0.0,0.0,0.0
13.41;0.0,0.0,-0.3486900329589844;1.0,0.0,0.0,0.0
13.42;0.0,0.0,-0.3486900329589844;1.0,0.0,0.0,0.0
13.43;0.0,0.0,-0.3486900329589844;1.0,0.0,0.0,0.0
13.44;0.0,0.0,-0.3486900329589844;1.0,0.0,0.0,0.0
13.45;0.0,0.0,-0.3486900329589844;1.0,0.0,0.0,0.0
13.46;0.0,0.0,-0.3486900329589844;1.0,0.0,0.0,0.0
13.47;0.0,0.0,-0.3486900329589844;1.0,0.0,0.0,0.0
13.48;0.0,0.0,-0.3486900329589844;1.0,0.0,0.0,0.0
13.49;0.0,0.0,-0.3486900329589844;1.0,0.0,0.0,0.0
13.5;0.0,0.0,-0.3486900329589844;1.0,0.0,0.0,0.0
13.51;0.0,0.0,-0.3486900329589844;1.0,0.0,0.0,0.0
13.52;0.0,0.0,-0.3486900329589844;1.0,0.0,0.0,0.0
13.53;0.0,0.0,-0.3486900329589844;1.0,0.0,0.0,0.0
13.54;0.0,0.0,-0.3486900329589844;1.0,0.0,0.0,0.0
13.55;0.0,0.0,-0.3486900329589844;1.0,0.0,0.0,0.0
13.56;0.0,0.0,-0.3486900329589844;1.0,0.0,0.0,0.0
13.57;0.0,0.0,-0.3486900329589844;1.0,0.0,0.0,0.0
13.58;0.0,0.0,-0.3486900329589844;1.0,0.0,0.0,0.0
13.59;0.0,0.0,-0.3486900329589844;1.0,0.0,0.0,0.0
13.6;0.0,0.0,-0.3486900329589844;1.0,0.0,0.0,0.0
13.61;0.0,0.0,-0.3486900329589844;1.0,0.0,0.0,0.0
13.62;0.0,0.0,-0.3486900329589844;1.0,0.0,0.0,0.0
13.63;0.0,0.0,-0.3486900329589844;1.0,0.0,0.0,0.0
13.64;0.0,0.0,-0.3486900329589844;1.0,0.0,0.0,0.0
13.65;0.0,0.0,-0.3486900329589844;1.0,0.0,0.0,0.0
13.66;0.0,0.0,-0.3486900329589844;1.0,0.0,0.0,0.0
13.67;0.0,0.0,-0.3486900329589844;1.0,0.0,0.0,0.0
13.68;0.0,0.0,-0.3486900329589844;1.0,0.0,0.0,0.0
13.69;0.0,0.0,-0.3486900329589844;1.0,0.0,0.0,0.0
13.7;0.0,0.0,-0.3486900329589844;1.0,0.0,0.0,0.0
13.71;0.0,0.0,-0.3486900329589844;1.0,0.0,0.0,0.0
13.72;0.0,0.0,-0.3486900329589844;1.0,0.0,0.0,0.0
13.73;0.0,0.0,-0.3486900329589844;1.0,0.0,0.0,0.0
13.74;0.0,0.0,-0.3486900329589844;1.0,0.0,0.0,0.0
13.75;0.0,0.0,-0.3486900329589844;1.0,0.0,0.0,0.0
13.76;0.0,0.0,-0.3486900329589844;1.0,0.0,0.0,0.0
13.77;0.0,0.0,-0.3486900329589844;1.0,0.0,0.0,0.0
13.78;0.0,0.0,-0.3486900329589844;1.0,0.0,0.0,0.0
13.79;0.0,0.0,-0.3486900329589844;1.0,0.0,0.0,0.0
13.8;0.0,0.0,-0.3486900329589844;1.0,0.0,0.0,0.0
13.81;0.0,0.0,-0.3486900329589844;1.0,0.0,0.0,0.0
13.82;0.0,0.0,-0.3486900329589844;1.0,0.0,0.0,0.0
13.83;0.0,0.0,-0.3486900329589844;1.0,0.0,0.0,0.0
13.84;0.0,0.0,-0.3486900329589844;1.0,0.0,0.0,0.0
13.85;0.0,0.0,-0.3486900329589844;1.0,0.0,0.0,0.0
13.86;0.0,0.0,-0.3486900329589844;1.0,0.0,0.0,0.0
13.87;0.0,0.0,-0.3486900329589844;1.0,0.0,0.0,0.0
13.88;0.0,0.0,-0.3486900329589844;1.0,0.0,0.0,0.0
13.89;0.0,0.0,-0.3486900329589844;1.0,0.0,0.0,0.0
13.9;0.0,0.0,-0.3486900329589844;1.0,0.0,0.0,0.0
13.91;0.0,0.0,-0.3486900329589844;1.0,0.0,0.0,0.0
13.92;0.0,0.0,-0.3486900329589844;1.0,0.0,0.0,0.0
13.93;0.0,0.0,-0.3486900329589844;1.0,0.0,0.0,0.0
13.94;0.0,0.0,-0.3486900329589844;1.0,0.0,0.0,0.0
13.95;0.0,0.0,-0.3486900329589844;1.0,0.0,0.0,0.0
13.96;0.0,0.0,-0.3486900329589844;1.0,0.0,0.0,0.0
13.97;0.0,0.0,-0.3486900329589844;1.0,0.0,0.0,0.0
13.98;0.0,0.0,-0.3486900329589844;1.0,0.0,0.0,0.0
13.99;0.0,0.0,-0.3486900329589844;1.0,0.0,0.0,0.0
14.0;0.0,0.0,-0.3486900329589844;1.0,0.0,0.0,0.0
14.01;0.0,0.0,-0.3486900329589844;1.0,0.0,0.0,0.0
14.02;0.0,0.0,-0.3486900329589844;1.0,0.0,0.0,0.0
14.03;0.0,0.0,-0.3486900329589844;1.0,0.0,0.0,0.0
14.04;0.0,0.0,-0.3486900329589844;1.0,0.0,0.0,0.0
14.05;0.0,0.0,-0.3486900329589844;1.0,0.0,0.0,0.0
14.06;0.0,0.0,-0.3486900329589844;1.0,0.0,0.0,0.0
14.07;0.0,0.0,-0.3486900329589844;1.0,0.0,0.0,0.0
14.08;0.0,0.0,-0.3486900329589844;1.0,0.0,0.0,0.0
14.09;0.0,0.0,-0.3486900329589844;1.0,0.0,0.0,0.0
14.1;0.0,0.0,-0.3486900329589844;1.0,0.0,0.0,0.0
14.11;0.0,0.0,-0.3486900329589844;1.0,0.0,0.0,0.0
14.12;0.0,0.0,-0.3486900329589844;1.0,0.0,0.0,0.0
14.13;0.0,0.0,-0.3486900329589844;1.0,0.0,0.0,0.0
14.14;0.0,0.0,-0.3486900329589844;1.0,0.0,0.0,0.0
14.15;0.0,0.0,-0.3486900329589844;1.0,0.0,0.0,0.0
14.16;0.0,0.0,-0.3486900329589844;1.0,0.0,0.0,0.0
14.17;0.0,0.0,-0.3486900329589844;1.0,0.0,0.0,0.0
14.18;0.0,0.0,-0.3486900329589844;1.0,0.0,0.0,0.0
14.19;0.0,0.0,-0.3486900329589844;1.0,0.0,0.0,0.0
14.2;0.0,0.0,-0.3486900329589844;1.0,0.0,0.0,0.0
14.21;0.0,0.0,-0.3486900329589844;1.0,0.0,0.0,0.0
14.22;0.0,0.0,-0.3486900329589844;1.0,0.0,0.0,0.0
14.23;0.0,0.0,-0.3486900329589844;1.0,0.0,0.0,0.0
14.24;0.0,0.0,-0.3486900329589844;1.0,0.0,0.0,0.0
14.25;0.0,0.0,-0.3486900329589844;1.0,0.0,0.0,0.0
14.26;0.0,0.0,-0.3486900329589844;1.0,0.0,0.0,0.0
14.27;0.0,0.0,-0.3486900329589844;1.0,0.0,0.0,0.0
14.28;0.0,0.0,-0.3486900329589844;1.0,0.0,0.0,0.0
14.29;0.0,0.0,-0.3486900329589844;1.0,0.0,0.0,0.0
14.3;0.0,0.0,-0.3486900329589844;1.0,0.0,0.0,0.0
14.31;0.0,0.0,-0.3486900329589844;1.0,0.0,0.0,0.0
14.32;0.0,0.0,-0.3486900329589844;1.0,0.0,0.0,0.0
14.33;0.0,0.0,-0.3486900329589844;1.0,0.0,0.0,0.0
14.34;0.0,0.0,-0.3486900329589844;1.0,0.0,0.0,0.0
14.35;0.0,0.0,-0.3486900329589844;1.0,0.0,0.0,0.0
14.36;0.0,0.0,-0.3486900329589844;1.0,0.0,0.0,0.0
14.37;0.0,0.0,-0.3486900329589844;1.0,0.0,0.0,0.0
14.38;0.0,0.0,-0.3486900329589844;1.0,0.0,0.0,0.0
14.39;0.0,0.0,-0.3486900329589844;1.0,0.0,0.0,0.0
14.4;0.0,0.0,-0.3486900329589844;1.0,0.0,0.0,0.0
14.41;0.0,0.0,-0.3486900329589844;1.0,0.0,0.0,0.0
14.42;0.0,0.0,-0.3486900329589844;1.0,0.0,0.0,0.0
14.43;0.0,0.0,-0.3486900329589844;1.0,0.0,0.0,0.0
14.44;0.0,0.0,-0.3486900329589844;1.0,0.0,0.0,0.0
14.45;0.0,0.0,-0.3486900329589844;1.0,0.0,0.0,0.0
14.46;0.0,0.0,-0.3486900329589844;1.0,0.0,0.0,0.0
14.47;0.0,0.0,-0.3486900329589844;1.0,0.0,0.0,0.0
14.48;0.0,0.0,-0.3486900329589844;1.0,0.0,0.0,0.0
14.49;0.0,0.0,-0.3486900329589844;1.0,0.0,0.0,0.0
14.5;0.0,0.0,-0.3486900329589844;1.0,0.0,0.0,0.0
14.51;0.0,0.0,-0.3486900329589844;1.0,0.0,0.0,0.0
14.52;0.0,0.0,-0.3486900329589844;1.0,0.0,0.0,0.0
14.53;0.0,0.0,-0.3486900329589844;1.0,0.0,0.0,0.0
14.54;0.0,0.0,-0.3486900329589844;1.0,0.0,0.0,0.0
14.55;0.0,0.0,-0.3486900329589844;1.0,0.0,0.0,0.0
14.56;0.0,0.0,-0.3486900329589844;1.0,0.0,0.0,0.0
14.57;0.0,0.0,-0.3486900329589844;1.0,0.0,0.0,0.0
14.58;0.0,0.0,-0.3486900329589844;1.0,0.0,0.0,0.0
14.59;0.0,0.0,-0.3486900329589844;1.0,0.0,0.0,0.0
14.6;0.0,0.0,-0.3486900329589844;1.0,0.0,0.0,0.0
14.61;0.0,0.0,-0.3486900329589844;1.0,0.0,0.0,0.0
14.62;0.0,0.0,-0.3486900329589844;1.0,0.0,0.0,0.0
14.63;0.0,0.0,-0.3486900329589844;1.0,0.0,0.0,0.0
14.64;0.0,0.0,-0.3486900329589844;1.0,0.0,0.0,0.0
14.65;0.0,0.0,-0.3486900329589844;1.0,0.0,0.0,0.0
14.66;0.0,0.0,-0.3486900329589844;1.0,0.0,0.0,0.0
14.67;0.0,0.0,-0.3486900329589844;1.0,0.0,0.0,0.0
14.68;0.0,0.0,-0.3486900329589844;1.0,0.0,0.0,0.0
14.69;0.0,0.0,-0.3486900329589844;1.0,0.0,0.0,0.0
14.7;0.0,0.0,-0.3486900329589844;1.0,0.0,0.0,0.0
14.71;0.0,0.0,-0.3486900329589844;1.0,0.0,0.0,0.0
14.72;0.0,0.0,-0.3486900329589844;1.0,0.0,0.0,0.0
14.73;0.0,0.0,-0.3486900329589844;1.0,0.0,0.0,0.0
14.74;0.0,0.0,-0.3486900329589844;1.0,0.0,0.0,0.0
14.75;0.0,0.0,-0.3486900329589844;1.0,0.0,0.0,0.0
14.76;0.0,0.0,-0.3486900329589844;1.0,0.0,0.0,0.0
14.77;0.0,0.0,-0.3486900329589844;1.0,0.0,0.0,0.0
14.78;0.0,0.0,-0.3486900329589844;1.0,0.0,0.0,0.0
14.79;0.0,0.0,-0.3486900329589844;1.0,0.0,0.0,0.0
14.8;0.0,0.0,-0.3486900329589844;1.0,0.0,0.0,0.0
14.81;0.0,0.0,-0.3486900329589844;1.0,0.0,0.0,0.0
14.82;0.0,0.0,-0.3486900329589844;1.0,0.0,0.0,0.0
14.83;0.0,0.0,-0.3486900329589844;1.0,0.0,0.0,0.0
14.84;0.0,0.0,-0.3486900329589844;1.0,0.0,0.0,0.0
14.85;0.0,0.0,-0.3486900329589844;1.0,0.0,0.0,0.0
14.86;0.0,0.0,-0.3486900329589844;1.0,0.0,0.0,0.0
14.87;0.0,0.0,-0.3486900329589844;1.0,0.0,0.0,0.0
14.88;0.0,0.0,-0.3486900329589844;1.0,0.0,0.0,0.0
14.89;0.0,0.0,-0.3486900329589844;1.0,0.0,0.0,0.0
14.9;0.0,0.0,-0.3486900329589844;1.0,0.0,0.0,0.0
14.91;0.0,0.0,-0.3486900329589844;1.0,0.0,0.0,0.0
14.92;0.0,0.0,-0.3486900329589844;1.0,0.0,0.0,0.0
14.93;0.0,0.0,-0.3486900329589844;1.0,0.0,0.0,0.0
14.94;0.0,0.0,-0.3486900329589844;1.0,0.0,0.0,0.0
14.95;0.0,0.0,-0.3486900329589844;1.0,0.0,0.0,0.0
14.96;0.0,0.0,-0.3486900329589844;1.0,0.0,0.0,0.0
14.97;0.0,0.0,-0.3486900329589844;1.0,0.0,0.0,0.0
14.98;0.0,0.0,-0.3486900329589844;1.0,0.0,0.0,0.0
14.99;0.0,0.0,-0.3486900329589844;1.0,0.0,0.0,0.0
