0.0;0.0,0.0,0.0;1.0,0.0,0.0,0.0
0.01;0.0,0.0,0.0;1.0,0.0,0.0,0.0
0.02;0.0,0.0,0.0;1.0,0.0,0.0,0.0
0.03;0.0,0.0,0.0;1.0,0.0,0.0,0.0
0.04;0.0,0.0,0.0;1.0,0.0,0.0,0.0
0.05;0.0,0.0,0.0;1.0,0.0,0.0,0.0
0.06;0.0,0.0,0.0;1.0,0.0,0.0,0.0
0.07;0.0,0.0,0.0;1.0,0.0,0.0,0.0
0.08;0.0,0.0,0.0;1.0,0.0,0.0,0.0
0.09;0.0,0.0,0.0;1.0,0.0,0.0,0.0
0.1;0.0,0.0,0.0;1.0,0.0,0.0,0.0
0.11;0.0,0.0,0.0;1.0,0.0,0.0,0.0
0.12;0.0,0.0,0.0;1.0,0.0,0.0,0.0
0.13;0.0,0.0,0.0;1.0,0.0,0.0,0.0
0.14;0.0,0.0,0.0;1.0,0.0,0.0,0.0
0.15;0.0,0.0,0.0;1.0,0.0,0.0,0.0
0.16;0.0,0.0,0.0;1.0,0.0,0.0,0.0
0.17;0.0,0.0,0.0;1.0,0.0,0.0,0.0
0.18;0.0,0.0,0.0;1.0,0.0,0.0,0.0
0.19;0.0,0.0,0.0;1.0,0.0,0.0,0.0
0.2;0.0,0.0,0.0;1.0,0.0,0.0,0.0
0.21;0.0,0.0,0.0;1.0,0.0,0.0,0.0
0.22;0.0,0.0,0.0;1.0,0.0,0.0,0.0
0.23;0.0,0.0,0.0;1.0,0.0,0.0,0.0
0.24;0.0,0.0,0.0;1.0,0.0,0.0,0.0
0.25;0.0,0.0,0.0;1.0,0.0,0.0,0.0
0.26;0.0,0.0,0.0;1.0,0.0,0.0,0.0
0.27;0.0,0.0,0.0;1.0,0.0,0.0,0.0
0.28;0.0,0.0,0.0;1.0,0.0,0.0,0.0
0.29;0.0,0.0,0.0;1.0,0.0,0.0,0.0
0.3;0.0,0.0,0.0;1.0,0.0,0.0,0.0
0.31;0.0,0.0,0.0;1.0,0.0,0.0,0.0
0.32;0.0,0.0,0.0;1.0,0.0,0.0,0.0
0.33;0.0,0.0,0.0;1.0,0.0,0.0,0.0
0.34;0.0,0.0,0.0;1.0,0.0,0.0,0.0
0.35;0.0,0.0,0.0;1.0,0.0,0.0,0.0
0.36;0.0,0.0,0.0;1.0,0.0,0.0,0.0
0.37;0.0,0.0,0.0;1.0,0.0,0.0,0.0
0.38;0.0,0.0,0.0;1.0,0.0,0.0,0.0
0.39;0.0,0.0,0.0;1.0,0.0,0.0,0.0
0.4;0.0,0.0,0.0;1.0,0.0,0.0,0.0
0.41;0.0,0.0,0.0;1.0,0.0,0.0,0.0
0.42;0.0,0.0,0.0;1.0,0.0,0.0,0.0
0.43;0.0,0.0,0.0;1.0,0.0,0.0,0.0
0.44;0.0,0.0,0.0;1.0,0.0,0.0,0.0
0.45;0.0,0.0,0.0;1.0,0.0,0.0,0.0
0.46;0.0,0.0,0.0;1.0,0.0,0.0,0.0
0.47;0.0,0.0,0.0;1.0,0.0,0.0,0.0
0.48;0.0,0.0,0.0;1.0,0.0,0.0,0.0
0.49;0.0,0.0,0.0;1.0,0.0,0.0,0.0
0.5;0.0,0.0,0.0;1.0,0.0,0.0,0.0
0.51;0.0,0.0,0.0;1.0,0.0,0.0,0.0
0.52;0.0,0.0,0.0;1.0,0.0,0.0,0.0
0.53;0.0,0.0,0.0;1.0,0.0,0.0,0.0
0.54;0.0,0.0,0.0;1.0,0.0,0.0,0.0
0.55;0.0,0.0,0.0;1.0,0.0,0.0,0.0
0.56;0.0,2.632432006066665e-05,-9.317927833762951e-06;1.0,0.0,0.0,0.0
0.57;0.0,0.00010492846195120364,-3.714116246555932e-05;1.0,0.0,0.0,0.0
0.58;0.0,0.00023525924189016223,-8.327388786710799e-05;1.0,0.0,0.0,0.0
0.59;0.0,0.00041676333057694137,-0.00014752025890629739;1.0,0.0,0.0,0.0
0.6;0.0,0.0006488875951617956,-0.00022968447592575103;1.0,0.0,0.0,0.0
0.61;0.0,0.0009310789173468947,-0.000329570728354156;1.0,0.0,0.0,0.0
0.62;0.0,0.0012627836549654603,-0.00044698314741253853;1.0,0.0,0.0,0.0
0.63;0.0,0.0016434489516541362,-0.0005817259079776704;1.0,0.0,0.0,0.0
0.64;0.0,0.0020725217182189226,-0.0007336032576858997;1.0,0.0,0.0,0.0
0.65;0.0,0.0025494482833892107,-0.0009024193277582526;1.0,0.0,0.0,0.0
0.66;0.0,0.003073676023632288,-0.001087978365831077;1.0,0.0,0.0,0.0
0.67;0.0,0.003644651034846902,-0.0012900843285024166;1.0,0.0,0.0,0.0
0.68;0.0,0.0042618196457624435,-0.001508541638031602;1.0,0.0,0.0,0.0
0.69;0.0,0.004924630280584097,-0.0017431542510166764;1.0,0.0,0.0,0.0
0.7;0.0,0.005632529500871897,-0.0019937269389629364;1.0,0.0,0.0,0.0
0.71;0.0,0.006384961772710085,-0.002260062610730529;1.0,0.0,0.0,0.0
0.72;0.0,0.007181377150118351,-0.0025419669691473246;1.0,0.0,0.0,0.0
0.73;0.0,0.008021218702197075,-0.0028392430394887924;1.0,0.0,0.0,0.0
0.74;0.0,0.00890393741428852,-0.0031516957096755505;1.0,0.0,0.0,0.0
0.75;0.0,0.009828977286815643,-0.003479128936305642;1.0,0.0,0.0,0.0
0.76;0.0,0.01079578511416912,-0.003821346443146467;1.0,0.0,0.0,0.0
0.77;0.0,0.011803808622062206,-0.004178152885288;1.0,0.0,0.0,0.0
0.78;0.0,0.012852492742240429,-0.004549352452158928;1.0,0.0,0.0,0.0
0.79;0.0,0.013941287994384766,-0.004934749100357294;1.0,0.0,0.0,0.0
0.8;0.0,0.015069636516273022,-0.005334146320819855;1.0,0.0,0.0,0.0
0.81;0.0,0.016236990690231323,-0.0057473513297736645;1.0,0.0,0.0,0.0
0.82;0.0,0.017442790791392326,-0.006174164358526468;1.0,0.0,0.0,0.0
0.83;0.0,0.018686488270759583,-0.0066143907606601715;1.0,0.0,0.0,0.0
0.84;0.0,0.01996752619743347,-0.0070678358897566795;1.0,0.0,0.0,0.0
0.85;0.0,0.02128535881638527,-0.00753430463373661;1.0,0.0,0.0,0.0
0.86;0.0,0.022639425471425056,-0.008013599552214146;1.0,0.0,0.0,0.0
0.87;0.0,0.024029171094298363,-0.008505522273480892;1.0,0.0,0.0,0.0
0.88;0.0,0.025454053655266762,-0.009009882807731628;1.0,0.0,0.0,0.0
0.89;0.0,0.026913508772850037,-0.009526480920612812;1.0,0.0,0.0,0.0
0.9;0.0,0.028406986966729164,-0.010055122897028923;1.0,0.0,0.0,0.0
0.91;0.0,0.029933936893939972,-0.010595612227916718;1.0,0.0,0.0,0.0
0.92;0.0,0.03149380534887314,-0.011147752404212952;1.0,0.0,0.0,0.0
0.93;0.0,0.033086035400629044,-0.011711347848176956;1.0,0.0,0.0,0.0
0.94;0.0,0.03471007198095322,-0.012286204844713211;1.0,0.0,0.0,0.0
0.95;0.0,0.03636537492275238,-0.012872125022113323;1.0,0.0,0.0,0.0
0.96;0.0,0.03805137053132057,-0.013468911871314049;1.0,0.0,0.0,0.0
0.97;0.0,0.03976752609014511,-0.014076372608542442;1.0,0.0,0.0,0.0
0.98;0.0,0.04151327535510063,-0.01469430886209011;1.0,0.0,0.0,0.0
0.99;0.0,0.04328806698322296,-0.015322526916861534;1.0,0.0,0.0,0.0
1.0;0.0,0.045091353356838226,-0.015960829332470894;1.0,0.0,0.0,0.0
1.01;0.0,0.046922579407691956,-0.01660902239382267;1.0,0.0,0.0,0.0
1.02;0.0,0.04878118634223938,-0.017266906797885895;1.0,0.0,0.0,0.0
1.03;0.0,0.050666626542806625,-0.017934288829565048;1.0,0.0,0.0,0.0
1.04;0.0,0.05257834866642952,-0.01861097291111946;1.0,0.0,0.0,0.0
1.05;0.0,0.0545157790184021,-0.019296759739518166;1.0,0.0,0.0,0.0
1.06;0.0,0.05647839605808258,-0.01999146305024624;1.0,0.0,0.0,0.0
1.07;0.0,0.058465633541345596,-0.020694877952337265;1.0,0.0,0.0,0.0
1.08;0.0,0.06047692522406578,-0.021406807005405426;1.0,0.0,0.0,0.0
1.09;0.0,0.06251173466444016,-0.02212706208229065;1.0,0.0,0.0,0.0
1.1;0.0,0.06456951051950455,-0.022855445742607117;1.0,0.0,0.0,0.0
1.11;0.0,0.0666496753692627,-0.02359175495803356;1.0,0.0,0.0,0.0
1.12;0.0,0.06875170767307281,-0.02433580346405506;1.0,0.0,0.0,0.0
1.13;0.0,0.07087504118680954,-0.025087391957640648;1.0,0.0,0.0,0.0
1.14;0.0,0.0730191096663475,-0.025846317410469055;1.0,0.0,0.0,0.0
1.15;0.0,0.07518337666988373,-0.02661239728331566;1.0,0.0,0.0,0.0
1.16;0.0,0.07736728340387344,-0.027385428547859192;1.0,0.0,0.0,0.0
1.17;0.0,0.07957027107477188,-0.028165213763713837;1.0,0.0,0.0,0.0
1.18;0.0,0.08179180324077606,-0.028951559215784073;1.0,0.0,0.0,0.0
1.19;0.0,0.08403130620718002,-0.02974427118897438;1.0,0.0,0.0,0.0
1.2;0.0,0.08628822863101959,-0.030543142929673195;1.0,0.0,0.0,0.0
1.21;0.0,0.08856203407049179,-0.03134799748659134;1.0,0.0,0.0,0.0
1.22;0.0,0.09085216373205185,-0.03215862438082695;1.0,0.0,0.0,0.0
1.23;0.0,0.0931580513715744,-0.03297483175992966;1.0,0.0,0.0,0.0
1.24;0.0,0.09547915309667587,-0.03379642590880394;1.0,0.0,0.0,0.0
1.25;0.0,0.09781493246555328,-0.03462320938706398;1.0,0.0,0.0,0.0
1.26;0.0,0.10016479343175888,-0.03545498475432396;1.0,0.0,0.0,0.0
1.27;0.0,0.10252821445465088,-0.03629155829548836;1.0,0.0,0.0,0.0
1.28;0.0,0.1049046516418457,-0.037132732570171356;1.0,0.0,0.0,0.0
1.29;0.0,0.1072935238480568,-0.037978313863277435;1.0,0.0,0.0,0.0
1.3;0.0,0.10969428718090057,-0.038828108459711075;1.0,0.0,0.0,0.0
1.31;0.0,0.11210641264915466,-0.03968191146850586;1.0,0.0,0.0,0.0
1.32;0.0,0.11452928930521011,-0.04053953289985657;1.0,0.0,0.0,0.0
1.33;0.0,0.11696243286132812,-0.041400786489248276;1.0,0.0,0.0,0.0
1.34;0.0,0.11940525472164154,-0.04226546362042427;1.0,0.0,0.0,0.0
1.35;0.0,0.12185719609260559,-0.04313337057828903;1.0,0.0,0.0,0.0
1.36;0.0,0.1243177205324173,-0.04400430619716644;1.0,0.0,0.0,0.0
1.37;0.0,0.1267862468957901,-0.04487808793783188;1.0,0.0,0.0,0.0
1.38;0.0,0.12926225364208221,-0.04575451463460922;1.0,0.0,0.0,0.0
1.39;0.0,0.13174518942832947,-0.04663338512182236;1.0,0.0,0.0,0.0
1.4;0.0,0.1342344731092453,-0.04751450940966606;1.0,0.0,0.0,0.0
1.41;0.0,0.13672956824302673,-0.04839768260717392;1.0,0.0,0.0,0.0
1.42;0.0,0.1392299085855484,-0.049282729625701904;1.0,0.0,0.0,0.0
1.43;0.0,0.14173497259616852,-0.050169430673122406;1.0,0.0,0.0,0.0
1.44;0.0,0.14424416422843933,-0.0510575994849205;1.0,0.0,0.0,0.0
1.45;0.0,0.14675696194171906,-0.051947057247161865;1.0,0.0,0.0,0.0
1.46;0.0,0.14927279949188232,-0.05283758044242859;1.0,0.0,0.0,0.0
1.47;0.0,0.15179112553596497,-0.05372897535562515;1.0,0.0,0.0,0.0
1.48;0.0,0.154311403632164,-0.05462107062339783;1.0,0.0,0.0,0.0
1.49;0.0,0.15683305263519287,-0.0555136539041996;1.0,0.0,0.0,0.0
1.5;0.0,0.1593555212020874,-0.056406520307064056;1.0,0.0,0.0,0.0
1.51;0.0,0.1618782877922058,-0.05729948729276657;1.0,0.0,0.0,0.0
1.52;0.0,0.16440075635910034,-0.058192357420921326;1.0,0.0,0.0,0.0
1.53;0.0,0.1669224202632904,-0.0590849444270134;1.0,0.0,0.0,0.0
1.54;0.0,0.16944268345832825,-0.059977032244205475;1.0,0.0,0.0,0.0
1.55;0.0,0.17196103930473328,-0.06086844578385353;1.0,0.0,0.0,0.0
1.56;0.0,0.17447686195373535,-0.061758965253829956;1.0,0.0,0.0,0.0
1.57;0.0,0.1769896298646927,-0.06264840811491013;1.0,0.0,0.0,0.0
1.58;0.0,0.1794988214969635,-0.06353658437728882;1.0,0.0,0.0,0.0
1.59;0.0,0.18200388550758362,-0.06442328542470932;1.0,0.0,0.0,0.0
1.6;0.0,0.18450424075126648,-0.06530832499265671;1.0,0.0,0.0,0.0
1.61;0.0,0.1869993656873703,-0.06619150936603546;1.0,0.0,0.0,0.0
1.62;0.0,0.18948864936828613,-0.06707264482975006;1.0,0.0,0.0,0.0
1.63;0.0,0.1919715404510498,-0.067951500415802;1.0,0.0,0.0,0.0
1.64;0.0,0.19444754719734192,-0.06882792711257935;1.0,0.0,0.0,0.0
1.65;0.0,0.1969161033630371,-0.06970170140266418;1.0,0.0,0.0,0.0
1.66;0.0,0.19937661290168762,-0.07057265192270279;1.0,0.0,0.0,0.0
1.67;0.0,0.20182856917381287,-0.07144055515527725;1.0,0.0,0.0,0.0
1.68;0.0,0.2042713761329651,-0.07230523228645325;1.0,0.0,0.0,0.0
1.69;0.0,0.20670448243618011,-0.07316647469997406;1.0,0.0,0.0,0.0
1.7;0.0,0.20912742614746094,-0.07402410358190536;1.0,0.0,0.0,0.0
1.71;0.0,0.21153950691223145,-0.07487790286540985;1.0,0.0,0.0,0.0
1.72;0.0,0.21394029259681702,-0.07572770118713379;1.0,0.0,0.0,0.0
1.73;0.0,0.2163291573524475,-0.07657328248023987;1.0,0.0,0.0,0.0
1.74;0.0,0.21870560944080353,-0.07741446793079376;1.0,0.0,0.0,0.0
1.75;0.0,0.22106899321079254,-0.07825102657079697;1.0,0.0,0.0,0.0
1.76;0.0,0.22341887652873993,-0.07908280193805695;1.0,0.0,0.0,0.0
1.77;0.0,0.22575464844703674,-0.07990958541631699;1.0,0.0,0.0,0.0
1.78;0.0,0.2280757576227188,-0.08073117583990097;1.0,0.0,0.0,0.0
1.79;0.0,0.23038166761398315,-0.08154739439487457;1.0,0.0,0.0,0.0
1.8;0.0,0.23267178237438202,-0.08235802501440048;1.0,0.0,0.0,0.0
1.81;0.0,0.23494558036327362,-0.08316286653280258;1.0,0.0,0.0,0.0
1.82;0.0,0.2372025102376938,-0.08396174758672714;1.0,0.0,0.0,0.0
1.83;0.0,0.23944200575351715,-0.08475446701049805;1.0,0.0,0.0,0.0
1.84;0.0,0.24166354537010193,-0.08554080873727798;1.0,0.0,0.0,0.0
1.85;0.0,0.24386653304100037,-0.08632059395313263;1.0,0.0,0.0,0.0
1.86;0.0,0.2460504174232483,-0.08709360659122467;1.0,0.0,0.0,0.0
1.87;0.0,0.24821467697620392,-0.08785969763994217;1.0,0.0,0.0,0.0
1.88;0.0,0.2503587603569031,-0.08861862123012543;1.0,0.0,0.0,0.0
1.89;0.0,0.2524820864200592,-0.08937021344900131;1.0,0.0,0.0,0.0
1.9;0.0,0.25458410382270813,-0.09011425822973251;1.0,0.0,0.0,0.0
1.91;0.0,0.25666430592536926,-0.09085056185722351;1.0,0.0,0.0,0.0
1.92;0.0,0.25872206687927246,-0.09157894551753998;1.0,0.0,0.0,0.0
1.93;0.0,0.26075685024261475,-0.0922992005944252;1.0,0.0,0.0,0.0
1.94;0.0,0.2627681493759155,-0.09301114082336426;1.0,0.0,0.0,0.0
1.95;0.0,0.2647554278373718,-0.09371455758810043;1.0,0.0,0.0,0.0
1.96;0.0,0.2667180299758911,-0.0944092646241188;1.0,0.0,0.0,0.0
1.97;0.0,0.2686554789543152,-0.09509504586458206;1.0,0.0,0.0,0.0
1.98;0.0,0.2705671489238739,-0.09577172994613647;1.0,0.0,0.0,0.0
1.99;0.0,0.27245259284973145,-0.09643911570310593;1.0,0.0,0.0,0.0
2.0;0.0,0.27431121468544006,-0.0970969945192337;1.0,0.0,0.0,0.0
2.01;0.0,0.2761424481868744,-0.09774518013000488;1.0,0.0,0.0,0.0
2.02;0.0,0.27794572710990906,-0.09838348627090454;1.0,0.0,0.0,0.0
2.03;0.0,0.2797205150127411,-0.09901171922683716;1.0,0.0,0.0,0.0
2.04;0.0,0.2814663052558899,-0.09962964802980423;1.0,0.0,0.0,0.0
2.05;0.0,0.28318241238594055,-0.10023710876703262;1.0,0.0,0.0,0.0
2.06;0.0,0.2848684787750244,-0.10083390772342682;1.0,0.0,0.0,0.0
2.07;0.0,0.2865237295627594,-0.10141979902982712;1.0,0.0,0.0,0.0
2.08;0.0,0.28814777731895447,-0.10199467837810516;1.0,0.0,0.0,0.0
2.09;0.0,0.2897399961948395,-0.10255827009677887;1.0,0.0,0.0,0.0
2.1;0.0,0.29129984974861145,-0.10311039537191391;1.0,0.0,0.0,0.0
2.11;0.0,0.2928268015384674,-0.10365089774131775;1.0,0.0,0.0,0.0
2.12;0.0,0.2943202555179596,-0.10417953133583069;1.0,0.0,0.0,0.0
2.13;0.0,0.2957797646522522,-0.10469613969326019;1.0,0.0,0.0,0.0
2.14;0.0,0.2972046136856079,-0.10520049929618835;1.0,0.0,0.0,0.0
2.15;0.0,0.2985944151878357,-0.10569243133068085;1.0,0.0,0.0,0.0
2.16;0.0,0.29994842410087585,-0.10617171227931976;1.0,0.0,0.0,0.0
2.17;0.0,0.30126631259918213,-0.10663817822933197;1.0,0.0,0.0,0.0
2.18;0.0,0.30254730582237244,-0.10709162056446075;1.0,0.0,0.0,0.0
2.19;0.0,0.30379098653793335,-0.1075318455696106;1.0,0.0,0.0,0.0
2.2;0.0,0.3049968183040619,-0.10795867443084717;1.0,0.0,0.0,0.0
2.21;0.0,0.3061641752719879,-0.10837188363075256;1.0,0.0,0.0,0.0
2.22;0.0,0.30729252099990845,-0.10877126455307007;1.0,0.0,0.0,0.0
2.23;0.0,0.3083813190460205,-0.10915668308734894;1.0,0.0,0.0,0.0
2.24;0.0,0.30943000316619873,-0.10952788591384888;1.0,0.0,0.0,0.0
2.25;0.0,0.31043803691864014,-0.10988467931747437;1.0,0.0,0.0,0.0
2.26;0.0,0.31140485405921936,-0.11022688448429108;1.0,0.0,0.0,0.0
2.27;0.0,0.31232988834381104,-0.11055430769920349;1.0,0.0,0.0,0.0
2.28;0.0,0.3132126033306122,-0.11086677014827728;1.0,0.0,0.0,0.0
2.29;0.0,0.31405243277549744,-0.11116406321525574;1.0,0.0,0.0,0.0
2.3;0.0,0.3148488402366638,-0.11144594848155975;1.0,0.0,0.0,0.0
2.31;0.0,0.31560128927230835,-0.11171227693557739;1.0,0.0,0.0,0.0
2.32;0.0,0.3163091540336609,-0.11196285486221313;1.0,0.0,0.0,0.0
2.33;0.0,0.31697195768356323,-0.11219745874404907;1.0,0.0,0.0,0.0
2.34;0.0,0.3175891637802124,-0.11241595447063446;1.0,0.0,0.0,0.0
2.35;0.0,0.31816011667251587,-0.11261805891990662;1.0,0.0,0.0,0.0
2.36;0.0,0.31868433952331543,-0.11280359327793121;1.0,0.0,0.0,0.0
2.37;0.0,0.31916123628616333,-0.11297242343425751;1.0,0.0,0.0,0.0
2.38;0.0,0.31959033012390137,-0.1131243109703064;1.0,0.0,0.0,0.0
2.39;0.0,0.3199710249900818,-0.11325903236865997;1.0,0.0,0.0,0.0
2.4;0.0,0.32030272483825684,-0.1133764386177063;1.0,0.0,0.0,0.0
2.41;0.0,0.3205849528312683,-0.11347635090351105;1.0,0.0,0.0,0.0
2.42;0.0,0.3208170533180237,-0.11355851590633392;1.0,0.0,0.0,0.0
2.43;0.0,0.32099854946136475,-0.1136227548122406;1.0,0.0,0.0,0.0
2.44;0.0,0.3211289048194885,-0.11366888880729675;1.0,0.0,0.0,0.0
2.45;0.0,0.3212074637413025,-0.11369670927524567;1.0,0.0,0.0,0.0
2.46;0.0,0.3212338089942932,-0.11370601505041122;1.0,0.0,0.0,0.0
2.47;0.0,0.3211994171142578,-0.11369383335113525;1.0,0.0,0.0,0.0
2.48;0.0,0.3210966885089874,-0.11365747451782227;1.0,0.0,0.0,0.0
2.49;0.0,0.3209265470504761,-0.11359725147485733;1.0,0.0,0.0,0.0
2.5;0.0,0.32068973779678345,-0.11351343989372253;1.0,0.0,0.0,0.0
2.51;0.0,0.32038718461990356,-0.11340633779764175;1.0,0.0,0.0,0.0
2.52;0.0,0.3200196325778961,-0.11327623575925827;1.0,0.0,0.0,0.0
2.53;0.0,0.31958794593811035,-0.11312343180179596;1.0,0.0,0.0,0.0
2.54;0.0,0.31909292936325073,-0.1129482090473175;1.0,0.0,0.0,0.0
2.55;0.0,0.3185354173183441,-0.11275088042020798;1.0,0.0,0.0,0.0
2.56;0.0,0.31791627407073975,-0.11253172159194946;1.0,0.0,0.0,0.0
2.57;0.0,0.3172362744808197,-0.11229102313518524;1.0,0.0,0.0,0.0
2.58;0.0,0.31649625301361084,-0.11202908307313919;1.0,0.0,0.0,0.0
2.59;0.0,0.3156971037387848,-0.11174619942903519;1.0,0.0,0.0,0.0
2.6;0.0,0.31483957171440125,-0.1114426702260971;1.0,0.0,0.0,0.0
2.61;0.0,0.31392452120780945,-0.11111877113580704;1.0,0.0,0.0,0.0
2.62;0.0,0.31295278668403625,-0.11077480018138885;1.0,0.0,0.0,0.0
2.63;0.0,0.31192514300346375,-0.11041106283664703;1.0,0.0,0.0,0.0
2.64;0.0,0.31084251403808594,-0.11002784222364426;1.0,0.0,0.0,0.0
2.65;0.0,0.3097056448459625,-0.1096254363656044;1.0,0.0,0.0,0.0
2.66;0.0,0.30851539969444275,-0.10920412093400955;1.0,0.0,0.0,0.0
2.67;0.0,0.30727261304855347,-0.10876420885324478;1.0,0.0,0.0,0.0
2.68;0.0,0.30597805976867676,-0.10830599069595337;1.0,0.0,0.0,0.0
2.69;0.0,0.30463260412216187,-0.1078297570347786;1.0,0.0,0.0,0.0
2.7;0.0,0.30323711037635803,-0.10733579099178314;1.0,0.0,0.0,0.0
2.71;0.0,0.30179235339164734,-0.10682439804077148;1.0,0.0,0.0,0.0
2.72;0.0,0.30029919743537903,-0.1062958687543869;1.0,0.0,0.0,0.0
2.73;0.0,0.2987584173679352,-0.10575048625469208;1.0,0.0,0.0,0.0
2.74;0.0,0.2971709072589874,-0.10518855601549149;1.0,0.0,0.0,0.0
2.75;0.0,0.29553744196891785,-0.1046103686094284;1.0,0.0,0.0,0.0
2.76;0.0,0.2938588857650757,-0.10401620715856552;1.0,0.0,0.0,0.0
2.77;0.0,0.292136013507843,-0.1034063771367073;1.0,0.0,0.0,0.0
2.78;0.0,0.29036974906921387,-0.10278116166591644;1.0,0.0,0.0,0.0
2.79;0.0,0.28856080770492554,-0.1021408662199974;1.0,0.0,0.0,0.0
2.8;0.0,0.28671008348464966,-0.10148577392101288;1.0,0.0,0.0,0.0
2.81;0.0,0.2848183810710907,-0.10081618279218674;1.0,0.0,0.0,0.0
2.82;0.0,0.2828865647315979,-0.10013237595558167;1.0,0.0,0.0,0.0
2.83;0.0,0.28091543912887573,-0.09943465143442154;1.0,0.0,0.0,0.0
2.84;0.0,0.2789057791233063,-0.09872330725193024;1.0,0.0,0.0,0.0
2.85;0.0,0.27685847878456116,-0.09799864143133163;1.0,0.0,0.0,0.0
2.86;0.0,0.27477437257766724,-0.09726092964410782;1.0,0.0,0.0,0.0
2.87;0.0,0.2726542353630066,-0.09651046991348267;1.0,0.0,0.0,0.0
2.88;0.0,0.27049893140792847,-0.09574756771326065;1.0,0.0,0.0,0.0
2.89;0.0,0.2683092951774597,-0.09497250616550446;1.0,0.0,0.0,0.0
2.9;0.0,0.2660861313343048,-0.09418557584285736;1.0,0.0,0.0,0.0
2.91;0.0,0.2638302445411682,-0.09338708221912384;1.0,0.0,0.0,0.0
2.92;0.0,0.26154252886772156,-0.09257729351520538;1.0,0.0,0.0,0.0
2.93;0.0,0.2592237591743469,-0.09175654500722885;1.0,0.0,0.0,0.0
2.94;0.0,0.25687479972839355,-0.09092508256435394;1.0,0.0,0.0,0.0
2.95;0.0,0.25449642539024353,-0.09008321911096573;1.0,0.0,0.0,0.0
2.96;0.0,0.2520895302295685,-0.08923125267028809;1.0,0.0,0.0,0.0
2.97;0.0,0.24965490400791168,-0.0883694738149643;1.0,0.0,0.0,0.0
2.98;0.0,0.2471933513879776,-0.08749817311763763;1.0,0.0,0.0,0.0
2.99;0.0,0.24470575153827667,-0.08661764115095139;1.0,0.0,0.0,0.0
3.0;0.0,0.24219287931919098,-0.08572817593812943;1.0,0.0,0.0,0.0
3.01;0.0,0.23965562880039215,-0.08483007550239563;1.0,0.0,0.0,0.0
3.02;0.0,0.23709475994110107,-0.08392361551523209;1.0,0.0,0.0,0.0
3.03;0.0,0.23451115190982819,-0.08300909399986267;1.0,0.0,0.0,0.0
3.04;0.0,0.23190560936927795,-0.08208682388067245;1.0,0.0,0.0,0.0
3.05;0.0,0.22927896678447723,-0.08115708082914352;1.0,0.0,0.0,0.0
3.06;0.0,0.2266320288181305,-0.08022014796733856;1.0,0.0,0.0,0.0
3.07;0.0,0.22396564483642578,-0.07927633821964264;1.0,0.0,0.0,0.0
3.08;0.0,0.22128063440322876,-0.07832594215869904;1.0,0.0,0.0,0.0
3.09;0.0,0.21857783198356628,-0.07736923545598984;1.0,0.0,0.0,0.0
3.1;0.0,0.2158580720424652,-0.07640653103590012;1.0,0.0,0.0,0.0
3.11;0.0,0.21312215924263,-0.07543811202049255;1.0,0.0,0.0,0.0
3.12;0.0,0.21037094295024872,-0.07446427643299103;1.0,0.0,0.0,0.0
3.13;0.0,0.207605242729187,-0.07348530739545822;1.0,0.0,0.0,0.0
3.14;0.0,0.20482587814331055,-0.07250150293111801;1.0,0.0,0.0,0.0
3.15;0.0,0.20203371345996857,-0.07151316851377487;1.0,0.0,0.0,0.0
3.16;0.0,0.19922950863838196,-0.07052057981491089;1.0,0.0,0.0,0.0
3.17;0.0,0.19641415774822235,-0.06952403485774994;1.0,0.0,0.0,0.0
3.18;0.0,0.19358843564987183,-0.0685238242149353;1.0,0.0,0.0,0.0
3.19;0.0,0.19075322151184082,-0.06752025336027145;1.0,0.0,0.0,0.0
3.2;0.0,0.1879093050956726,-0.06651360541582108;1.0,0.0,0.0,0.0
3.21;0.0,0.18505752086639404,-0.06550416350364685;1.0,0.0,0.0,0.0
3.22;0.0,0.18219870328903198,-0.06449224054813385;1.0,0.0,0.0,0.0
3.23;0.0,0.17933368682861328,-0.06347811967134476;1.0,0.0,0.0,0.0
3.24;0.0,0.1764632910490036,-0.06246209889650345;1.0,0.0,0.0,0.0
3.25;0.0,0.1735883355140686,-0.06144445762038231;1.0,0.0,0.0,0.0
3.26;0.0,0.17070966958999634,-0.06042550504207611;1.0,0.0,0.0,0.0
3.27;0.0,0.16782808303833008,-0.059405528008937836;1.0,0.0,0.0,0.0
3.28;0.0,0.16494444012641907,-0.058384813368320465;1.0,0.0,0.0,0.0
3.29;0.0,0.16205954551696777,-0.05736365541815758;1.0,0.0,0.0,0.0
3.3;0.0,0.15917424857616425,-0.05634235963225365;1.0,0.0,0.0,0.0
3.31;0.0,0.15628935396671295,-0.05532120168209076;1.0,0.0,0.0,0.0
3.32;0.0,0.15340572595596313,-0.05430048331618309;1.0,0.0,0.0,0.0
3.33;0.0,0.15052416920661926,-0.05328051373362541;1.0,0.0,0.0,0.0
3.34;0.0,0.1476454734802246,-0.05226154625415802;1.0,0.0,0.0,0.0
3.35;0.0,0.1447705328464508,-0.051243916153907776;1.0,0.0,0.0,0.0
3.36;0.0,0.14190012216567993,-0.05022789537906647;1.0,0.0,0.0,0.0
3.37;0.0,0.13903509080410004,-0.04921376332640648;1.0,0.0,0.0,0.0
3.38;0.0,0.13617628812789917,-0.048201847821474075;1.0,0.0,0.0,0.0
3.39;0.0,0.133324533700943,-0.047192420810461044;1.0,0.0,0.0,0.0
3.4;0.0,0.1304806023836136,-0.04618576541543007;1.0,0.0,0.0,0.0
3.41;0.0,0.1276453733444214,-0.04518218711018562;1.0,0.0,0.0,0.0
3.42;0.0,0.12481964379549026,-0.044181980192661285;1.0,0.0,0.0,0.0
3.43;0.0,0.12200428545475006,-0.04318543151021004;1.0,0.0,0.0,0.0
3.44;0.0,0.11920009553432465,-0.04219285026192665;1.0,0.0,0.0,0.0
3.45;0.0,0.11640791594982147,-0.04120450094342232;1.0,0.0,0.0,0.0
3.46;0.0,0.11362855136394501,-0.040220707654953;1.0,0.0,0.0,0.0
3.47;0.0,0.11086289584636688,-0.039241742342710495;1.0,0.0,0.0,0.0
3.48;0.0,0.10811164975166321,-0.03826790302991867;1.0,0.0,0.0,0.0
3.49;0.0,0.105375736951828,-0.03729948773980141;1.0,0.0,0.0,0.0
3.5;0.0,0.10265599191188812,-0.03633677586913109;1.0,0.0,0.0,0.0
3.51;0.0,0.09995318949222565,-0.035380084067583084;1.0,0.0,0.0,0.0
3.52;0.0,0.09726816415786743,-0.03442967310547829;1.0,0.0,0.0,0.0
3.53;0.0,0.09460178017616272,-0.03348586708307266;1.0,0.0,0.0,0.0
3.54;0.0,0.09195484220981598,-0.0325489342212677;1.0,0.0,0.0,0.0
3.55;0.0,0.08932819962501526,-0.03161919116973877;1.0,0.0,0.0,0.0
3.56;0.0,0.08672262728214264,-0.030696913599967957;1.0,0.0,0.0,0.0
3.57;0.0,0.08413903415203094,-0.029782399535179138;1.0,0.0,0.0,0.0
3.58;0.0,0.08157819509506226,-0.02887594699859619;1.0,0.0,0.0,0.0
3.59;0.0,0.07904088497161865,-0.027977831661701202;1.0,0.0,0.0,0.0
3.6;0.0,0.07652805745601654,-0.02708837389945984;1.0,0.0,0.0,0.0
3.61;0.0,0.074040487408638,-0.026207856833934784;1.0,0.0,0.0,0.0
3.62;0.0,0.07157890498638153,-0.025336533784866333;1.0,0.0,0.0,0.0
3.63;0.0,0.06914429366588593,-0.02447475492954254;1.0,0.0,0.0,0.0
3.64;0.0,0.06673736870288849,-0.023622795939445496;1.0,0.0,0.0,0.0
3.65;0.0,0.06435899436473846,-0.022780925035476685;1.0,0.0,0.0,0.0
3.66;0.0,0.06201004981994629,-0.02194947749376297;1.0,0.0,0.0,0.0
3.67;0.0,0.05969125032424927,-0.021128706634044647;1.0,0.0,0.0,0.0
3.68;0.0,0.057403564453125,-0.020318925380706787;1.0,0.0,0.0,0.0
3.69;0.0,0.0551476776599884,-0.019520439207553864;1.0,0.0,0.0,0.0
3.7;0.0,0.052924513816833496,-0.018733501434326172;1.0,0.0,0.0,0.0
3.71;0.0,0.05073484778404236,-0.017958447337150574;1.0,0.0,0.0,0.0
3.72;0.0,0.04857957363128662,-0.017195552587509155;1.0,0.0,0.0,0.0
3.73;0.0,0.046459466218948364,-0.01644507795572281;1.0,0.0,0.0,0.0
3.74;0.0,0.044375330209732056,-0.015707366168498993;1.0,0.0,0.0,0.0
3.75;0.0,0.04232802987098694,-0.014982692897319794;1.0,0.0,0.0,0.0
3.76;0.0,0.04031836986541748,-0.014271356165409088;1.0,0.0,0.0,0.0
3.77;0.0,0.03834724426269531,-0.013573646545410156;1.0,0.0,0.0,0.0
3.78;0.0,0.03641536831855774,-0.012889832258224487;1.0,0.0,0.0,0.0
3.79;0.0,0.034523725509643555,-0.012220248579978943;1.0,0.0,0.0,0.0
3.8;0.0,0.032673001289367676,-0.011565141379833221;1.0,0.0,0.0,0.0
3.81;0.0,0.030864059925079346,-0.010924845933914185;1.0,0.0,0.0,0.0
3.82;0.0,0.029097795486450195,-0.010299637913703918;1.0,0.0,0.0,0.0
3.83;0.0,0.02737492322921753,-0.009689800441265106;1.0,0.0,0.0,0.0
3.84;0.0,0.025696367025375366,-0.009095646440982819;1.0,0.0,0.0,0.0
3.85;0.0,0.024062931537628174,-0.008517466485500336;1.0,0.0,0.0,0.0
3.86;0.0,0.022475361824035645,-0.00795552134513855;1.0,0.0,0.0,0.0
3.87;0.0,0.020934641361236572,-0.007410168647766113;1.0,0.0,0.0,0.0
3.88;0.0,0.01944148540496826,-0.006881624460220337;1.0,0.0,0.0,0.0
3.89;0.0,0.01799669861793518,-0.006370216608047485;1.0,0.0,0.0,0.0
3.9;0.0,0.016601204872131348,-0.005876258015632629;1.0,0.0,0.0,0.0
3.91;0.0,0.015255779027938843,-0.005400016903877258;1.0,0.0,0.0,0.0
3.92;0.0,0.013961225748062134,-0.004941806197166443;1.0,0.0,0.0,0.0
3.93;0.0,0.012718409299850464,-0.0045018792152404785;1.0,0.0,0.0,0.0
3.94;0.0,0.011528193950653076,-0.004080593585968018;1.0,0.0,0.0,0.0
3.95;0.0,0.010391324758529663,-0.003678157925605774;1.0,0.0,0.0,0.0
3.96;0.0,0.009308695793151855,-0.0032949447631835938;1.0,0.0,0.0,0.0
3.97;0.0,0.008281081914901733,-0.0029312074184417725;1.0,0.0,0.0,0.0
3.98;0.0,0.007309317588806152,-0.002587258815765381;1.0,0.0,0.0,0.0
3.99;0.0,0.006394237279891968,-0.0022633373737335205;1.0,0.0,0.0,0.0
4.0;0.0,0.0055367350578308105,-0.0019598007202148438;1.0,0.0,0.0,0.0
4.01;0.0,0.004737555980682373,-0.0016769468784332275;1.0,0.0,0.0,0.0
4.02;0.0,0.0039975643157958984,-0.0014149993658065796;1.0,0.0,0.0,0.0
4.03;0.0,0.003317534923553467,-0.0011743009090423584;1.0,0.0,0.0,0.0
4.04;0.0,0.002698361873626709,-0.0009551346302032471;1.0,0.0,0.0,0.0
4.05;0.0,0.0021408796310424805,-0.0007577985525131226;1.0,0.0,0.0,0.0
4.06;0.0,0.0016458630561828613,-0.000582575798034668;1.0,0.0,0.0,0.0
4.07;0.0,0.001214146614074707,-0.0004297792911529541;1.0,0.0,0.0,0.0
4.08;0.0,0.0008466243743896484,-0.00029969215393066406;1.0,0.0,0.0,0.0
4.09;0.0,0.0005440711975097656,-0.00019259750843048096;1.0,0.0,0.0,0.0
4.1;0.0,0.00030726194381713867,-0.00010877847671508789;1.0,0.0,0.0,0.0
4.11;0.0,0.00013715028762817383,-4.8533082008361816e-05;1.0,0.0,0.0,0.0
4.12;0.0,3.445148468017578e-05,-1.2189149856567383e-05;1.0,0.0,0.0,0.0
4.13;0.0,0.0,0.0;1.0,0.0,0.0,0.0
4.14;0.0,0.0,0.0;1.0,0.0,0.0,0.0
4.15;0.0,0.0,0.0;1.0,0.0,0.0,0.0
4.16;0.0,0.0,0.0;1.0,0.0,0.0,0.0
4.17;0.0,0.0,0.0;1.0,0.0,0.0,0.0
4.18;0.0,0.0,0.0;1.0,0.0,0.0,0.0
4.19;0.0,0.0,0.0;1.0,0.0,0.0,0.0
4.2;0.0,0.0,0.0;1.0,0.0,0.0,0.0
4.21;0.0,0.0,0.0;1.0,0.0,0.0,0.0
4.22;0.0,0.0,0.0;1.0,0.0,0.0,0.0
4.23;0.0,0.0,0.0;1.0,0.0,0.0,0.0
4.24;0.0,0.0,0.0;1.0,0.0,0.0,0.0
4.25;0.0,0.0,0.0;1.0,0.0,0.0,0.0
4.26;0.0,0.0,0.0;1.0,0.0,0.0,0.0
4.27;0.0,0.0,0.0;1.0,0.0,0.0,0.0
4.28;0.0,0.0,0.0;1.0,0.0,0.0,0.0
4.29;0.0,0.0,0.0;1.0,0.0,0.0,0.0
4.3;0.0,0.0,0.0;1.0,0.0,0.0,0.0
4.31;0.0,0.0,0.0;1.0,0.0,0.0,0.0
4.32;0.0,0.0,0.0;1.0,0.0,0.0,0.0
4.33;0.0,0.0,0.0;1.0,0.0,0.0,0.0
4.34;0.0,0.0,0.0;1.0,0.0,0.0,0.0
4.35;0.0,0.0,0.0;1.0,0.0,0.0,0.0
4.36;0.0,0.0,0.0;1.0,0.0,0.0,0.0
4.37;0.0,0.0,0.0;1.0,0.0,0.0,0.0
4.38;0.0,0.0,0.0;1.0,0.0,0.0,0.0
4.39;0.0,0.0,0.0;1.0,0.0,0.0,0.0
4.4;0.0,0.0,0.0;1.0,0.0,0.0,0.0
4.41;0.0,0.0,0.0;1.0,0.0,0.0,0.0
4.42;0.0,0.0,0.0;1.0,0.0,0.0,0.0
4.43;0.0,0.0,0.0;1.0,0.0,0.0,0.0
4.44;0.0,0.0,0.0;1.0,0.0,0.0,0.0
4.45;0.0,0.0,0.0;1.0,0.0,0.0,0.0
4.46;0.0,0.0,0.0;1.0,0.0,0.0,0.0
4.47;0.0,0.0,0.0;1.0,0.0,0.0,0.0
4.48;0.0,0.0,0.0;1.0,0.0,0.0,0.0
4.49;0.0,0.0,0.0;1.0,0.0,0.0,0.0
4.5;0.0,0.0,0.0;1.0,0.0,0.0,0.0
4.51;0.0,0.0,0.0;1.0,0.0,0.0,0.0
4.52;0.0,0.0,0.0;1.0,0.0,0.0,0.0
4.53;0.0,0.0,0.0;1.0,0.0,0.0,0.0
4.54;0.0,0.0,0.0;1.0,0.0,0.0,0.0
4.55;0.0,0.0,0.0;1.0,0.0,0.0,0.0
4.56;0.0,0.0,0.0;1.0,0.0,0.0,0.0
4.57;0.0,0.0,0.0;1.0,0.0,0.0,0.0
4.58;0.0,0.0,0.0;1.0,0.0,0.0,0.0
4.59;0.0,0.0,0.0;1.0,0.0,0.0,0.0
4.6;0.0,0.0,0.0;1.0,0.0,0.0,0.0
4.61;0.0,0.0,0.0;1.0,0.0,0.0,0.0
4.62;0.0,0.0,0.0;1.0,0.0,0.0,0.0
4.63;0.0,0.0,0.0;1.0,0.0,0.0,0.0
4.64;0.0,0.0,0.0;1.0,0.0,0.0,0.0
4.65;0.0,0.0,0.0;1.0,0.0,0.0,0.0
4.66;0.0,0.0,0.0;1.0,0.0,0.0,0.0
4.67;0.0,0.0,0.0;1.0,0.0,0.0,0.0
4.68;0.0,0.0,0.0;1.0,0.0,0.0,0.0
4.69;0.0,0.0,0.0;1.0,0.0,0.0,0.0
4.7;0.0,0.0,0.0;1.0,0.0,0.0,0.0
4.71;0.0,0.0,0.0;1.0,0.0,0.0,0.0
4.72;0.0,0.0,0.0;1.0,0.0,0.0,0.0
4.73;0.0,0.0,0.0;1.0,0.0,0.0,0.0
4.74;0.0,0.0,0.0;1.0,0.0,0.0,0.0
4.75;0.0,0.0,0.0;1.0,0.0,0.0,0.0
4.76;0.0,0.0,0.0;1.0,0.0,0.0,0.0
4.77;0.0,0.0,0.0;1.0,0.0,0.0,0.0
4.78;0.0,0.0,0.0;1.0,0.0,0.0,0.0
4.79;0.0,0.0,0.0;1.0,0.0,0.0,0.0
4.8;0.0,0.0,0.0;1.0,0.0,0.0,0.0
4.81;0.0,0.0,0.0;1.0,0.0,0.0,0.0
4.82;0.0,0.0,0.0;1.0,0.0,0.0,0.0
4.83;0.0,0.0,0.0;1.0,0.0,0.0,0.0
4.84;0.0,0.0,0.0;1.0,0.0,0.0,0.0
4.85;0.0,0.0,0.0;1.0,0.0,0.0,0.0
4.86;0.0,0.0,0.0;1.0,0.0,0.0,0.0
4.87;0.0,0.0,0.0;1.0,0.0,0.0,0.0
4.88;0.0,0.0,0.0;1.0,0.0,0.0,0.0
4.89;0.0,0.0,0.0;1.0,0.0,0.0,0.0
4.9;0.0,0.0,0.0;1.0,0.0,0.0,0.0
4.91;0.0,0.0,0.0;1.0,0.0,0.0,0.0
4.92;0.0,0.0,0.0;1.0,0.0,0.0,0.0
4.93;0.0,0.0,0.0;1.0,0.0,0.0,0.0
4.94;0.0,0.0,0.0;1.0,0.0,0.0,0.0
4.95;0.0,0.0,0.0;1.0,0.0,0.0,0.0
4.96;0.0,0.0,0.0;1.0,0.0,0.0,0.0
4.97;0.0,0.0,0.0;1.0,0.0,0.0,0.0
4.98;0.0,0.0,0.0;1.0,0.0,0.0,0.0
4.99;0.0,0.0,0.0;1.0,0.0,0.0,0.0
5.0;0.0,0.0,0.0;1.0,0.0,0.0,0.0
5.01;0.0,0.0,0.0;1.0,0.0,0.0,0.0
5.02;0.0,0.0,0.0;1.0,0.0,0.0,0.0
5.03;0.0,0.0,0.0;1.0,0.0,0.0,0.0
5.04;0.0,0.0,0.0;1.0,0.0,0.0,0.0
5.05;0.0,0.0,0.0;1.0,0.0,0.0,0.0
5.06;0.0,0.0,0.0;1.0,0.0,0.0,0.0
5.07;0.0,0.0,0.0;1.0,0.0,0.0,0.0
5.08;0.0,0.0,0.0;1.0,0.0,0.0,0.0
5.09;0.0,0.0,0.0;1.0,0.0,0.0,0.0
5.1;0.0,0.0,0.0;1.0,0.0,0.0,0.0
5.11;0.0,0.0,0.0;1.0,0.0,0.0,0.0
5.12;0.0,0.0,0.0;1.0,0.0,0.0,0.0
5.13;0.0,0.0,0.0;1.0,0.0,0.0,0.0
5.14;0.0,0.0,0.0;1.0,0.0,0.0,0.0
5.15;0.0,0.0,0.0;1.0,0.0,0.0,0.0
5.16;0.0,0.0,0.0;1.0,0.0,0.0,0.0
5.17;0.0,0.0,0.0;1.0,0.0,0.0,0.0
5.18;0.0,0.0,0.0;1.0,0.0,0.0,0.0
5.19;0.0,0.0,0.0;1.0,0.0,0.0,0.0
5.2;0.0,0.0,0.0;1.0,0.0,0.0,0.0
5.21;0.0,0.0,0.0;1.0,0.0,0.0,0.0
5.22;0.0,0.0,0.0;1.0,0.0,0.0,0.0
5.23;0.0,0.0,0.0;1.0,0.0,0.0,0.0
5.24;0.0,0.0,0.0;1.0,0.0,0.0,0.0
5.25;0.0,0.0,0.0;1.0,0.0,0.0,0.0
5.26;0.0,0.0,0.0;1.0,0.0,0.0,0.0
5.27;0.0,0.0,0.0;1.0,0.0,0.0,0.0
5.28;0.0,0.0,0.0;1.0,0.0,0.0,0.0
5.29;0.0,0.0,0.0;1.0,0.0,0.0,0.0
5.3;0.0,0.0,0.0;1.0,0.0,0.0,0.0
5.31;0.0,0.0,0.0;1.0,0.0,0.0,0.0
5.32;0.0,0.0,0.0;1.0,0.0,0.0,0.0
5.33;0.0,0.0,0.0;1.0,0.0,0.0,0.0
5.34;0.0,0.0,0.0;1.0,0.0,0.0,0.0
5.35;0.0,0.0,0.0;1.0,0.0,0.0,0.0
5.36;0.0,0.0,0.0;1.0,0.0,0.0,0.0
5.37;0.0,0.0,0.0;1.0,0.0,0.0,0.0
5.38;0.0,0.0,0.0;1.0,0.0,0.0,0.0
5.39;0.0,0.0,0.0;1.0,0.0,0.0,0.0
5.4;0.0,0.0,0.0;1.0,0.0,0.0,0.0
5.41;0.0,0.0,0.0;1.0,0.0,0.0,0.0
5.42;0.0,0.0,0.0;1.0,0.0,0.0,0.0
5.43;0.0,0.0,0.0;1.0,0.0,0.0,0.0
5.44;0.0,0.0,0.0;1.0,0.0,0.0,0.0
5.45;0.0,0.0,0.0;1.0,0.0,0.0,0.0
5.46;0.0,0.0,0.0;1.0,0.0,0.0,0.0
5.47;0.0,0.0,0.0;1.0,0.0,0.0,0.0
5.48;0.0,0.0,0.0;1.0,0.0,0.0,0.0
5.49;0.0,0.0,0.0;1.0,0.0,0.0,0.0
5.5;0.0,0.0,0.0;1.0,0.0,0.0,0.0
5.51;0.0,0.0,0.0;1.0,0.0,0.0,0.0
5.52;0.0,0.0,0.0;1.0,0.0,0.0,0.0
5.53;0.0,0.0,0.0;1.0,0.0,0.0,0.0
5.54;0.0,0.0,0.0;1.0,0.0,0.0,0.0
5.55;0.0,0.0,0.0;1.0,0.0,0.0,0.0
5.56;0.0,0.0,0.0;1.0,0.0,0.0,0.0
5.57;0.0,0.0,0.0;1.0,0.0,0.0,0.0
5.58;0.0,0.0,0.0;1.0,0.0,0.0,0.0
5.59;0.0,0.0,0.0;1.0,0.0,0.0,0.0
5.6;0.0,0.0,0.0;1.0,0.0,0.0,0.0
5.61;0.0,0.0,0.0;1.0,0.0,0.0,0.0
5.62;0.0,0.0,0.0;1.0,0.0,0.0,0.0
5.63;0.0,0.0,0.0;1.0,0.0,0.0,0.0
5.64;0.0,0.0,0.0;1.0,0.0,0.0,0.0
5.65;0.0,0.0,0.0;1.0,0.0,0.0,0.0
5.66;0.0,0.0,0.0;1.0,0.0,0.0,0.0
5.67;0.0,0.0,0.0;1.0,0.0,0.0,0.0
5.68;0.0,0.0,0.0;1.0,0.0,0.0,0.0
5.69;0.0,0.0,0.0;1.0,0.0,0.0,0.0
5.7;0.0,0.0,0.0;1.0,0.0,0.0,0.0
5.71;0.0,0.0,0.0;1.0,0.0,0.0,0.0
5.72;0.0,0.0,0.0;1.0,0.0,0.0,0.0
5.73;0.0,0.0,0.0;1.0,0.0,0.0,0.0
5.74;0.0,0.0,0.0;1.0,0.0,0.0,0.0
5.75;0.0,0.0,0.0;1.0,0.0,0.0,0.0
5.76;0.0,0.0,0.0;1.0,0.0,0.0,0.0
5.77;0.0,0.0,0.0;1.0,0.0,0.0,0.0
5.78;0.0,0.0,0.0;1.0,0.0,0.0,0.0
5.79;0.0,0.0,0.0;1.0,0.0,0.0,0.0
5.8;0.0,0.0,0.0;1.0,0.0,0.0,0.0
5.81;0.0,0.0,0.0;1.0,0.0,0.0,0.0
5.82;0.0,0.0,0.0;1.0,0.0,0.0,0.0
5.83;0.0,0.0,0.0;1.0,0.0,0.0,0.0
5.84;0.0,0.0,0.0;1.0,0.0,0.0,0.0
5.85;0.0,0.0,0.0;1.0,0.0,0.0,0.0
5.86;0.0,0.0,0.0;1.0,0.0,0.0,0.0
5.87;0.0,0.0,0.0;1.0,0.0,0.0,0.0
5.88;0.0,0.0,0.0;1.0,0.0,0.0,0.0
5.89;0.0,0.0,0.0;1.0,0.0,0.0,0.0
5.9;0.0,0.0,0.0;1.0,0.0,0.0,0.0
5.91;0.0,0.0,0.0;1.0,0.0,0.0,0.0
5.92;0.0,0.0,0.0;1.0,0.0,0.0,0.0
5.93;0.0,0.0,0.0;1.0,0.0,0.0,0.0
5.94;0.0,0.0,0.0;1.0,0.0,0.0,0.0
5.95;0.0,0.0,0.0;1.0,0.0,0.0,0.0
5.96;0.0,0.0,0.0;1.0,0.0,0.0,0.0
5.97;0.0,0.0,0.0;1.0,0.0,0.0,0.0
5.98;0.0,0.0,0.0;1.0,0.0,0.0,0.0
5.99;0.0,0.0,0.0;1.0,0.0,0.0,0.0
6.0;0.0,0.0,0.0;1.0,0.0,0.0,0.0
6.01;0.0,0.0,0.0;1.0,0.0,0.0,0.0
6.02;0.0,0.0,0.0;1.0,0.0,0.0,0.0
6.03;0.0,0.0,0.0;1.0,0.0,0.0,0.0
6.04;0.0,0.0,0.0;1.0,0.0,0.0,0.0
6.05;0.0,0.0,0.0;1.0,0.0,0.0,0.0
6.06;0.0,0.0,0.0;1.0,0.0,0.0,0.0
6.07;0.0,0.0,0.0;1.0,0.0,0.0,0.0
6.08;0.0,0.0,0.0;1.0,0.0,0.0,0.0
6.09;0.0,0.0,0.0;1.0,0.0,0.0,0.0
6.1;0.0,0.0,0.0;1.0,0.0,0.0,0.0
6.11;0.0,0.0,0.0;1.0,0.0,0.0,0.0
6.12;0.0,0.0,0.0;1.0,0.0,0.0,0.0
6.13;0.0,0.0,0.0;1.0,0.0,0.0,0.0
6.14;0.0,0.0,0.0;1.0,0.0,0.0,0.0
6.15;0.0,0.0,0.0;1.0,0.0,0.0,0.0
6.16;0.0,0.0,0.0;1.0,0.0,0.0,0.0
6.17;0.0,0.0,0.0;1.0,0.0,0.0,0.0
6.18;0.0,0.0,0.0;1.0,0.0,0.0,0.0
6.19;0.0,0.0,0.0;1.0,0.0,0.0,0.0
6.2;0.0,0.0,0.0;1.0,0.0,0.0,0.0
6.21;0.0,0.0,0.0;1.0,0.0,0.0,0.0
6.22;0.0,0.0,0.0;1.0,0.0,0.0,0.0
6.23;0.0,0.0,0.0;1.0,0.0,0.0,0.0
6.24;0.0,0.0,0.0;1.0,0.0,0.0,0.0
6.25;0.0,0.0,0.0;1.0,0.0,0.0,0.0
6.26;0.0,0.0,0.0;1.0,0.0,0.0,0.0
6.27;0.0,0.0,0.0;1.0,0.0,0.0,0.0
6.28;0.0,0.0,0.0;1.0,0.0,0.0,0.0
6.29;0.0,0.0,0.0;1.0,0.0,0.0,0.0
6.3;0.0,0.0,0.0;1.0,0.0,0.0,0.0
6.31;0.0,0.0,0.0;1.0,0.0,0.0,0.0
6.32;0.0,0.0,0.0;1.0,0.0,0.0,0.0
6.33;0.0,0.0,0.0;1.0,0.0,0.0,0.0
6.34;0.0,0.0,0.0;1.0,0.0,0.0,0.0
6.35;0.0,0.0,0.0;1.0,0.0,0.0,0.0
6.36;0.0,0.0,0.0;1.0,0.0,0.0,0.0
6.37;0.0,0.0,0.0;1.0,0.0,0.0,0.0
6.38;0.0,0.0,0.0;1.0,0.0,0.0,0.0
6.39;0.0,0.0,0.0;1.0,0.0,0.0,0.0
6.4;0.0,0.0,0.0;1.0,0.0,0.0,0.0
6.41;0.0,0.0,0.0;1.0,0.0,0.0,0.0
6.42;0.0,0.0,0.0;1.0,0.0,0.0,0.0
6.43;0.0,0.0,0.0;1.0,0.0,0.0,0.0
6.44;0.0,0.0,0.0;1.0,0.0,0.0,0.0
6.45;0.0,0.0,0.0;1.0,0.0,0.0,0.0
6.46;0.0,0.0,0.0;1.0,0.0,0.0,0.0
6.47;0.0,0.0,0.0;1.0,0.0,0.0,0.0
6.48;0.0,0.0,0.0;1.0,0.0,0.0,0.0
6.49;0.0,0.0,0.0;1.0,0.0,0.0,0.0
6.5;0.0,0.0,0.0;1.0,0.0,0.0,0.0
6.51;0.0,0.0,0.0;1.0,0.0,0.0,0.0
6.52;0.0,0.0,0.0;1.0,0.0,0.0,0.0
6.53;0.0,0.0,0.0;1.0,0.0,0.0,0.0
6.54;0.0,0.0,0.0;1.0,0.0,0.0,0.0
6.55;0.0,0.0,0.0;1.0,0.0,0.0,0.0
6.56;0.0,0.0,0.0;1.0,0.0,0.0,0.0
6.57;0.0,0.0,0.0;1.0,0.0,0.0,0.0
6.58;0.0,0.0,0.0;1.0,0.0,0.0,0.0
6.59;0.0,0.0,0.0;1.0,0.0,0.0,0.0
6.6;0.0,0.0,0.0;1.0,0.0,0.0,0.0
6.61;0.0,0.0,0.0;1.0,0.0,0.0,0.0
6.62;0.0,0.0,0.0;1.0,0.0,0.0,0.0
6.63;0.0,0.0,0.0;1.0,0.0,0.0,0.0
6.64;0.0,0.0,0.0;1.0,0.0,0.0,0.0
6.65;0.0,0.0,0.0;1.0,0.0,0.0,0.0
6.66;0.0,0.0,0.0;1.0,0.0,0.0,0.0
6.67;0.0,0.0,0.0;1.0,0.0,0.0,0.0
6.68;0.0,0.0,0.0;1.0,0.0,0.0,0.0
6.69;0.0,1.77335041371407e-05,-1.7113588910433464e-05;1.0,0.0,0.0,0.0
6.7;0.0,7.067886326694861e-05,-6.820811540819705e-05;1.0,0.0,0.0,0.0
6.71;0.0,0.0001584533165441826,-0.00015291423187591136;1.0,0.0,0.0,0.0
6.72;0.0,0.00028067416860722005,-0.00027086256886832416;1.0,0.0,0.0,0.0
6.73;0.0,0.0004369586822576821,-0.0004216837987769395;1.0,0.0,0.0,0.0
6.74;0.0,0.0006269239820539951,-0.0006050084484741092;1.0,0.0,0.0,0.0
6.75;0.0,0.0008501876727677882,-0.0008204674813896418;1.0,0.0,0.0,0.0
6.76;0.0,0.001106366515159607,-0.0010676910169422626;1.0,0.0,0.0,0.0
6.77;0.0,0.0013950781431049109,-0.0013463101349771023;1.0,0.0,0.0,0.0
6.78;0.0,0.0017159399576485157,-0.001655955333262682;1.0,0.0,0.0,0.0
6.79;0.0,0.002068568719550967,-0.0019962573423981667;1.0,0.0,0.0,0.0
6.8;0.0,0.002452581888064742,-0.0023668461944907904;1.0,0.0,0.0,0.0
6.81;0.0,0.0028675971552729607,-0.0027673537842929363;1.0,0.0,0.0,0.0
6.82;0.0,0.0033132315147668123,-0.003197409911081195;1.0,0.0,0.0,0.0
6.83;0.0,0.003789101028814912,-0.0036566446069628;1.0,0.0,0.0,0.0
6.84;0.0,0.004294825252145529,-0.004144689533859491;1.0,0.0,0.0,0.0
6.85;0.0,0.004830020014196634,-0.004661175888031721;1.0,0.0,0.0,0.0
6.86;0.0,0.00539430184289813,-0.005205732304602861;1.0,0.0,0.0,0.0
6.87;0.0,0.005987290292978287,-0.005777990911155939;1.0,0.0,0.0,0.0
6.88;0.0,0.006608601193875074,-0.0063775829039514065;1.0,0.0,0.0,0.0
6.89;0.0,0.007257851306349039,-0.007004136685281992;1.0,0.0,0.0,0.0
6.9;0.0,0.007934659719467163,-0.007657285779714584;1.0,0.0,0.0,0.0
6.91;0.0,0.008638640865683556,-0.008336657658219337;1.0,0.0,0.0,0.0
6.92;0.0,0.009369413368403912,-0.009041884914040565;1.0,0.0,0.0,0.0
6.93;0.0,0.010126598179340363,-0.009772599674761295;1.0,0.0,0.0,0.0
6.94;0.0,0.010909805074334145,-0.010528428480029106;1.0,0.0,0.0,0.0
6.95;0.0,0.011718656867742538,-0.011309005320072174;1.0,0.0,0.0,0.0
6.96;0.0,0.012552770785987377,-0.012113960459828377;1.0,0.0,0.0,0.0
6.97;0.0,0.01341176126152277,-0.012942923232913017;1.0,0.0,0.0,0.0
6.98;0.0,0.014295244589447975,-0.013795522972941399;1.0,0.0,0.0,0.0
6.99;0.0,0.015202844515442848,-0.014671395532786846;1.0,0.0,0.0,0.0
7.0;0.0,0.016134172677993774,-0.01557016558945179;1.0,0.0,0.0,0.0
7.01;0.0,0.01708884723484516,-0.016491468995809555;1.0,0.0,0.0,0.0
7.02;0.0,0.018066488206386566,-0.01743493229150772;1.0,0.0,0.0,0.0
7.03;0.0,0.01906670816242695,-0.01840018853545189;1.0,0.0,0.0,0.0
7.04;0.0,0.020089125260710716,-0.019386865198612213;1.0,0.0,0.0,0.0
7.05;0.0,0.021133363246917725,-0.020394599065184593;1.0,0.0,0.0,0.0
7.06;0.0,0.022199029102921486,-0.021423012018203735;1.0,0.0,0.0,0.0
7.07;0.0,0.023285748437047005,-0.02247174270451069;1.0,0.0,0.0,0.0
7.08;0.0,0.02439313754439354,-0.023540422320365906;1.0,0.0,0.0,0.0
7.09;0.0,0.02552080899477005,-0.024628672748804092;1.0,0.0,0.0,0.0
7.1;0.0,0.026668382808566093,-0.02573613077402115;1.0,0.0,0.0,0.0
7.11;0.0,0.027835480868816376,-0.026862429454922676;1.0,0.0,0.0,0.0
7.12;0.0,0.02902171202003956,-0.02800719253718853;1.0,0.0,0.0,0.0
7.13;0.0,0.03022669441998005,-0.029170051217079163;1.0,0.0,0.0,0.0
7.14;0.0,0.0314500518143177,-0.030350644141435623;1.0,0.0,0.0,0.0
7.15;0.0,0.03269140049815178,-0.031548596918582916;1.0,0.0,0.0,0.0
7.16;0.0,0.03395034372806549,-0.0327635332942009;1.0,0.0,0.0,0.0
7.17;0.0,0.03522652015089989,-0.033995095640420914;1.0,0.0,0.0,0.0
7.18;0.0,0.03651954233646393,-0.035242918878793716;1.0,0.0,0.0,0.0
7.19;0.0,0.03782901167869568,-0.036506615579128265;1.0,0.0,0.0,0.0
7.2;0.0,0.03915455937385559,-0.03778582438826561;1.0,0.0,0.0,0.0
7.21;0.0,0.040495797991752625,-0.0390801727771759;1.0,0.0,0.0,0.0
7.22;0.0,0.04185234382748604,-0.040389303117990494;1.0,0.0,0.0,0.0
7.23;0.0,0.04322382062673569,-0.04171283543109894;1.0,0.0,0.0,0.0
7.24;0.0,0.04460984840989113,-0.043050408363342285;1.0,0.0,0.0,0.0
7.25;0.0,0.04601002484560013,-0.04440164566040039;1.0,0.0,0.0,0.0
7.26;0.0,0.047423988580703735,-0.04576617479324341;1.0,0.0,0.0,0.0
7.27;0.0,0.048851337283849716,-0.04714363068342209;1.0,0.0,0.0,0.0
7.28;0.0,0.05029170587658882,-0.04853364825248718;1.0,0.0,0.0,0.0
7.29;0.0,0.05174470320343971,-0.049935851246118546;1.0,0.0,0.0,0.0
7.3;0.0,0.05320995673537254,-0.051349882036447525;1.0,0.0,0.0,0.0
7.31;0.0,0.05468706786632538,-0.05277536064386368;1.0,0.0,0.0,0.0
7.32;0.0,0.05617566034197807,-0.05421191081404686;1.0,0.0,0.0,0.0
7.33;0.0,0.057675354182720184,-0.055659182369709015;1.0,0.0,0.0,0.0
7.34;0.0,0.05918576195836067,-0.0571167916059494;1.0,0.0,0.0,0.0
7.35;0.0,0.06070651859045029,-0.05858438089489937;1.0,0.0,0.0,0.0
7.36;0.0,0.0622372031211853,-0.06006156653165817;1.0,0.0,0.0,0.0
7.37;0.0,0.06377746164798737,-0.06154797971248627;1.0,0.0,0.0,0.0
7.38;0.0,0.06532691419124603,-0.0630432665348053;1.0,0.0,0.0,0.0
7.39;0.0,0.06688516587018967,-0.06454704701900482;1.0,0.0,0.0,0.0
7.4;0.0,0.06845183670520782,-0.06605894863605499;1.0,0.0,0.0,0.0
7.41;0.0,0.07002655416727066,-0.06757862120866776;1.0,0.0,0.0,0.0
7.42;0.0,0.07160891592502594,-0.06910566240549088;1.0,0.0,0.0,0.0
7.43;0.0,0.07319855690002441,-0.0706397294998169;1.0,0.0,0.0,0.0
7.44;0.0,0.07479506731033325,-0.07218044251203537;1.0,0.0,0.0,0.0
7.45;0.0,0.076398104429245,-0.07372744381427765;1.0,0.0,0.0,0.0
7.46;0.0,0.07800725847482681,-0.0752803385257721;1.0,0.0,0.0,0.0
7.47;0.0,0.07962216436862946,-0.07683879137039185;1.0,0.0,0.0,0.0
7.48;0.0,0.08124241232872009,-0.07840240746736526;1.0,0.0,0.0,0.0
7.49;0.0,0.08286764472723007,-0.0799708217382431;1.0,0.0,0.0,0.0
7.5;0.0,0.08449746668338776,-0.08154366910457611;1.0,0.0,0.0,0.0
7.51;0.0,0.0861315056681633,-0.08312058448791504;1.0,0.0,0.0,0.0
7.52;0.0,0.08776935935020447,-0.08470118790864944;1.0,0.0,0.0,0.0
7.53;0.0,0.0894106775522232,-0.08628512918949127;1.0,0.0,0.0,0.0
7.54;0.0,0.09105504304170609,-0.08787201344966888;1.0,0.0,0.0,0.0
7.55;0.0,0.09270209074020386,-0.08946149051189423;1.0,0.0,0.0,0.0
7.56;0.0,0.09435144066810608,-0.09105317294597626;1.0,0.0,0.0,0.0
7.57;0.0,0.09600269794464111,-0.09264670312404633;1.0,0.0,0.0,0.0
7.58;0.0,0.09765547513961792,-0.09424170851707458;1.0,0.0,0.0,0.0
7.59;0.0,0.09930941462516785,-0.09583783894777298;1.0,0.0,0.0,0.0
7.6;0.0,0.10096411406993866,-0.09743468463420868;1.0,0.0,0.0,0.0
7.61;0.0,0.10261920094490051,-0.09903191775083542;1.0,0.0,0.0,0.0
7.62;0.0,0.10427429527044296,-0.10062915086746216;1.0,0.0,0.0,0.0
7.63;0.0,0.10592898726463318,-0.10222601145505905;1.0,0.0,0.0,0.0
7.64;0.0,0.10758291184902191,-0.10382211208343506;1.0,0.0,0.0,0.0
7.65;0.0,0.10923570394515991,-0.10541711747646332;1.0,0.0,0.0,0.0
7.66;0.0,0.11088696122169495,-0.10701065510511398;1.0,0.0,0.0,0.0
7.67;0.0,0.11253631114959717,-0.1086023673415184;1.0,0.0,0.0,0.0
7.68;0.0,0.11418337374925613,-0.11019182950258255;1.0,0.0,0.0,0.0
7.69;0.0,0.11582772433757782,-0.11177871376276016;1.0,0.0,0.0,0.0
7.7;0.0,0.11746903508901596,-0.11336264759302139;1.0,0.0,0.0,0.0
7.71;0.0,0.11910688877105713,-0.1149432361125946;1.0,0.0,0.0,0.0
7.72;0.0,0.12074092775583267,-0.11652016639709473;1.0,0.0,0.0,0.0
7.73;0.0,0.12237075716257095,-0.11809300631284714;1.0,0.0,0.0,0.0
7.74;0.0,0.12399598211050034,-0.11966142058372498;1.0,0.0,0.0,0.0
7.75;0.0,0.12561623752117157,-0.12122504413127899;1.0,0.0,0.0,0.0
7.76;0.0,0.12723112106323242,-0.12278348952531815;1.0,0.0,0.0,0.0
7.77;0.0,0.12884029746055603,-0.12433639168739319;1.0,0.0,0.0,0.0
7.78;0.0,0.13044331967830658,-0.12588338553905487;1.0,0.0,0.0,0.0
7.79;0.0,0.132039874792099,-0.12742412090301514;1.0,0.0,0.0,0.0
7.8;0.0,0.13362950086593628,-0.12895818054676056;1.0,0.0,0.0,0.0
7.81;0.0,0.13521185517311096,-0.13048520684242249;1.0,0.0,0.0,0.0
7.82;0.0,0.1367865651845932,-0.13200488686561584;1.0,0.0,0.0,0.0
7.83;0.0,0.13835322856903076,-0.13351678848266602;1.0,0.0,0.0,0.0
7.84;0.0,0.139911487698555,-0.13502058386802673;1.0,0.0,0.0,0.0
7.85;0.0,0.14146095514297485,-0.13651585578918457;1.0,0.0,0.0,0.0
7.86;0.0,0.14300119876861572,-0.13800227642059326;1.0,0.0,0.0,0.0
7.87;0.0,0.14453187584877014,-0.13947945833206177;1.0,0.0,0.0,0.0
7.88;0.0,0.14605262875556946,-0.14094702899456024;1.0,0.0,0.0,0.0
7.89;0.0,0.14756304025650024,-0.14240464568138123;1.0,0.0,0.0,0.0
7.9;0.0,0.14906272292137146,-0.14385190606117249;1.0,0.0,0.0,0.0
7.91;0.0,0.15055133402347565,-0.14528849720954895;1.0,0.0,0.0,0.0
7.92;0.0,0.15202844142913818,-0.14671394228935242;1.0,0.0,0.0,0.0
7.93;0.0,0.15349368751049042,-0.1481279730796814;1.0,0.0,0.0,0.0
7.94;0.0,0.1549466997385025,-0.14953018724918365;1.0,0.0,0.0,0.0
7.95;0.0,0.156387060880661,-0.15092021226882935;1.0,0.0,0.0,0.0
7.96;0.0,0.1578144133090973,-0.15229764580726624;1.0,0.0,0.0,0.0
7.97;0.0,0.1592283844947815,-0.15366218984127045;1.0,0.0,0.0,0.0
7.98;0.0,0.1606285721063614,-0.15501342713832855;1.0,0.0,0.0,0.0
7.99;0.0,0.16201457381248474,-0.1563510000705719;1.0,0.0,0.0,0.0
8.0;0.0,0.1633860468864441,-0.15767453610897064;1.0,0.0,0.0,0.0
8.01;0.0,0.1647426038980484,-0.15898366272449493;1.0,0.0,0.0,0.0
8.02;0.0,0.16608387231826782,-0.16027802228927612;1.0,0.0,0.0,0.0
8.03;0.0,0.16740940511226654,-0.16155722737312317;1.0,0.0,0.0,0.0
8.04;0.0,0.1687188595533371,-0.16282092034816742;1.0,0.0,0.0,0.0
8.05;0.0,0.17001190781593323,-0.16406872868537903;1.0,0.0,0.0,0.0
8.06;0.0,0.17128804326057434,-0.16530029475688934;1.0,0.0,0.0,0.0
8.07;0.0,0.17254699766635895,-0.16651524603366852;1.0,0.0,0.0,0.0
8.08;0.0,0.17378835380077362,-0.1677131950855255;1.0,0.0,0.0,0.0
8.09;0.0,0.17501170933246613,-0.16889378428459167;1.0,0.0,0.0,0.0
8.1;0.0,0.17621669173240662,-0.17005664110183716;1.0,0.0,0.0,0.0
8.11;0.0,0.17740292847156525,-0.1712014228105545;1.0,0.0,0.0,0.0
8.12;0.0,0.1785700023174286,-0.17232771217823029;1.0,0.0,0.0,0.0
8.13;0.0,0.17971758544445038,-0.17343518137931824;1.0,0.0,0.0,0.0
8.14;0.0,0.18084527552127838,-0.17452342808246613;1.0,0.0,0.0,0.0
8.15;0.0,0.18195267021656036,-0.17559212446212769;1.0,0.0,0.0,0.0
8.16;0.0,0.18303938210010529,-0.1766408234834671;1.0,0.0,0.0,0.0
8.17;0.0,0.1841050535440445,-0.17766925692558289;1.0,0.0,0.0,0.0
8.18;0.0,0.18514929711818695,-0.17867697775363922;1.0,0.0,0.0,0.0
8.19;0.0,0.18617171049118042,-0.17966367304325104;1.0,0.0,0.0,0.0
8.2;0.0,0.18717189133167267,-0.18062889575958252;1.0,0.0,0.0,0.0
8.21;0.0,0.18814954161643982,-0.18157237768173218;1.0,0.0,0.0,0.0
8.22;0.0,0.18910422921180725,-0.1824936866760254;1.0,0.0,0.0,0.0
8.23;0.0,0.19003558158874512,-0.1833924651145935;1.0,0.0,0.0,0.0
8.24;0.0,0.1909431368112564,-0.1842682957649231;1.0,0.0,0.0,0.0
8.25;0.0,0.19182664155960083,-0.18512092530727386;1.0,0.0,0.0,0.0
8.26;0.0,0.19268563389778137,-0.1859498918056488;1.0,0.0,0.0,0.0
8.27;0.0,0.1935197412967682,-0.18675483763217926;1.0,0.0,0.0,0.0
8.28;0.0,0.19432857632637024,-0.18753540515899658;1.0,0.0,0.0,0.0
8.29;0.0,0.19511181116104126,-0.1882912516593933;1.0,0.0,0.0,0.0
8.3;0.0,0.19586896896362305,-0.18902194499969482;1.0,0.0,0.0,0.0
8.31;0.0,0.19659975171089172,-0.18972721695899963;1.0,0.0,0.0,0.0
8.32;0.0,0.19730374217033386,-0.19040653109550476;1.0,0.0,0.0,0.0
8.33;0.0,0.19798055291175842,-0.19105970859527588;1.0,0.0,0.0,0.0
8.34;0.0,0.19862979650497437,-0.19168627262115479;1.0,0.0,0.0,0.0
8.35;0.0,0.19925111532211304,-0.19228583574295044;1.0,0.0,0.0,0.0
8.36;0.0,0.199844092130661,-0.19285809993743896;1.0,0.0,0.0,0.0
8.37;0.0,0.20040839910507202,-0.19340267777442932;1.0,0.0,0.0,0.0
8.38;0.0,0.20094358921051025,-0.19391915202140808;1.0,0.0,0.0,0.0
8.39;0.0,0.20144930481910706,-0.19440722465515137;1.0,0.0,0.0,0.0
8.4;0.0,0.2019251585006714,-0.19486644864082336;1.0,0.0,0.0,0.0
8.41;0.0,0.2023707926273346,-0.19529646635055542;1.0,0.0,0.0,0.0
8.42;0.0,0.20278581976890564,-0.19569703936576843;1.0,0.0,0.0,0.0
8.43;0.0,0.2031698226928711,-0.19606760144233704;1.0,0.0,0.0,0.0
8.44;0.0,0.20352250337600708,-0.19640791416168213;1.0,0.0,0.0,0.0
8.45;0.0,0.20384329557418823,-0.1967175304889679;1.0,0.0,0.0,0.0
8.46;0.0,0.204132080078125,-0.19699618220329285;1.0,0.0,0.0,0.0
8.47;0.0,0.20438817143440247,-0.1972433626651764;1.0,0.0,0.0,0.0
8.48;0.0,0.20461148023605347,-0.19745883345603943;1.0,0.0,0.0,0.0
8.49;0.0,0.20480147004127502,-0.19764217734336853;1.0,0.0,0.0,0.0
8.5;0.0,0.2049577236175537,-0.19779300689697266;1.0,0.0,0.0,0.0
8.51;0.0,0.20507997274398804,-0.19791093468666077;1.0,0.0,0.0,0.0
8.52;0.0,0.20516768097877502,-0.1979956030845642;1.0,0.0,0.0,0.0
8.53;0.0,0.20522069931030273,-0.1980467438697815;1.0,0.0,0.0,0.0
8.54;0.0,0.20523840188980103,-0.19806383550167084;1.0,0.0,0.0,0.0
8.55;0.0,0.2052210420370102,-0.19804708659648895;1.0,0.0,0.0,0.0
8.56;0.0,0.205169215798378,-0.1979970633983612;1.0,0.0,0.0,0.0
8.57;0.0,0.20508328080177307,-0.19791413843631744;1.0,0.0,0.0,0.0
8.58;0.0,0.20496362447738647,-0.19779866933822632;1.0,0.0,0.0,0.0
8.59;0.0,0.20481060445308685,-0.1976509988307953;1.0,0.0,0.0,0.0
8.6;0.0,0.20462459325790405,-0.197471484541893;1.0,0.0,0.0,0.0
8.61;0.0,0.2044059783220291,-0.1972605139017105;1.0,0.0,0.0,0.0
8.62;0.0,0.2041551172733307,-0.19701839983463287;1.0,0.0,0.0,0.0
8.63;0.0,0.20387236773967743,-0.19674555957317352;1.0,0.0,0.0,0.0
8.64;0.0,0.20355811715126038,-0.19644229114055634;1.0,0.0,0.0,0.0
8.65;0.0,0.20321272313594818,-0.19610896706581116;1.0,0.0,0.0,0.0
8.66;0.0,0.20283658802509308,-0.19574597477912903;1.0,0.0,0.0,0.0
8.67;0.0,0.20243003964424133,-0.1953536421060562;1.0,0.0,0.0,0.0
8.68;0.0,0.20199348032474518,-0.19493234157562256;1.0,0.0,0.0,0.0
8.69;0.0,0.20152725279331207,-0.19448241591453552;1.0,0.0,0.0,0.0
8.7;0.0,0.20103175938129425,-0.19400423765182495;1.0,0.0,0.0,0.0
8.71;0.0,0.20050734281539917,-0.1934981644153595;1.0,0.0,0.0,0.0
8.72;0.0,0.19995439052581787,-0.19296453893184662;1.0,0.0,0.0,0.0
8.73;0.0,0.199373260140419,-0.19240373373031616;1.0,0.0,0.0,0.0
8.74;0.0,0.19876433908939362,-0.19181610643863678;1.0,0.0,0.0,0.0
8.75;0.0,0.19812799990177155,-0.19120199978351593;1.0,0.0,0.0,0.0
8.76;0.0,0.19746460020542145,-0.19056178629398346;1.0,0.0,0.0,0.0
8.77;0.0,0.19677449762821198,-0.18989580869674683;1.0,0.0,0.0,0.0
8.78;0.0,0.19605809450149536,-0.18920443952083588;1.0,0.0,0.0,0.0
8.79;0.0,0.19531574845314026,-0.18848805129528046;1.0,0.0,0.0,0.0
8.8;0.0,0.19454781711101532,-0.18774695694446564;1.0,0.0,0.0,0.0
8.81;0.0,0.1937546730041504,-0.18698155879974365;1.0,0.0,0.0,0.0
8.82;0.0,0.1929367184638977,-0.18619216978549957;1.0,0.0,0.0,0.0
8.83;0.0,0.19209428131580353,-0.18537919223308563;1.0,0.0,0.0,0.0
8.84;0.0,0.1912277638912201,-0.1845429688692093;1.0,0.0,0.0,0.0
8.85;0.0,0.19033752381801605,-0.183683842420578;1.0,0.0,0.0,0.0
8.86;0.0,0.18942391872406006,-0.1828022003173828;1.0,0.0,0.0,0.0
8.87;0.0,0.18848735094070435,-0.1818983554840088;1.0,0.0,0.0,0.0
8.88;0.0,0.18752814829349518,-0.18097269535064697;1.0,0.0,0.0,0.0
8.89;0.0,0.18654674291610718,-0.18002557754516602;1.0,0.0,0.0,0.0
8.9;0.0,0.18554343283176422,-0.17905735969543457;1.0,0.0,0.0,0.0
8.91;0.0,0.18451866507530212,-0.1780683994293213;1.0,0.0,0.0,0.0
8.92;0.0,0.18347273766994476,-0.17705903947353363;1.0,0.0,0.0,0.0
8.93;0.0,0.18240605294704437,-0.17602963745594025;1.0,0.0,0.0,0.0
8.94;0.0,0.181318998336792,-0.17498059570789337;1.0,0.0,0.0,0.0
8.95;0.0,0.18021193146705627,-0.17391222715377808;1.0,0.0,0.0,0.0
8.96;0.0,0.17908519506454468,-0.172824889421463;1.0,0.0,0.0,0.0
8.97;0.0,0.17793920636177063,-0.17171895503997803;1.0,0.0,0.0,0.0
8.98;0.0,0.1767743080854416,-0.17059478163719177;1.0,0.0,0.0,0.0
8.99;0.0,0.1755908727645874,-0.1694527119398117;1.0,0.0,0.0,0.0
9.0;0.0,0.1743892878293991,-0.16829313337802887;1.0,0.0,0.0,0.0
9.01;0.0,0.17316991090774536,-0.16711637377738953;1.0,0.0,0.0,0.0
9.02;0.0,0.171933114528656,-0.16592280566692352;1.0,0.0,0.0,0.0
9.03;0.0,0.1706792414188385,-0.16471277177333832;1.0,0.0,0.0,0.0
9.04;0.0,0.16940872371196747,-0.16348665952682495;1.0,0.0,0.0,0.0
9.05;0.0,0.16812187433242798,-0.1622447967529297;1.0,0.0,0.0,0.0
9.06;0.0,0.16681909561157227,-0.16098755598068237;1.0,0.0,0.0,0.0
9.07;0.0,0.16550074517726898,-0.15971530973911285;1.0,0.0,0.0,0.0
9.08;0.0,0.16416721045970917,-0.1584283709526062;1.0,0.0,0.0,0.0
9.09;0.0,0.16281883418560028,-0.15712714195251465;1.0,0.0,0.0,0.0
9.1;0.0,0.16145601868629456,-0.15581196546554565;1.0,0.0,0.0,0.0
9.11;0.0,0.16007910668849945,-0.15448318421840668;1.0,0.0,0.0,0.0
9.12;0.0,0.1586884707212448,-0.15314117074012756;1.0,0.0,0.0,0.0
9.13;0.0,0.15728451311588287,-0.15178628265857697;1.0,0.0,0.0,0.0
9.14;0.0,0.1558675616979599,-0.15041887760162354;1.0,0.0,0.0,0.0
9.15;0.0,0.15443801879882812,-0.14903929829597473;1.0,0.0,0.0,0.0
9.16;0.0,0.1529962420463562,-0.1476479321718216;1.0,0.0,0.0,0.0
9.17;0.0,0.15154261887073517,-0.1462451070547104;1.0,0.0,0.0,0.0
9.18;0.0,0.1500774770975113,-0.14483119547367096;1.0,0.0,0.0,0.0
9.19;0.0,0.148601233959198,-0.14340654015541077;1.0,0.0,0.0,0.0
9.2;0.0,0.14711424708366394,-0.14197154343128204;1.0,0.0,0.0,0.0
9.21;0.0,0.14561687409877777,-0.14052650332450867;1.0,0.0,0.0,0.0
9.22;0.0,0.14410948753356934,-0.13907182216644287;1.0,0.0,0.0,0.0
9.23;0.0,0.14259247481822968,-0.13760784268379211;1.0,0.0,0.0,0.0
9.24;0.0,0.14106619358062744,-0.13613490760326385;1.0,0.0,0.0,0.0
9.25;0.0,0.13953101634979248,-0.13465340435504913;1.0,0.0,0.0,0.0
9.26;0.0,0.13798731565475464,-0.1331636607646942;1.0,0.0,0.0,0.0
9.27;0.0,0.13643544912338257,-0.13166604936122894;1.0,0.0,0.0,0.0
9.28;0.0,0.1348758190870285,-0.13016092777252197;1.0,0.0,0.0,0.0
9.29;0.0,0.1333087533712387,-0.12864865362644196;1.0,0.0,0.0,0.0
9.3;0.0,0.13173465430736542,-0.12712958455085754;1.0,0.0,0.0,0.0
9.31;0.0,0.13015389442443848,-0.1256040781736374;1.0,0.0,0.0,0.0
9.32;0.0,0.12856681644916534,-0.12407248467206955;1.0,0.0,0.0,0.0
9.33;0.0,0.12697382271289825,-0.12253516912460327;1.0,0.0,0.0,0.0
9.34;0.0,0.12537525594234467,-0.12099248915910721;1.0,0.0,0.0,0.0
9.35;0.0,0.12377151846885681,-0.11944480240345001;1.0,0.0,0.0,0.0
9.36;0.0,0.12216294556856155,-0.11789246648550034;1.0,0.0,0.0,0.0
9.37;0.0,0.12054993212223053,-0.11633583903312683;1.0,0.0,0.0,0.0
9.38;0.0,0.1189328283071518,-0.11477527022361755;1.0,0.0,0.0,0.0
9.39;0.0,0.11731202900409698,-0.11321112513542175;1.0,0.0,0.0,0.0
9.4;0.0,0.11568789184093475,-0.11164376139640808;1.0,0.0,0.0,0.0
9.41;0.0,0.11406080424785614,-0.11007354408502579;1.0,0.0,0.0,0.0
9.42;0.0,0.112431101500988,-0.10850081592798233;1.0,0.0,0.0,0.0
9.43;0.0,0.11079918593168259,-0.10692594945430756;1.0,0.0,0.0,0.0
9.44;0.0,0.10916540026664734,-0.10534929484128952;1.0,0.0,0.0,0.0
9.45;0.0,0.1075301542878151,-0.10377119481563568;1.0,0.0,0.0,0.0
9.46;0.0,0.10589379072189331,-0.10219203680753708;1.0,0.0,0.0,0.0
9.47;0.0,0.10425668209791183,-0.10061214864253998;1.0,0.0,0.0,0.0
9.48;0.0,0.10261920094490051,-0.09903191775083542;1.0,0.0,0.0,0.0
9.49;0.0,0.1009817123413086,-0.09745167195796967;1.0,0.0,0.0,0.0
9.5;0.0,0.09934461116790771,-0.09587180614471436;1.0,0.0,0.0,0.0
9.51;0.0,0.09770824760198593,-0.09429263323545456;1.0,0.0,0.0,0.0
9.52;0.0,0.09607299417257309,-0.09271454066038132;1.0,0.0,0.0,0.0
9.53;0.0,0.09443920850753784,-0.09113788604736328;1.0,0.0,0.0,0.0
9.54;0.0,0.09280730783939362,-0.08956301957368851;1.0,0.0,0.0,0.0
9.55;0.0,0.09117759019136429,-0.08799028396606445;1.0,0.0,0.0,0.0
9.56;0.0,0.08955051004886627,-0.08642008155584335;1.0,0.0,0.0,0.0
9.57;0.0,0.08792636543512344,-0.08485269546508789;1.0,0.0,0.0,0.0
9.58;0.0,0.08630556613206863,-0.08328857272863388;1.0,0.0,0.0,0.0
9.59;0.0,0.0846884623169899,-0.081727996468544;1.0,0.0,0.0,0.0
9.6;0.0,0.08307546377182007,-0.0801713764667511;1.0,0.0,0.0,0.0
9.61;0.0,0.08146688342094421,-0.07861903309822083;1.0,0.0,0.0,0.0
9.62;0.0,0.07986313849687576,-0.07707134634256363;1.0,0.0,0.0,0.0
9.63;0.0,0.07826457172632217,-0.07552866637706757;1.0,0.0,0.0,0.0
9.64;0.0,0.07667159289121628,-0.07399135828018188;1.0,0.0,0.0,0.0
9.65;0.0,0.07508451491594315,-0.07245975732803345;1.0,0.0,0.0,0.0
9.66;0.0,0.07350374013185501,-0.07093425840139389;1.0,0.0,0.0,0.0
9.67;0.0,0.07192964106798172,-0.06941518187522888;1.0,0.0,0.0,0.0
9.68;0.0,0.07036259025335312,-0.06790290772914886;1.0,0.0,0.0,0.0
9.69;0.0,0.06880294531583786,-0.0663977861404419;1.0,0.0,0.0,0.0
9.7;0.0,0.06725107878446579,-0.06490017473697662;1.0,0.0,0.0,0.0
9.71;0.0,0.06570740044116974,-0.0634104385972023;1.0,0.0,0.0,0.0
9.72;0.0,0.06417220085859299,-0.06192890554666519;1.0,0.0,0.0,0.0
9.73;0.0,0.06264591962099075,-0.060455985367298126;1.0,0.0,0.0,0.0
9.74;0.0,0.06112890690565109,-0.05899199843406677;1.0,0.0,0.0,0.0
9.75;0.0,0.05962153524160385,-0.057537324726581573;1.0,0.0,0.0,0.0
9.76;0.0,0.05812416225671768,-0.0560922846198082;1.0,0.0,0.0,0.0
9.77;0.0,0.05663716048002243,-0.054657287895679474;1.0,0.0,0.0,0.0
9.78;0.0,0.05516090989112854,-0.05323264002799988;1.0,0.0,0.0,0.0
9.79;0.0,0.05369579792022705,-0.05181872099637985;1.0,0.0,0.0,0.0
9.8;0.0,0.05224216729402542,-0.05041590332984924;1.0,0.0,0.0,0.0
9.81;0.0,0.050800397992134094,-0.0490245446562767;1.0,0.0,0.0,0.0
9.82;0.0,0.04937082529067993,-0.0476449579000473;1.0,0.0,0.0,0.0
9.83;0.0,0.047953903675079346,-0.046277567744255066;1.0,0.0,0.0,0.0
9.84;0.0,0.04654994606971741,-0.04492267966270447;1.0,0.0,0.0,0.0
9.85;0.0,0.045159295201301575,-0.043580666184425354;1.0,0.0,0.0,0.0
9.86;0.0,0.043782398104667664,-0.04225187003612518;1.0,0.0,0.0,0.0
9.87;0.0,0.04241955280303955,-0.04093669354915619;1.0,0.0,0.0,0.0
9.88;0.0,0.04107120633125305,-0.03963544964790344;1.0,0.0,0.0,0.0
9.89;0.0,0.03973768651485443,-0.03834852576255798;1.0,0.0,0.0,0.0
9.9;0.0,0.03841930627822876,-0.037076279520988464;1.0,0.0,0.0,0.0
9.91;0.0,0.03711654245853424,-0.03581903874874115;1.0,0.0,0.0,0.0
9.92;0.0,0.03582967817783356,-0.0345771461725235;1.0,0.0,0.0,0.0
9.93;0.0,0.034559160470962524,-0.03335107862949371;1.0,0.0,0.0,0.0
9.94;0.0,0.03330528736114502,-0.032141029834747314;1.0,0.0,0.0,0.0
9.95;0.0,0.03206847608089447,-0.030947446823120117;1.0,0.0,0.0,0.0
9.96;0.0,0.030849099159240723,-0.02977071702480316;1.0,0.0,0.0,0.0
9.97;0.0,0.02964751422405243,-0.028611108660697937;1.0,0.0,0.0,0.0
9.98;0.0,0.028464078903198242,-0.02746906876564026;1.0,0.0,0.0,0.0
9.99;0.0,0.027299195528030396,-0.026344895362854004;1.0,0.0,0.0,0.0
10.0;0.0,0.026153206825256348,-0.025238946080207825;1.0,0.0,0.0,0.0
10.01;0.0,0.025026485323905945,-0.02415160834789276;1.0,0.0,0.0,0.0
10.02;0.0,0.02391938865184784,-0.023083239793777466;1.0,0.0,0.0,0.0
10.03;0.0,0.022832348942756653,-0.022034168243408203;1.0,0.0,0.0,0.0
10.04;0.0,0.021765664219856262,-0.021004796028137207;1.0,0.0,0.0,0.0
10.05;0.0,0.020719751715660095,-0.019995450973510742;1.0,0.0,0.0,0.0
10.06;0.0,0.01969495415687561,-0.019006460905075073;1.0,0.0,0.0,0.0
10.07;0.0,0.018691688776016235,-0.018038257956504822;1.0,0.0,0.0,0.0
10.08;0.0,0.017710238695144653,-0.01709112524986267;1.0,0.0,0.0,0.0
10.09;0.0,0.016751065850257874,-0.016165494918823242;1.0,0.0,0.0,0.0
10.1;0.0,0.015814468264579773,-0.015261650085449219;1.0,0.0,0.0,0.0
10.11;0.0,0.014900892972946167,-0.01437997817993164;1.0,0.0,0.0,0.0
10.12;0.0,0.014010637998580933,-0.013520851731300354;1.0,0.0,0.0,0.0
10.13;0.0,0.013144120573997498,-0.012684598565101624;1.0,0.0,0.0,0.0
10.14;0.0,0.012301713228225708,-0.01187165081501007;1.0,0.0,0.0,0.0
10.15;0.0,0.011483728885650635,-0.011082261800765991;1.0,0.0,0.0,0.0
10.16;0.0,0.010690569877624512,-0.010316863656044006;1.0,0.0,0.0,0.0
10.17;0.0,0.009922653436660767,-0.009575769305229187;1.0,0.0,0.0,0.0
10.18;0.0,0.009180307388305664,-0.008859336376190186;1.0,0.0,0.0,0.0
10.19;0.0,0.008463889360427856,-0.008168011903762817;1.0,0.0,0.0,0.0
10.2;0.0,0.007773786783218384,-0.007502049207687378;1.0,0.0,0.0,0.0
10.21;0.0,0.007110387086868286,-0.006861835718154907;1.0,0.0,0.0,0.0
10.22;0.0,0.0064740777015686035,-0.006247758865356445;1.0,0.0,0.0,0.0
10.23;0.0,0.005865126848220825,-0.0056600868701934814;1.0,0.0,0.0,0.0
10.24;0.0,0.005284011363983154,-0.005099296569824219;1.0,0.0,0.0,0.0
10.25;0.0,0.004731088876724243,-0.0045656561851501465;1.0,0.0,0.0,0.0
10.26;0.0,0.004206627607345581,-0.004059553146362305;1.0,0.0,0.0,0.0
10.27;0.0,0.0037111639976501465,-0.003581434488296509;1.0,0.0,0.0,0.0
10.28;0.0,0.0032449662685394287,-0.0031315088272094727;1.0,0.0,0.0,0.0
10.29;0.0,0.0028083622455596924,-0.002710193395614624;1.0,0.0,0.0,0.0
10.3;0.0,0.0024018287658691406,-0.0023178458213806152;1.0,0.0,0.0,0.0
10.31;0.0,0.002025693655014038,-0.001954883337020874;1.0,0.0,0.0,0.0
10.32;0.0,0.0016803145408630371,-0.0016215741634368896;1.0,0.0,0.0,0.0
10.33;0.0,0.00136604905128479,-0.0013182759284973145;1.0,0.0,0.0,0.0
10.34;0.0,0.001083284616470337,-0.0010454654693603516;1.0,0.0,0.0,0.0
10.35;0.0,0.0008324384689331055,-0.0008033215999603271;1.0,0.0,0.0,0.0
10.36;0.0,0.0006138086318969727,-0.0005923211574554443;1.0,0.0,0.0,0.0
10.37;0.0,0.0004278123378753662,-0.00041288137435913086;1.0,0.0,0.0,0.0
10.38;0.0,0.0002748072147369385,-0.0002651810646057129;1.0,0.0,0.0,0.0
10.39;0.0,0.0001550912857055664,-0.00014972686767578125;1.0,0.0,0.0,0.0
10.4;0.0,6.920099258422852e-05,-6.67273998260498e-05;1.0,0.0,0.0,0.0
10.41;0.0,1.7344951629638672e-05,-1.6748905181884766e-05;1.0,0.0,0.0,0.0
10.42;0.0,0.0,0.0;1.0,0.0,0.0,0.0
10.43;0.0,0.0,0.0;1.0,0.0,0.0,0.0
10.44;0.0,0.0,0.0;1.0,0.0,0.0,0.0
10.45;0.0,0.0,0.0;1.0,0.0,0.0,0.0
10.46;0.0,0.0,0.0;1.0,0.0,0.0,0.0
10.47;0.0,0.0,0.0;1.0,0.0,0.0,0.0
10.48;0.0,0.0,0.0;1.0,0.0,0.0,0.0
10.49;0.0,0.0,0.0;1.0,0.0,0.0,0.0
10.5;0.0,0.0,0.0;1.0,0.0,0.0,0.0
10.51;0.0,0.0,0.0;1.0,0.0,0.0,0.0
10.52;0.0,0.0,0.0;1.0,0.0,0.0,0.0
10.53;0.0,0.0,0.0;1.0,0.0,0.0,0.0
10.54;0.0,0.0,0.0;1.0,0.0,0.0,0.0
10.55;0.0,0.0,0.0;1.0,0.0,0.0,0.0
10.56;0.0,0.0,0.0;1.0,0.0,0.0,0.0
10.57;0.0,0.0,0.0;1.0,0.0,0.0,0.0
10.58;0.0,0.0,0.0;1.0,0.0,0.0,0.0
10.59;0.0,0.0,0.0;1.0,0.0,0.0,0.0
10.6;0.0,0.0,0.0;1.0,0.0,0.0,0.0
10.61;0.0,0.0,0.0;1.0,0.0,0.0,0.0
10.62;0.0,0.0,0.0;1.0,0.0,0.0,0.0
10.63;0.0,0.0,0.0;1.0,0.0,0.0,0.0
10.64;0.0,0.0,0.0;1.0,0.0,0.0,0.0
10.65;0.0,0.0,0.0;1.0,0.0,0.0,0.0
10.66;0.0,0.0,0.0;1.0,0.0,0.0,0.0
10.67;0.0,0.0,0.0;1.0,0.0,0.0,0.0
10.68;0.0,0.0,0.0;1.0,0.0,0.0,0.0
10.69;0.0,0.0,0.0;1.0,0.0,0.0,0.0
10.7;0.0,0.0,0.0;1.0,0.0,0.0,0.0
10.71;0.0,0.0,0.0;1.0,0.0,0.0,0.0
10.72;0.0,0.0,0.0;1.0,0.0,0.0,0.0
10.73;0.0,0.0,0.0;1.0,0.0,0.0,0.0
10.74;0.0,0.0,0.0;1.0,0.0,0.0,0.0
10.75;0.0,0.0,0.0;1.0,0.0,0.0,0.0
10.76;0.0,0.0,0.0;1.0,0.0,0.0,0.0
10.77;0.0,0.0,0.0;1.0,0.0,0.0,0.0
10.78;0.0,0.0,0.0;1.0,0.0,0.0,0.0
10.79;0.0,0.0,0.0;1.0,0.0,0.0,0.0
10.8;0.0,0.0,0.0;1.0,0.0,0.0,0.0
10.81;0.0,0.0,0.0;1.0,0.0,0.0,0.0
10.82;0.0,0.0,0.0;1.0,0.0,0.0,0.0
10.83;0.0,0.0,0.0;1.0,0.0,0.0,0.0
10.84;0.0,0.0,0.0;1.0,0.0,0.0,0.0
10.85;0.0,0.0,0.0;1.0,0.0,0.0,0.0
10.86;0.0,0.0,0.0;1.0,0.0,0.0,0.0
10.87;0.0,0.0,0.0;1.0,0.0,0.0,0.0
10.88;0.0,0.0,0.0;1.0,0.0,0.0,0.0
10.89;0.0,0.0,0.0;1.0,0.0,0.0,0.0
10.9;0.0,0.0,0.0;1.0,0.0,0.0,0.0
10.91;0.0,0.0,0.0;1.0,0.0,0.0,0.0
10.92;0.0,0.0,0.0;1.0,0.0,0.0,0.0
10.93;0.0,0.0,0.0;1.0,0.0,0.0,0.0
10.94;0.0,0.0,0.0;1.0,0.0,0.0,0.0
10.95;0.0,0.0,0.0;1.0,0.0,0.0,0.0
10.96;0.0,0.0,0.0;1.0,0.0,0.0,0.0
10.97;0.0,0.0,0.0;1.0,0.0,0.0,0.0
10.98;0.0,0.0,0.0;1.0,0.0,0.0,0.0
10.99;0.0,0.0,0.0;1.0,0.0,0.0,0.0
11.0;0.0,0.0,0.0;1.0,0.0,0.0,0.0
11.01;0.0,0.0,0.0;1.0,0.0,0.0,0.0
11.02;0.0,0.0,0.0;1.0,0.0,0.0,0.0
11.03;0.0,0.0,0.0;1.0,0.0,0.0,0.0
11.04;0.0,0.0,0.0;1.0,0.0,0.0,0.0
11.05;0.0,0.0,0.0;1.0,0.0,0.0,0.0
11.06;0.0,0.0,0.0;1.0,0.0,0.0,0.0
11.07;0.0,0.0,0.0;1.0,0.0,0.0,0.0
11.08;0.0,0.0,0.0;1.0,0.0,0.0,0.0
11.09;0.0,0.0,0.0;1.0,0.0,0.0,0.0
11.1;0.0,0.0,0.0;1.0,0.0,0.0,0.0
11.11;0.0,0.0,0.0;1.0,0.0,0.0,0.0
11.12;0.0,0.0,0.0;1.0,0.0,0.0,0.0
11.13;0.0,0.0,0.0;1.0,0.0,0.0,0.0
11.14;0.0,0.0,0.0;1.0,0.0,0.0,0.0
11.15;0.0,0.0,0.0;1.0,0.0,0.0,0.0
11.16;0.0,0.0,0.0;1.0,0.0,0.0,0.0
11.17;0.0,0.0,0.0;1.0,0.0,0.0,0.0
11.18;0.0,0.0,0.0;1.0,0.0,0.0,0.0
11.19;0.0,0.0,0.0;1.0,0.0,0.0,0.0
11.2;0.0,0.0,0.0;1.0,0.0,0.0,0.0
11.21;0.0,0.0,0.0;1.0,0.0,0.0,0.0
11.22;0.0,0.0,0.0;1.0,0.0,0.0,0.0
11.23;0.0,0.0,0.0;1.0,0.0,0.0,0.0
11.24;0.0,0.0,0.0;1.0,0.0,0.0,0.0
11.25;0.0,0.0,0.0;1.0,0.0,0.0,0.0
11.26;0.0,0.0,0.0;1.0,0.0,0.0,0.0
11.27;0.0,0.0,0.0;1.0,0.0,0.0,0.0
11.28;0.0,0.0,0.0;1.0,0.0,0.0,0.0
11.29;0.0,0.0,0.0;1.0,0.0,0.0,0.0
11.3;0.0,0.0,0.0;1.0,0.0,0.0,0.0
11.31;0.0,0.0,0.0;1.0,0.0,0.0,0.0
11.32;0.0,0.0,0.0;1.0,0.0,0.0,0.0
11.33;0.0,0.0,0.0;1.0,0.0,0.0,0.0
11.34;0.0,0.0,0.0;1.0,0.0,0.0,0.0
11.35;0.0,0.0,0.0;1.0,0.0,0.0,0.0
11.36;0.0,0.0,0.0;1.0,0.0,0.0,0.0
11.37;0.0,0.0,0.0;1.0,0.0,0.0,0.0
11.38;0.0,0.0,0.0;1.0,0.0,0.0,0.0
11.39;0.0,0.0,0.0;1.0,0.0,0.0,0.0
11.4;0.0,0.0,0.0;1.0,0.0,0.0,0.0
11.41;0.0,0.0,0.0;1.0,0.0,0.0,0.0
11.42;0.0,0.0,0.0;1.0,0.0,0.0,0.0
11.43;0.0,0.0,0.0;1.0,0.0,0.0,0.0
11.44;0.0,0.0,0.0;1.0,0.0,0.0,0.0
11.45;0.0,0.0,0.0;1.0,0.0,0.0,0.0
11.46;0.0,0.0,0.0;1.0,0.0,0.0,0.0
11.47;0.0,0.0,0.0;1.0,0.0,0.0,0.0
11.48;0.0,0.0,0.0;1.0,0.0,0.0,0.0
11.49;0.0,0.0,0.0;1.0,0.0,0.0,0.0
11.5;0.0,0.0,0.0;1.0,0.0,0.0,0.0
11.51;0.0,0.0,0.0;1.0,0.0,0.0,0.0
11.52;0.0,0.0,0.0;1.0,0.0,0.0,0.0
11.53;0.0,0.0,0.0;1.0,0.0,0.0,0.0
11.54;0.0,0.0,0.0;1.0,0.0,0.0,0.0
11.55;0.0,0.0,0.0;1.0,0.0,0.0,0.0
11.56;0.0,0.0,0.0;1.0,0.0,0.0,0.0
11.57;0.0,0.0,0.0;1.0,0.0,0.0,0.0
11.58;0.0,0.0,0.0;1.0,0.0,0.0,0.0
11.59;0.0,0.0,0.0;1.0,0.0,0.0,0.0
11.6;0.0,0.0,0.0;1.0,0.0,0.0,0.0
11.61;0.0,0.0,0.0;1.0,0.0,0.0,0.0
11.62;0.0,0.0,0.0;1.0,0.0,0.0,0.0
11.63;0.0,0.0,0.0;1.0,0.0,0.0,0.0
11.64;0.0,0.0,0.0;1.0,0.0,0.0,0.0
11.65;0.0,0.0,0.0;1.0,0.0,0.0,0.0
11.66;0.0,0.0,0.0;1.0,0.0,0.0,0.0
11.67;0.0,0.0,0.0;1.0,0.0,0.0,0.0
11.68;0.0,0.0,0.0;1.0,0.0,0.0,0.0
11.69;0.0,0.0,0.0;1.0,0.0,0.0,0.0
11.7;0.0,0.0,0.0;1.0,0.0,0.0,0.0
11.71;0.0,0.0,0.0;1.0,0.0,0.0,0.0
11.72;0.0,0.0,0.0;1.0,0.0,0.0,0.0
11.73;0.0,0.0,0.0;1.0,0.0,0.0,0.0
11.74;0.0,0.0,0.0;1.0,0.0,0.0,0.0
11.75;0.0,0.0,0.0;1.0,0.0,0.0,0.0
11.76;0.0,0.0,0.0;1.0,0.0,0.0,0.0
11.77;0.0,0.0,0.0;1.0,0.0,0.0,0.0
11.78;0.0,0.0,0.0;1.0,0.0,0.0,0.0
11.79;0.0,0.0,0.0;1.0,0.0,0.0,0.0
11.8;0.0,0.0,0.0;1.0,0.0,0.0,0.0
11.81;0.0,0.0,0.0;1.0,0.0,0.0,0.0
11.82;0.0,0.0,0.0;1.0,0.0,0.0,0.0
11.83;0.0,0.0,0.0;1.0,0.0,0.0,0.0
11.84;0.0,0.0,0.0;1.0,0.0,0.0,0.0
11.85;0.0,0.0,0.0;1.0,0.0,0.0,0.0
11.86;0.0,0.0,0.0;1.0,0.0,0.0,0.0
11.87;0.0,0.0,0.0;1.0,0.0,0.0,0.0
11.88;0.0,0.0,0.0;1.0,0.0,0.0,0.0
11.89;0.0,0.0,0.0;1.0,0.0,0.0,0.0
11.9;0.0,0.0,0.0;1.0,0.0,0.0,0.0
11.91;0.0,0.0,0.0;1.0,0.0,0.0,0.0
11.92;0.0,0.0,0.0;1.0,0.0,0.0,0.0
11.93;0.0,0.0,0.0;1.0,0.0,0.0,0.0
11.94;0.0,0.0,0.0;1.0,0.0,0.0,0.0
11.95;0.0,0.0,0.0;1.0,0.0,0.0,0.0
11.96;0.0,0.0,0.0;1.0,0.0,0.0,0.0
11.97;0.0,0.0,0.0;1.0,0.0,0.0,0.0
11.98;0.0,0.0,0.0;1.0,0.0,0.0,0.0
11.99;0.0,0.0,0.0;1.0,0.0,0.0,0.0
