0.0;0.0,0.0,0.0;0.9999781250953674,0.0,0.0,5.2835181122645736e-05
0.01;0.0,0.0,0.0;0.9999127984046936,0.0,0.0,0.0002106339088641107
0.02;0.0,0.0,0.0;0.9998044371604919,0.0,0.0,0.00047233590157702565
0.03;0.0,0.0,0.0;0.9996535778045654,0.0,0.0,0.0008368809940293431
0.04;0.0,0.0,0.0;0.9994604587554932,0.0,0.0,0.0013032089918851852
0.05;0.0,0.0,0.0;0.9992257356643677,0.0,0.0,0.0018702594097703695
0.06;0.0,0.0,0.0;0.9989497661590576,0.0,0.0,0.0025369722861796618
0.07;0.0,0.0,0.0;0.9986329078674316,0.0,0.0,0.003302287310361862
0.08;0.0,0.0,0.0;0.9982757568359375,0.0,0.0,0.004165143705904484
0.09;0.0,0.0,0.0;0.9978785514831543,0.0,0.0,0.0051244827918708324
0.1;0.0,0.0,0.0;0.9974419474601746,0.0,0.0,0.006179242394864559
0.11;0.0,0.0,0.0;0.9969662427902222,0.0,0.0,0.007328363135457039
0.12;0.0,0.0,0.0;0.9964518547058105,0.0,0.0,0.008570784702897072
0.13;0.0,0.0,0.0;0.9958993792533875,0.0,0.0,0.00990544818341732
0.14;0.0,0.0,0.0;0.995309054851532,0.0,0.0,0.011331290006637573
0.15;0.0,0.0,0.0;0.9946814775466919,0.0,0.0,0.012847254984080791
0.16;0.0,0.0,0.0;0.9940170645713806,0.0,0.0,0.014452277682721615
0.17;0.0,0.0,0.0;0.9933161735534668,0.0,0.0,0.01614529825747013
0.18;0.0,0.0,0.0;0.9925792813301086,0.0,0.0,0.017925262451171875
0.19;0.0,0.0,0.0;0.9918068647384644,0.0,0.0,0.01979110576212406
0.2;0.0,0.0,0.0;0.9909993410110474,0.0,0.0,0.02174176461994648
0.21;0.0,0.0,0.0;0.9901571273803711,0.0,0.0,0.023776186630129814
0.22;0.0,0.0,0.0;0.9892807006835938,0.0,0.0,0.025893300771713257
0.23;0.0,0.0,0.0;0.988370418548584,0.0,0.0,0.02809206023812294
0.24;0.0,0.0,0.0;0.9874268770217896,0.0,0.0,0.030371394008398056
0.25;0.0,0.0,0.0;0.9864503145217896,0.0,0.0,0.03273024410009384
0.26;0.0,0.0,0.0;0.9854413270950317,0.0,0.0,0.03516755253076553
0.27;0.0,0.0,0.0;0.9844002723693848,0.0,0.0,0.03768226504325867
0.28;0.0,0.0,0.0;0.9833276867866516,0.0,0.0,0.04027330502867699
0.29;0.0,0.0,0.0;0.9822238087654114,0.0,0.0,0.042939625680446625
0.3;0.0,0.0,0.0;0.9810893535614014,0.0,0.0,0.04568016901612282
0.31;0.0,0.0,0.0;0.9799244999885559,0.0,0.0,0.04849386215209961
0.32;0.0,0.0,0.0;0.9787298440933228,0.0,0.0,0.051379647105932236
0.33;0.0,0.0,0.0;0.9775058031082153,0.0,0.0,0.05433646962046623
0.34;0.0,0.0,0.0;0.9762527346611023,0.0,0.0,0.057363275438547134
0.35;0.0,0.0,0.0;0.9749711751937866,0.0,0.0,0.060458991676568985
0.36;0.0,0.0,0.0;0.9736615419387817,0.0,0.0,0.06362256407737732
0.37;0.0,0.0,0.0;0.9723242521286011,0.0,0.0,0.06685294210910797
0.38;0.0,0.0,0.0;0.9709596633911133,0.0,0.0,0.07014903426170349
0.39;0.0,0.0,0.0;0.9695683717727661,0.0,0.0,0.0735098123550415
0.4;0.0,0.0,0.0;0.9681507349014282,0.0,0.0,0.07693421095609665
0.41;0.0,0.0,0.0;0.9667072296142578,0.0,0.0,0.08042114973068237
0.42;0.0,0.0,0.0;0.9652382135391235,0.0,0.0,0.0839695855975151
0.43;0.0,0.0,0.0;0.9637442827224731,0.0,0.0,0.08757846057415009
0.44;0.0,0.0,0.0;0.9622256755828857,0.0,0.0,0.09124670922756195
0.45;0.0,0.0,0.0;0.9606829285621643,0.0,0.0,0.09497325867414474
0.46;0.0,0.0,0.0;0.959116518497467,0.0,0.0,0.0987570732831955
0.47;0.0,0.0,0.0;0.9575268030166626,0.0,0.0,0.10259708762168884
0.48;0.0,0.0,0.0;0.955914318561554,0.0,0.0,0.10649221390485764
0.49;0.0,0.0,0.0;0.9542794227600098,0.0,0.0,0.1104414239525795
0.5;0.0,0.0,0.0;0.9526225924491882,0.0,0.0,0.11444365233182907
0.51;0.0,0.0,0.0;0.9509442448616028,0.0,0.0,0.1184978187084198
0.52;0.0,0.0,0.0;0.9492447972297668,0.0,0.0,0.12260288000106812
0.53;0.0,0.0,0.0;0.9475247859954834,0.0,0.0,0.12675777077674866
0.54;0.0,0.0,0.0;0.9457845091819763,0.0,0.0,0.13096143305301666
0.55;0.0,0.0,0.0;0.9440245628356934,0.0,0.0,0.13521280884742737
0.56;0.0,0.0,0.0;0.9422452449798584,0.0,0.0,0.1395108550786972
0.57;0.0,0.0,0.0;0.9404470324516296,0.0,0.0,0.14385445415973663
0.58;0.0,0.0,0.0;0.9386304616928101,0.0,0.0,0.14824262261390686
0.59;0.0,0.0,0.0;0.9367958903312683,0.0,0.0,0.15267422795295715
0.6;0.0,0.0,0.0;0.934943675994873,0.0,0.0,0.15714824199676514
0.61;0.0,0.0,0.0;0.933074414730072,0.0,0.0,0.16166360676288605
0.62;0.0,0.0,0.0;0.9311884641647339,0.0,0.0,0.16621927917003632
0.63;0.0,0.0,0.0;0.9292863011360168,0.0,0.0,0.17081420123577118
0.64;0.0,0.0,0.0;0.9273682832717896,0.0,0.0,0.1754472404718399
0.65;0.0,0.0,0.0;0.925434947013855,0.0,0.0,0.1801174283027649
0.66;0.0,0.0,0.0;0.9234866499900818,0.0,0.0,0.1848236322402954
0.67;0.0,0.0,0.0;0.9215238690376282,0.0,0.0,0.18956483900547028
0.68;0.0,0.0,0.0;0.9195470809936523,0.0,0.0,0.19433996081352234
0.69;0.0,0.0,0.0;0.9175567030906677,0.0,0.0,0.19914796948432922
0.7;0.0,0.0,0.0;0.9155530333518982,0.0,0.0,0.20398780703544617
0.71;0.0,0.0,0.0;0.9135367274284363,0.0,0.0,0.20885834097862244
0.72;0.0,0.0,0.0;0.9115081429481506,0.0,0.0,0.21375855803489685
0.73;0.0,0.0,0.0;0.9094676971435547,0.0,0.0,0.21868745982646942
0.74;0.0,0.0,0.0;0.9074158072471619,0.0,0.0,0.22364389896392822
0.75;0.0,0.0,0.0;0.9053530097007751,0.0,0.0,0.2286268025636673
0.76;0.0,0.0,0.0;0.9032796621322632,0.0,0.0,0.23363520205020905
0.77;0.0,0.0,0.0;0.9011961817741394,0.0,0.0,0.23866796493530273
0.78;0.0,0.0,0.0;0.899103045463562,0.0,0.0,0.24372407793998718
0.79;0.0,0.0,0.0;0.8970007300376892,0.0,0.0,0.24880245327949524
0.8;0.0,0.0,0.0;0.8948895931243896,0.0,0.0,0.25390201807022095
0.81;0.0,0.0,0.0;0.8927701115608215,0.0,0.0,0.25902169942855835
0.82;0.0,0.0,0.0;0.8906427025794983,0.0,0.0,0.26416051387786865
0.83;0.0,0.0,0.0;0.8885079622268677,0.0,0.0,0.2693173289299011
0.84;0.0,0.0,0.0;0.886366069316864,0.0,0.0,0.2744911313056946
0.85;0.0,0.0,0.0;0.8842176795005798,0.0,0.0,0.2796808183193207
0.86;0.0,0.0,0.0;0.8820630311965942,0.0,0.0,0.28488534688949585
0.87;0.0,0.0,0.0;0.8799027800559998,0.0,0.0,0.2901036739349365
0.88;0.0,0.0,0.0;0.877737283706665,0.0,0.0,0.29533469676971436
0.89;0.0,0.0,0.0;0.8755668997764587,0.0,0.0,0.3005773723125458
0.9;0.0,0.0,0.0;0.8733921051025391,0.0,0.0,0.3058306574821472
0.91;0.0,0.0,0.0;0.871213436126709,0.0,0.0,0.3110935091972351
0.92;0.0,0.0,0.0;0.8690311908721924,0.0,0.0,0.3163648545742035
0.93;0.0,0.0,0.0;0.8668459057807922,0.0,0.0,0.321643590927124
0.94;0.0,0.0,0.0;0.8646579384803772,0.0,0.0,0.32692867517471313
0.95;0.0,0.0,0.0;0.8624677658081055,0.0,0.0,0.33221912384033203
0.96;0.0,0.0,0.0;0.8602759838104248,0.0,0.0,0.3375137448310852
0.97;0.0,0.0,0.0;0.8580827713012695,0.0,0.0,0.34281158447265625
0.98;0.0,0.0,0.0;0.8558886647224426,0.0,0.0,0.3481115400791168
0.99;0.0,0.0,0.0;0.8536941409111023,0.0,0.0,0.35341256856918335
1.0;0.0,0.0,0.0;0.8514996767044067,0.0,0.0,0.3587135672569275
1.01;0.0,0.0,0.0;0.8493055701255798,0.0,0.0,0.36401355266571045
1.02;0.0,0.0,0.0;0.8471122980117798,0.0,0.0,0.3693113625049591
1.03;0.0,0.0,0.0;0.8449204564094543,0.0,0.0,0.37460601329803467
1.04;0.0,0.0,0.0;0.8427304029464722,0.0,0.0,0.3798964023590088
1.05;0.0,0.0,0.0;0.8405424356460571,0.0,0.0,0.3851815164089203
1.06;0.0,0.0,0.0;0.8383570909500122,0.0,0.0,0.3904602527618408
1.07;0.0,0.0,0.0;0.8361749053001404,0.0,0.0,0.3957316279411316
1.08;0.0,0.0,0.0;0.8339961767196655,0.0,0.0,0.4009944498538971
1.09;0.0,0.0,0.0;0.8318213820457458,0.0,0.0,0.40624773502349854
1.1;0.0,0.0,0.0;0.8296509981155396,0.0,0.0,0.41149044036865234
1.11;0.0,0.0,0.0;0.8274855017662048,0.0,0.0,0.4167214632034302
1.12;0.0,0.0,0.0;0.8253252506256104,0.0,0.0,0.4219397306442261
1.13;0.0,0.0,0.0;0.8231706619262695,0.0,0.0,0.42714428901672363
1.14;0.0,0.0,0.0;0.8210222125053406,0.0,0.0,0.43233397603034973
1.15;0.0,0.0,0.0;0.8188803791999817,0.0,0.0,0.4375077188014984
1.16;0.0,0.0,0.0;0.8167455196380615,0.0,0.0,0.44266462326049805
1.17;0.0,0.0,0.0;0.8146181702613831,0.0,0.0,0.44780343770980835
1.18;0.0,0.0,0.0;0.8124987483024597,0.0,0.0,0.45292314887046814
1.19;0.0,0.0,0.0;0.8103876113891602,0.0,0.0,0.45802271366119385
1.2;0.0,0.0,0.0;0.8082852959632874,0.0,0.0,0.4631010591983795
1.21;0.0,0.0,0.0;0.80619215965271,0.0,0.0,0.4681571424007416
1.22;0.0,0.0,0.0;0.8041086792945862,0.0,0.0,0.47318992018699646
1.23;0.0,0.0,0.0;0.8020353317260742,0.0,0.0,0.47819826006889343
1.24;0.0,0.0,0.0;0.799972414970398,0.0,0.0,0.4831812381744385
1.25;0.0,0.0,0.0;0.7979205846786499,0.0,0.0,0.48813769221305847
1.26;0.0,0.0,0.0;0.795880138874054,0.0,0.0,0.49306654930114746
1.27;0.0,0.0,0.0;0.7938515543937683,0.0,0.0,0.4979667365550995
1.28;0.0,0.0,0.0;0.7918353080749512,0.0,0.0,0.5028373003005981
1.29;0.0,0.0,0.0;0.7898316383361816,0.0,0.0,0.5076771378517151
1.3;0.0,0.0,0.0;0.7878412008285522,0.0,0.0,0.512485146522522
1.31;0.0,0.0,0.0;0.7858644127845764,0.0,0.0,0.5172603130340576
1.32;0.0,0.0,0.0;0.7839016318321228,0.0,0.0,0.5220015048980713
1.33;0.0,0.0,0.0;0.7819533944129944,0.0,0.0,0.5267077088356018
1.34;0.0,0.0,0.0;0.780019998550415,0.0,0.0,0.531377911567688
1.35;0.0,0.0,0.0;0.7781020402908325,0.0,0.0,0.5360109806060791
1.36;0.0,0.0,0.0;0.7761998176574707,0.0,0.0,0.5406058430671692
1.37;0.0,0.0,0.0;0.7743138074874878,0.0,0.0,0.5451614856719971
1.38;0.0,0.0,0.0;0.7724446058273315,0.0,0.0,0.5496768951416016
1.39;0.0,0.0,0.0;0.770592451095581,0.0,0.0,0.5541509389877319
1.4;0.0,0.0,0.0;0.7687578797340393,0.0,0.0,0.5585824847221375
1.41;0.0,0.0,0.0;0.7669411897659302,0.0,0.0,0.5629706382751465
1.42;0.0,0.0,0.0;0.765143096446991,0.0,0.0,0.5673142671585083
1.43;0.0,0.0,0.0;0.7633637189865112,0.0,0.0,0.5716122388839722
1.44;0.0,0.0,0.0;0.7616037130355835,0.0,0.0,0.5758636593818665
1.45;0.0,0.0,0.0;0.7598634958267212,0.0,0.0,0.5800672769546509
1.46;0.0,0.0,0.0;0.7581435441970825,0.0,0.0,0.5842222571372986
1.47;0.0,0.0,0.0;0.7564440965652466,0.0,0.0,0.5883274078369141
1.48;0.0,0.0,0.0;0.7547656893730164,0.0,0.0,0.592381477355957
1.49;0.0,0.0,0.0;0.7531088590621948,0.0,0.0,0.596383810043335
1.5;0.0,0.0,0.0;0.7514740228652954,0.0,0.0,0.6003329753875732
1.51;0.0,0.0,0.0;0.749861478805542,0.0,0.0,0.6042280197143555
1.52;0.0,0.0,0.0;0.7482718229293823,0.0,0.0,0.60806804895401
1.53;0.0,0.0,0.0;0.7467053532600403,0.0,0.0,0.6118519306182861
1.54;0.0,0.0,0.0;0.7451626062393188,0.0,0.0,0.6155784726142883
1.55;0.0,0.0,0.0;0.743644118309021,0.0,0.0,0.6192466616630554
1.56;0.0,0.0,0.0;0.742150068283081,0.0,0.0,0.6228554844856262
1.57;0.0,0.0,0.0;0.7406810522079468,0.0,0.0,0.6264039874076843
1.58;0.0,0.0,0.0;0.7392375469207764,0.0,0.0,0.6298909187316895
1.59;0.0,0.0,0.0;0.7378199100494385,0.0,0.0,0.63331538438797
1.6;0.0,0.0,0.0;0.7364286184310913,0.0,0.0,0.6366761326789856
1.61;0.0,0.0,0.0;0.7350640892982483,0.0,0.0,0.6399722099304199
1.62;0.0,0.0,0.0;0.7337267398834229,0.0,0.0,0.6432026028633118
1.63;0.0,0.0,0.0;0.732417106628418,0.0,0.0,0.6463661193847656
1.64;0.0,0.0,0.0;0.7311355471611023,0.0,0.0,0.6494618654251099
1.65;0.0,0.0,0.0;0.729882538318634,0.0,0.0,0.6524887084960938
1.66;0.0,0.0,0.0;0.7286584377288818,0.0,0.0,0.6554455161094666
1.67;0.0,0.0,0.0;0.7274638414382935,0.0,0.0,0.6583313345909119
1.68;0.0,0.0,0.0;0.726298987865448,0.0,0.0,0.6611449718475342
1.69;0.0,0.0,0.0;0.7251644730567932,0.0,0.0,0.6638855338096619
1.7;0.0,0.0,0.0;0.7240606546401978,0.0,0.0,0.6665518879890442
1.71;0.0,0.0,0.0;0.7229880094528198,0.0,0.0,0.6691429018974304
1.72;0.0,0.0,0.0;0.7219469547271729,0.0,0.0,0.6716576814651489
1.73;0.0,0.0,0.0;0.720937967300415,0.0,0.0,0.6740949749946594
1.74;0.0,0.0,0.0;0.719961404800415,0.0,0.0,0.6764537692070007
1.75;0.0,0.0,0.0;0.7190178632736206,0.0,0.0,0.678733229637146
1.76;0.0,0.0,0.0;0.7181076407432556,0.0,0.0,0.6809318661689758
1.77;0.0,0.0,0.0;0.7172311544418335,0.0,0.0,0.6830490827560425
1.78;0.0,0.0,0.0;0.7163889408111572,0.0,0.0,0.6850833892822266
1.79;0.0,0.0,0.0;0.7155814170837402,0.0,0.0,0.6870341300964355
1.8;0.0,0.0,0.0;0.714809000492096,0.0,0.0,0.6888999938964844
1.81;0.0,0.0,0.0;0.7140721082687378,0.0,0.0,0.6906799077987671
1.82;0.0,0.0,0.0;0.713371217250824,0.0,0.0,0.6923729181289673
1.83;0.0,0.0,0.0;0.7127068042755127,0.0,0.0,0.693977952003479
1.84;0.0,0.0,0.0;0.7120792269706726,0.0,0.0,0.6954939365386963
1.85;0.0,0.0,0.0;0.7114889621734619,0.0,0.0,0.6969197988510132
1.86;0.0,0.0,0.0;0.710936427116394,0.0,0.0,0.6982544660568237
1.87;0.0,0.0,0.0;0.7104220390319824,0.0,0.0,0.699496865272522
1.88;0.0,0.0,0.0;0.7099463939666748,0.0,0.0,0.7006460428237915
1.89;0.0,0.0,0.0;0.7095097303390503,0.0,0.0,0.7017006874084473
1.9;0.0,0.0,0.0;0.7091125249862671,0.0,0.0,0.702660083770752
1.91;0.0,0.0,0.0;0.708755373954773,0.0,0.0,0.7035229206085205
1.92;0.0,0.0,0.0;0.708438515663147,0.0,0.0,0.7042882442474365
1.93;0.0,0.0,0.0;0.7081624865531921,0.0,0.0,0.704954981803894
1.94;0.0,0.0,0.0;0.7079277634620667,0.0,0.0,0.7055219411849976
1.95;0.0,0.0,0.0;0.7077347636222839,0.0,0.0,0.7059882879257202
1.96;0.0,0.0,0.0;0.7075837850570679,0.0,0.0,0.706352949142456
1.97;0.0,0.0,0.0;0.707475483417511,0.0,0.0,0.7066144943237305
1.98;0.0,0.0,0.0;0.7074101567268372,0.0,0.0,0.7067724466323853
1.99;0.0,0.0,0.0;0.7073882818222046,0.0,0.0,0.7068251967430115
2.0;0.0,0.0,0.0;0.707475483417511,0.0,0.0,0.7067195177078247
2.01;0.0,0.0,0.0;0.7077347040176392,0.0,0.0,0.706403911113739
2.02;0.0,0.0,0.0;0.7081625461578369,0.0,0.0,0.7058805227279663
2.03;0.0,0.0,0.0;0.708755373954773,0.0,0.0,0.705151379108429
2.04;0.0,0.0,0.0;0.7095097303390503,0.0,0.0,0.7042187452316284
2.05;0.0,0.0,0.0;0.7104220390319824,0.0,0.0,0.7030847072601318
2.06;0.0,0.0,0.0;0.7114889025688171,0.0,0.0,0.7017512917518616
2.07;0.0,0.0,0.0;0.7127068042755127,0.0,0.0,0.7002206444740295
2.08;0.0,0.0,0.0;0.7140721082687378,0.0,0.0,0.6984948515892029
2.09;0.0,0.0,0.0;0.7155814170837402,0.0,0.0,0.6965762376785278
2.1;0.0,0.0,0.0;0.7172311544418335,0.0,0.0,0.6944667100906372
2.11;0.0,0.0,0.0;0.7190178632736206,0.0,0.0,0.6921684741973877
2.12;0.0,0.0,0.0;0.720937967300415,0.0,0.0,0.6896836161613464
2.13;0.0,0.0,0.0;0.7229880094528198,0.0,0.0,0.6870142817497253
2.14;0.0,0.0,0.0;0.7251644730567932,0.0,0.0,0.6841626167297363
2.15;0.0,0.0,0.0;0.7274637818336487,0.0,0.0,0.6811306476593018
2.16;0.0,0.0,0.0;0.729882538318634,0.0,0.0,0.6779206395149231
2.17;0.0,0.0,0.0;0.732417106628418,0.0,0.0,0.6745346188545227
2.18;0.0,0.0,0.0;0.7350640892982483,0.0,0.0,0.6709746718406677
2.19;0.0,0.0,0.0;0.7378199100494385,0.0,0.0,0.6672429442405701
2.2;0.0,0.0,0.0;0.7406811118125916,0.0,0.0,0.6633416414260864
2.21;0.0,0.0,0.0;0.7436439990997314,0.0,0.0,0.6592728495597839
2.22;0.0,0.0,0.0;0.7467053532600403,0.0,0.0,0.655038595199585
2.23;0.0,0.0,0.0;0.749861478805542,0.0,0.0,0.6506410241127014
2.24;0.0,0.0,0.0;0.7531088590621948,0.0,0.0,0.6460824012756348
2.25;0.0,0.0,0.0;0.7564440369606018,0.0,0.0,0.6413646936416626
2.26;0.0,0.0,0.0;0.7598634958267212,0.0,0.0,0.6364900469779968
2.27;0.0,0.0,0.0;0.7633637189865112,0.0,0.0,0.6314606666564941
2.28;0.0,0.0,0.0;0.7669411897659302,0.0,0.0,0.6262785792350769
2.29;0.0,0.0,0.0;0.770592451095581,0.0,0.0,0.620945930480957
2.3;0.0,0.0,0.0;0.7743138670921326,0.0,0.0,0.6154648661613464
2.31;0.0,0.0,0.0;0.7781020402908325,0.0,0.0,0.6098374724388123
2.32;0.0,0.0,0.0;0.7819533348083496,0.0,0.0,0.6040658950805664
2.33;0.0,0.0,0.0;0.7858644127845764,0.0,0.0,0.598152220249176
2.34;0.0,0.0,0.0;0.7898316383361816,0.0,0.0,0.592098593711853
2.35;0.0,0.0,0.0;0.7938515543937683,0.0,0.0,0.5859071612358093
2.36;0.0,0.0,0.0;0.7979205846786499,0.0,0.0,0.5795800685882568
2.37;0.0,0.0,0.0;0.8020352721214294,0.0,0.0,0.5731192827224731
2.38;0.0,0.0,0.0;0.80619215965271,0.0,0.0,0.5665270686149597
2.39;0.0,0.0,0.0;0.8103876709938049,0.0,0.0,0.5598055124282837
2.4;0.0,0.0,0.0;0.8146181702613831,0.0,0.0,0.552956759929657
2.41;0.0,0.0,0.0;0.8188803791999817,0.0,0.0,0.545982837677002
2.42;0.0,0.0,0.0;0.8231706619262695,0.0,0.0,0.5388859510421753
2.43;0.0,0.0,0.0;0.8274855017662048,0.0,0.0,0.5316682457923889
2.44;0.0,0.0,0.0;0.8318214416503906,0.0,0.0,0.5243317484855652
2.45;0.0,0.0,0.0;0.8361749649047852,0.0,0.0,0.516878604888916
2.46;0.0,0.0,0.0;0.8405424356460571,0.0,0.0,0.5093110203742981
2.47;0.0,0.0,0.0;0.8449204564094543,0.0,0.0,0.5016310214996338
2.48;0.0,0.0,0.0;0.8493055701255798,0.0,0.0,0.4938407242298126
2.49;0.0,0.0,0.0;0.8536941409111023,0.0,0.0,0.4859423041343689
2.5;0.0,0.0,0.0;0.8580827713012695,0.0,0.0,0.47793784737586975
2.51;0.0,0.0,0.0;0.8624678254127502,0.0,0.0,0.4698295295238495
2.52;0.0,0.0,0.0;0.8668459057807922,0.0,0.0,0.46161940693855286
2.53;0.0,0.0,0.0;0.871213436126709,0.0,0.0,0.453309565782547
2.54;0.0,0.0,0.0;0.8755668997764587,0.0,0.0,0.4449022710323334
2.55;0.0,0.0,0.0;0.8799028396606445,0.0,0.0,0.43639951944351196
2.56;0.0,0.0,0.0;0.8842176795005798,0.0,0.0,0.4278034567832947
2.57;0.0,0.0,0.0;0.8885079622268677,0.0,0.0,0.41911622881889343
2.58;0.0,0.0,0.0;0.8927700519561768,0.0,0.0,0.41033995151519775
2.59;0.0,0.0,0.0;0.8970006704330444,0.0,0.0,0.40147665143013
2.6;0.0,0.0,0.0;0.9011961221694946,0.0,0.0,0.39252859354019165
2.61;0.0,0.0,0.0;0.9053530097007751,0.0,0.0,0.38349786400794983
2.62;0.0,0.0,0.0;0.9094677567481995,0.0,0.0,0.3743865489959717
2.63;0.0,0.0,0.0;0.913536787033081,0.0,0.0,0.36519676446914673
2.64;0.0,0.0,0.0;0.917556643486023,0.0,0.0,0.3559306561946869
2.65;0.0,0.0,0.0;0.9215239882469177,0.0,0.0,0.3465902805328369
2.66;0.0,0.0,0.0;0.925434947013855,0.0,0.0,0.3371778130531311
2.67;0.0,0.0,0.0;0.9292863607406616,0.0,0.0,0.32769542932510376
2.68;0.0,0.0,0.0;0.9330744743347168,0.0,0.0,0.31814518570899963
2.69;0.0,0.0,0.0;0.9367958903312683,0.0,0.0,0.30852916836738586
2.7;0.0,0.0,0.0;0.9404470324516296,0.0,0.0,0.29884958267211914
2.71;0.0,0.0,0.0;0.9440245628356934,0.0,0.0,0.2891085147857666
2.72;0.0,0.0,0.0;0.9475248456001282,0.0,0.0,0.2793079614639282
2.73;0.0,0.0,0.0;0.9509443044662476,0.0,0.0,0.26945018768310547
2.74;0.0,0.0,0.0;0.9542794823646545,0.0,0.0,0.25953730940818787
2.75;0.0,0.0,0.0;0.9575268030166626,0.0,0.0,0.24957148730754852
2.76;0.0,0.0,0.0;0.9606829285621643,0.0,0.0,0.23955470323562622
2.77;0.0,0.0,0.0;0.9637441635131836,0.0,0.0,0.22948919236660004
2.78;0.0,0.0,0.0;0.9667072296142578,0.0,0.0,0.21937698125839233
2.79;0.0,0.0,0.0;0.9695684909820557,0.0,0.0,0.20922021567821503
2.8;0.0,0.0,0.0;0.9723241329193115,0.0,0.0,0.19902107119560242
2.81;0.0,0.0,0.0;0.9749711155891418,0.0,0.0,0.18878167867660522
2.82;0.0,0.0,0.0;0.9775058031082153,0.0,0.0,0.1785040944814682
2.83;0.0,0.0,0.0;0.9799245595932007,0.0,0.0,0.16819041967391968
2.84;0.0,0.0,0.0;0.9822238683700562,0.0,0.0,0.15784288942813873
2.85;0.0,0.0,0.0;0.98440021276474,0.0,0.0,0.14746351540088654
2.86;0.0,0.0,0.0;0.9864502549171448,0.0,0.0,0.13705448806285858
2.87;0.0,0.0,0.0;0.988370418548584,0.0,0.0,0.12661778926849365
2.88;0.0,0.0,0.0;0.9901571869850159,0.0,0.0,0.11615574359893799
2.89;0.0,0.0,0.0;0.9918069243431091,0.0,0.0,0.10567036271095276
2.9;0.0,0.0,0.0;0.993316113948822,0.0,0.0,0.09516379237174988
2.91;0.0,0.0,0.0;0.9946814775466919,0.0,0.0,0.08463805913925171
2.92;0.0,0.0,0.0;0.9958992600440979,0.0,0.0,0.0740954577922821
2.93;0.0,0.0,0.0;0.9969662427902222,0.0,0.0,0.06353792548179626
2.94;0.0,0.0,0.0;0.9978785514831543,0.0,0.0,0.05296769738197327
2.95;0.0,0.0,0.0;0.9986329078674316,0.0,0.0,0.04238688945770264
2.96;0.0,0.0,0.0;0.9992256760597229,0.0,0.0,0.0317976176738739
2.97;0.0,0.0,0.0;0.9996536374092102,0.0,0.0,0.02120193839073181
2.98;0.0,0.0,0.0;0.9999127388000488,0.0,0.0,0.010602056980133057
2.99;0.0,0.0,0.0;1.0,0.0,0.0,0.0
3.0;0.0,0.0,0.0;0.9999127984046936,0.0,0.0,-0.010602022521197796
3.01;0.0,0.0,0.0;0.9996535778045654,0.0,0.0,-0.021201923489570618
3.02;0.0,0.0,0.0;0.9992257356643677,0.0,0.0,-0.031797587871551514
3.03;0.0,0.0,0.0;0.9986329078674316,0.0,0.0,-0.04238688200712204
3.04;0.0,0.0,0.0;0.9978785514831543,0.0,0.0,-0.052967701107263565
3.05;0.0,0.0,0.0;0.9969662427902222,0.0,0.0,-0.06353791803121567
3.06;0.0,0.0,0.0;0.9958993792533875,0.0,0.0,-0.07409541308879852
3.07;0.0,0.0,0.0;0.9946814775466919,0.0,0.0,-0.0846380665898323
3.08;0.0,0.0,0.0;0.9933161735534668,0.0,0.0,-0.0951637476682663
3.09;0.0,0.0,0.0;0.9918068647384644,0.0,0.0,-0.10567035526037216
3.1;0.0,0.0,0.0;0.9901571273803711,0.0,0.0,-0.11615575104951859
3.11;0.0,0.0,0.0;0.988370418548584,0.0,0.0,-0.12661781907081604
3.12;0.0,0.0,0.0;0.9864503145217896,0.0,0.0,-0.1370544582605362
3.13;0.0,0.0,0.0;0.9844003319740295,0.0,0.0,-0.14746350049972534
3.14;0.0,0.0,0.0;0.9822238087654114,0.0,0.0,-0.15784288942813873
3.15;0.0,0.0,0.0;0.9799244999885559,0.0,0.0,-0.16819044947624207
3.16;0.0,0.0,0.0;0.9775058031082153,0.0,0.0,-0.1785040944814682
3.17;0.0,0.0,0.0;0.9749711751937866,0.0,0.0,-0.18878169357776642
3.18;0.0,0.0,0.0;0.9723242521286011,0.0,0.0,-0.1990211009979248
3.19;0.0,0.0,0.0;0.9695683717727661,0.0,0.0,-0.20922024548053741
3.2;0.0,0.0,0.0;0.9667072296142578,0.0,0.0,-0.21937695145606995
3.21;0.0,0.0,0.0;0.9637442231178284,0.0,0.0,-0.22948914766311646
3.22;0.0,0.0,0.0;0.9606829881668091,0.0,0.0,-0.23955470323562622
3.23;0.0,0.0,0.0;0.9575268626213074,0.0,0.0,-0.24957148730754852
3.24;0.0,0.0,0.0;0.9542794227600098,0.0,0.0,-0.25953736901283264
3.25;0.0,0.0,0.0;0.950944185256958,0.0,0.0,-0.26945021748542786
3.26;0.0,0.0,0.0;0.9475247859954834,0.0,0.0,-0.2793079912662506
3.27;0.0,0.0,0.0;0.9440245628356934,0.0,0.0,-0.2891084551811218
3.28;0.0,0.0,0.0;0.9404470920562744,0.0,0.0,-0.29884955286979675
3.29;0.0,0.0,0.0;0.9367958903312683,0.0,0.0,-0.30852916836738586
3.3;0.0,0.0,0.0;0.933074414730072,0.0,0.0,-0.31814518570899963
3.31;0.0,0.0,0.0;0.9292863011360168,0.0,0.0,-0.32769542932510376
3.32;0.0,0.0,0.0;0.925434947013855,0.0,0.0,-0.3371778726577759
3.33;0.0,0.0,0.0;0.9215238690376282,0.0,0.0,-0.3465902805328369
3.34;0.0,0.0,0.0;0.917556643486023,0.0,0.0,-0.3559306859970093
3.35;0.0,0.0,0.0;0.9135367274284363,0.0,0.0,-0.36519676446914673
3.36;0.0,0.0,0.0;0.9094676971435547,0.0,0.0,-0.37438657879829407
3.37;0.0,0.0,0.0;0.9053529500961304,0.0,0.0,-0.3834978938102722
3.38;0.0,0.0,0.0;0.9011961817741394,0.0,0.0,-0.3925286829471588
3.39;0.0,0.0,0.0;0.8970007300376892,0.0,0.0,-0.4014767110347748
3.4;0.0,0.0,0.0;0.8927701115608215,0.0,0.0,-0.41033998131752014
3.41;0.0,0.0,0.0;0.8885079026222229,0.0,0.0,-0.4191162586212158
3.42;0.0,0.0,0.0;0.8842176795005798,0.0,0.0,-0.42780348658561707
3.43;0.0,0.0,0.0;0.8799027800559998,0.0,0.0,-0.43639954924583435
3.44;0.0,0.0,0.0;0.875566840171814,0.0,0.0,-0.44490230083465576
3.45;0.0,0.0,0.0;0.871213436126709,0.0,0.0,-0.45330965518951416
3.46;0.0,0.0,0.0;0.8668458461761475,0.0,0.0,-0.46161943674087524
3.47;0.0,0.0,0.0;0.8624678254127502,0.0,0.0,-0.4698295295238495
3.48;0.0,0.0,0.0;0.8580827116966248,0.0,0.0,-0.4779379069805145
3.49;0.0,0.0,0.0;0.8536940813064575,0.0,0.0,-0.4859423339366913
3.5;0.0,0.0,0.0;0.8493055701255798,0.0,0.0,-0.4938407242298126
3.51;0.0,0.0,0.0;0.8449204564094543,0.0,0.0,-0.501630961894989
3.52;0.0,0.0,0.0;0.8405423760414124,0.0,0.0,-0.5093110799789429
3.53;0.0,0.0,0.0;0.8361749053001404,0.0,0.0,-0.5168786644935608
3.54;0.0,0.0,0.0;0.8318214416503906,0.0,0.0,-0.52433180809021
3.55;0.0,0.0,0.0;0.8274855017662048,0.0,0.0,-0.5316682457923889
3.56;0.0,0.0,0.0;0.8231706619262695,0.0,0.0,-0.5388860106468201
3.57;0.0,0.0,0.0;0.8188803791999817,0.0,0.0,-0.5459828972816467
3.58;0.0,0.0,0.0;0.8146182298660278,0.0,0.0,-0.5529568195343018
3.59;0.0,0.0,0.0;0.8103876113891602,0.0,0.0,-0.5598055720329285
3.6;0.0,0.0,0.0;0.8061921000480652,0.0,0.0,-0.5665271878242493
3.61;0.0,0.0,0.0;0.8020353317260742,0.0,0.0,-0.5731193423271179
3.62;0.0,0.0,0.0;0.7979205846786499,0.0,0.0,-0.5795800685882568
3.63;0.0,0.0,0.0;0.7938514947891235,0.0,0.0,-0.5859072208404541
3.64;0.0,0.0,0.0;0.7898316383361816,0.0,0.0,-0.5920987129211426
3.65;0.0,0.0,0.0;0.7858644127845764,0.0,0.0,-0.5981522798538208
3.66;0.0,0.0,0.0;0.7819533348083496,0.0,0.0,-0.6040659546852112
3.67;0.0,0.0,0.0;0.7781020402908325,0.0,0.0,-0.6098374724388123
3.68;0.0,0.0,0.0;0.7743138670921326,0.0,0.0,-0.6154649257659912
3.69;0.0,0.0,0.0;0.7705923914909363,0.0,0.0,-0.6209460496902466
3.7;0.0,0.0,0.0;0.766941249370575,0.0,0.0,-0.6262785792350769
3.71;0.0,0.0,0.0;0.7633637189865112,0.0,0.0,-0.6314606666564941
3.72;0.0,0.0,0.0;0.759863555431366,0.0,0.0,-0.6364901065826416
3.73;0.0,0.0,0.0;0.7564440965652466,0.0,0.0,-0.6413646936416626
3.74;0.0,0.0,0.0;0.7531088590621948,0.0,0.0,-0.6460824012756348
3.75;0.0,0.0,0.0;0.749861478805542,0.0,0.0,-0.6506410837173462
3.76;0.0,0.0,0.0;0.7467053532600403,0.0,0.0,-0.6550386548042297
3.77;0.0,0.0,0.0;0.7436439990997314,0.0,0.0,-0.6592728495597839
3.78;0.0,0.0,0.0;0.7406810522079468,0.0,0.0,-0.6633417010307312
3.79;0.0,0.0,0.0;0.7378199100494385,0.0,0.0,-0.6672430038452148
3.8;0.0,0.0,0.0;0.7350640296936035,0.0,0.0,-0.6709746718406677
3.81;0.0,0.0,0.0;0.732417106628418,0.0,0.0,-0.6745346784591675
3.82;0.0,0.0,0.0;0.7298824787139893,0.0,0.0,-0.6779206991195679
3.83;0.0,0.0,0.0;0.7274637818336487,0.0,0.0,-0.6811307072639465
3.84;0.0,0.0,0.0;0.7251644134521484,0.0,0.0,-0.6841626763343811
3.85;0.0,0.0,0.0;0.7229880094528198,0.0,0.0,-0.6870144009590149
3.86;0.0,0.0,0.0;0.720937967300415,0.0,0.0,-0.6896836757659912
3.87;0.0,0.0,0.0;0.7190178632736206,0.0,0.0,-0.6921685338020325
3.88;0.0,0.0,0.0;0.7172311544418335,0.0,0.0,-0.694466769695282
3.89;0.0,0.0,0.0;0.7155814170837402,0.0,0.0,-0.6965763568878174
3.9;0.0,0.0,0.0;0.7140721082687378,0.0,0.0,-0.6984950304031372
3.91;0.0,0.0,0.0;0.7127068042755127,0.0,0.0,-0.7002206444740295
3.92;0.0,0.0,0.0;0.7114889621734619,0.0,0.0,-0.7017512321472168
3.93;0.0,0.0,0.0;0.7104220390319824,0.0,0.0,-0.7030847072601318
3.94;0.0,0.0,0.0;0.7095097303390503,0.0,0.0,-0.704218864440918
3.95;0.0,0.0,0.0;0.708755373954773,0.0,0.0,-0.7051516175270081
3.96;0.0,0.0,0.0;0.7081625461578369,0.0,0.0,-0.7058806419372559
3.97;0.0,0.0,0.0;0.7077347040176392,0.0,0.0,-0.7064040899276733
3.98;0.0,0.0,0.0;0.707475483417511,0.0,0.0,-0.7067196369171143
3.99;0.0,0.0,0.0;0.7073882818222046,0.0,0.0,-0.7068251967430115
4.0;0.0,0.0,0.0;0.707475483417511,0.0,0.0,-0.7066145539283752
4.01;0.0,0.0,0.0;0.7077347040176392,0.0,0.0,-0.705988347530365
4.02;0.0,0.0,0.0;0.7081625461578369,0.0,0.0,-0.7049549221992493
4.03;0.0,0.0,0.0;0.708755373954773,0.0,0.0,-0.7035229206085205
4.04;0.0,0.0,0.0;0.7095097303390503,0.0,0.0,-0.701700747013092
4.05;0.0,0.0,0.0;0.7104220390319824,0.0,0.0,-0.699496865272522
4.06;0.0,0.0,0.0;0.7114889025688171,0.0,0.0,-0.6969197392463684
4.07;0.0,0.0,0.0;0.7127068042755127,0.0,0.0,-0.693977952003479
4.08;0.0,0.0,0.0;0.7140721082687378,0.0,0.0,-0.6906799077987671
4.09;0.0,0.0,0.0;0.7155814170837402,0.0,0.0,-0.6870340704917908
4.1;0.0,0.0,0.0;0.7172311544418335,0.0,0.0,-0.6830490231513977
4.11;0.0,0.0,0.0;0.7190178632736206,0.0,0.0,-0.6787331104278564
4.12;0.0,0.0,0.0;0.720937967300415,0.0,0.0,-0.6740949153900146
4.13;0.0,0.0,0.0;0.722987949848175,0.0,0.0,-0.6691429615020752
4.14;0.0,0.0,0.0;0.7251644730567932,0.0,0.0,-0.6638855338096619
4.15;0.0,0.0,0.0;0.7274637818336487,0.0,0.0,-0.6583313345909119
4.16;0.0,0.0,0.0;0.7298824787139893,0.0,0.0,-0.6524887084960938
4.17;0.0,0.0,0.0;0.732417106628418,0.0,0.0,-0.6463661789894104
4.18;0.0,0.0,0.0;0.7350640296936035,0.0,0.0,-0.6399723291397095
4.19;0.0,0.0,0.0;0.7378199100494385,0.0,0.0,-0.63331538438797
4.2;0.0,0.0,0.0;0.7406810522079468,0.0,0.0,-0.6264040470123291
4.21;0.0,0.0,0.0;0.7436440587043762,0.0,0.0,-0.619246780872345
4.22;0.0,0.0,0.0;0.7467052936553955,0.0,0.0,-0.6118519306182861
4.23;0.0,0.0,0.0;0.7498614192008972,0.0,0.0,-0.604228138923645
4.24;0.0,0.0,0.0;0.7531088590621948,0.0,0.0,-0.596383810043335
4.25;0.0,0.0,0.0;0.7564440965652466,0.0,0.0,-0.5883274078369141
4.26;0.0,0.0,0.0;0.7598634958267212,0.0,0.0,-0.5800673961639404
4.27;0.0,0.0,0.0;0.7633637189865112,0.0,0.0,-0.5716123580932617
4.28;0.0,0.0,0.0;0.7669411897659302,0.0,0.0,-0.5629708170890808
4.29;0.0,0.0,0.0;0.7705923914909363,0.0,0.0,-0.5541509389877319
4.3;0.0,0.0,0.0;0.7743138670921326,0.0,0.0,-0.5451615452766418
4.31;0.0,0.0,0.0;0.7781019806861877,0.0,0.0,-0.5360110402107239
4.32;0.0,0.0,0.0;0.7819533348083496,0.0,0.0,-0.5267077684402466
4.33;0.0,0.0,0.0;0.7858644127845764,0.0,0.0,-0.5172603726387024
4.34;0.0,0.0,0.0;0.7898316383361816,0.0,0.0,-0.5076771974563599
4.35;0.0,0.0,0.0;0.7938515543937683,0.0,0.0,-0.49796685576438904
4.36;0.0,0.0,0.0;0.7979205846786499,0.0,0.0,-0.48813772201538086
4.37;0.0,0.0,0.0;0.8020353317260742,0.0,0.0,-0.4781983494758606
4.38;0.0,0.0,0.0;0.8061921000480652,0.0,0.0,-0.46815723180770874
4.39;0.0,0.0,0.0;0.8103875517845154,0.0,0.0,-0.45802274346351624
4.4;0.0,0.0,0.0;0.8146181702613831,0.0,0.0,-0.44780346751213074
4.41;0.0,0.0,0.0;0.8188803791999817,0.0,0.0,-0.43750783801078796
4.42;0.0,0.0,0.0;0.8231706023216248,0.0,0.0,-0.4271443784236908
4.43;0.0,0.0,0.0;0.8274855017662048,0.0,0.0,-0.41672152280807495
4.44;0.0,0.0,0.0;0.8318214416503906,0.0,0.0,-0.4062477946281433
4.45;0.0,0.0,0.0;0.8361748456954956,0.0,0.0,-0.3957316279411316
4.46;0.0,0.0,0.0;0.8405424356460571,0.0,0.0,-0.3851815462112427
4.47;0.0,0.0,0.0;0.8449204564094543,0.0,0.0,-0.37460604310035706
4.48;0.0,0.0,0.0;0.8493055701255798,0.0,0.0,-0.36401355266571045
4.49;0.0,0.0,0.0;0.8536942005157471,0.0,0.0,-0.35341259837150574
4.5;0.0,0.0,0.0;0.8580827116966248,0.0,0.0,-0.342811644077301
4.51;0.0,0.0,0.0;0.8624678254127502,0.0,0.0,-0.3322191834449768
4.52;0.0,0.0,0.0;0.8668459057807922,0.0,0.0,-0.321643590927124
4.53;0.0,0.0,0.0;0.8712133765220642,0.0,0.0,-0.3110935091972351
4.54;0.0,0.0,0.0;0.875566840171814,0.0,0.0,-0.30057743191719055
4.55;0.0,0.0,0.0;0.8799027800559998,0.0,0.0,-0.2901036739349365
4.56;0.0,0.0,0.0;0.8842176198959351,0.0,0.0,-0.27968084812164307
4.57;0.0,0.0,0.0;0.8885079026222229,0.0,0.0,-0.2693174183368683
4.58;0.0,0.0,0.0;0.8927700519561768,0.0,0.0,-0.25902172923088074
4.59;0.0,0.0,0.0;0.8970006108283997,0.0,0.0,-0.24880245327949524
4.6;0.0,0.0,0.0;0.9011961817741394,0.0,0.0,-0.23866796493530273
4.61;0.0,0.0,0.0;0.9053530693054199,0.0,0.0,-0.22862684726715088
4.62;0.0,0.0,0.0;0.9094676971435547,0.0,0.0,-0.21868744492530823
4.63;0.0,0.0,0.0;0.913536787033081,0.0,0.0,-0.20885831117630005
4.64;0.0,0.0,0.0;0.917556643486023,0.0,0.0,-0.19914793968200684
4.65;0.0,0.0,0.0;0.9215238690376282,0.0,0.0,-0.1895647943019867
4.66;0.0,0.0,0.0;0.925434947013855,0.0,0.0,-0.1801174283027649
4.67;0.0,0.0,0.0;0.9292862415313721,0.0,0.0,-0.17081421613693237
4.68;0.0,0.0,0.0;0.933074414730072,0.0,0.0,-0.16166359186172485
4.69;0.0,0.0,0.0;0.9367958903312683,0.0,0.0,-0.15267419815063477
4.7;0.0,0.0,0.0;0.9404470324516296,0.0,0.0,-0.14385443925857544
4.71;0.0,0.0,0.0;0.9440245628356934,0.0,0.0,-0.13521283864974976
4.72;0.0,0.0,0.0;0.9475247263908386,0.0,0.0,-0.12675780057907104
4.73;0.0,0.0,0.0;0.950944185256958,0.0,0.0,-0.11849772930145264
4.74;0.0,0.0,0.0;0.9542794227600098,0.0,0.0,-0.11044138669967651
4.75;0.0,0.0,0.0;0.9575268030166626,0.0,0.0,-0.10259711742401123
4.76;0.0,0.0,0.0;0.9606829285621643,0.0,0.0,-0.09497320652008057
4.77;0.0,0.0,0.0;0.9637441635131836,0.0,0.0,-0.08757847547531128
4.78;0.0,0.0,0.0;0.9667072296142578,0.0,0.0,-0.08042114973068237
4.79;0.0,0.0,0.0;0.9695683717727661,0.0,0.0,-0.07350975275039673
4.8;0.0,0.0,0.0;0.9723242521286011,0.0,0.0,-0.06685292720794678
4.81;0.0,0.0,0.0;0.9749711155891418,0.0,0.0,-0.0604589581489563
4.82;0.0,0.0,0.0;0.9775058031082153,0.0,0.0,-0.054336369037628174
4.83;0.0,0.0,0.0;0.9799245595932007,0.0,0.0,-0.048493802547454834
4.84;0.0,0.0,0.0;0.9822238683700562,0.0,0.0,-0.042939603328704834
4.85;0.0,0.0,0.0;0.98440021276474,0.0,0.0,-0.03768223524093628
4.86;0.0,0.0,0.0;0.9864502549171448,0.0,0.0,-0.032730162143707275
4.87;0.0,0.0,0.0;0.9883705377578735,0.0,0.0,-0.028092026710510254
4.88;0.0,0.0,0.0;0.9901571869850159,0.0,0.0,-0.023776113986968994
4.89;0.0,0.0,0.0;0.9918069243431091,0.0,0.0,-0.019791126251220703
4.9;0.0,0.0,0.0;0.993316113948822,0.0,0.0,-0.01614522933959961
4.91;0.0,0.0,0.0;0.9946814775466919,0.0,0.0,-0.012847304344177246
4.92;0.0,0.0,0.0;0.9958992600440979,0.0,0.0,-0.009905338287353516
4.93;0.0,0.0,0.0;0.9969662427902222,0.0,0.0,-0.0073282718658447266
4.94;0.0,0.0,0.0;0.9978785514831543,0.0,0.0,-0.005124449729919434
4.95;0.0,0.0,0.0;0.9986329078674316,0.0,0.0,-0.003302335739135742
4.96;0.0,0.0,0.0;0.9992256760597229,0.0,0.0,-0.0018701553344726562
4.97;0.0,0.0,0.0;0.9996536374092102,0.0,0.0,-0.0008369684219360352
4.98;0.0,0.0,0.0;0.9999127388000488,0.0,0.0,-0.00021076202392578125
4.99;0.0,0.0,0.0;1.0,0.0,0.0,0.0
5.0;0.0,0.0,0.0;0.9999127984046936,0.0,0.00021063418535050005,0.0
5.01;0.0,0.0,0.0;0.9996535778045654,0.0,0.0008368818671442568,0.0
5.02;0.0,0.0,0.0;0.9992257356643677,0.0,0.0018702613888308406,0.0
5.03;0.0,0.0,0.0;0.9986329078674316,0.0,0.0033022905699908733,0.0
5.04;0.0,0.0,0.0;0.9978785514831543,0.0,0.005124487914144993,0.0
5.05;0.0,0.0,0.0;0.9969661831855774,0.0,0.0073283701203763485,0.0
5.06;0.0,0.0,0.0;0.9958993792533875,0.0,0.009905458427965641,0.0
5.07;0.0,0.0,0.0;0.9946814775466919,0.0,0.012847265228629112,0.0
5.08;0.0,0.0,0.0;0.9933161735534668,0.0,0.016145315021276474,0.0
5.09;0.0,0.0,0.0;0.9918068647384644,0.0,0.019791122525930405,0.0
5.1;0.0,0.0,0.0;0.9901571273803711,0.0,0.023776201531291008,0.0
5.11;0.0,0.0,0.0;0.988370418548584,0.0,0.02809208258986473,0.0
5.12;0.0,0.0,0.0;0.9864503145217896,0.0,0.03273027390241623,0.0
5.13;0.0,0.0,0.0;0.9844002723693848,0.0,0.037682294845581055,0.0
5.14;0.0,0.0,0.0;0.9822238087654114,0.0,0.04293965548276901,0.0
5.15;0.0,0.0,0.0;0.9799244403839111,0.0,0.048493891954422,0.0
5.16;0.0,0.0,0.0;0.9775057435035706,0.0,0.05433651804924011,0.0
5.17;0.0,0.0,0.0;0.9749711155891418,0.0,0.06045903265476227,0.0
5.18;0.0,0.0,0.0;0.9723241925239563,0.0,0.06685297936201096,0.0
5.19;0.0,0.0,0.0;0.9695683121681213,0.0,0.07350985705852509,0.0
5.2;0.0,0.0,0.0;0.966707170009613,0.0,0.08042119443416595,0.0
5.21;0.0,0.0,0.0;0.9637442231178284,0.0,0.08757851272821426,0.0
5.22;0.0,0.0,0.0;0.9606829285621643,0.0,0.09497331827878952,0.0
5.23;0.0,0.0,0.0;0.9575268030166626,0.0,0.10259713232517242,0.0
5.24;0.0,0.0,0.0;0.9542794227600098,0.0,0.11044147610664368,0.0
5.25;0.0,0.0,0.0;0.9509442448616028,0.0,0.11849787831306458,0.0
5.26;0.0,0.0,0.0;0.9475247859954834,0.0,0.12675781548023224,0.0
5.27;0.0,0.0,0.0;0.9440245032310486,0.0,0.13521286845207214,0.0
5.28;0.0,0.0,0.0;0.9404470920562744,0.0,0.1438545286655426,0.0
5.29;0.0,0.0,0.0;0.9367958307266235,0.0,0.15267427265644073,0.0
5.3;0.0,0.0,0.0;0.933074414730072,0.0,0.1616637110710144,0.0
5.31;0.0,0.0,0.0;0.9292862415313721,0.0,0.17081426084041595,0.0
5.32;0.0,0.0,0.0;0.925434947013855,0.0,0.18011747300624847,0.0
5.33;0.0,0.0,0.0;0.9215238690376282,0.0,0.18956488370895386,0.0
5.34;0.0,0.0,0.0;0.917556643486023,0.0,0.199148029088974,0.0
5.35;0.0,0.0,0.0;0.9135367274284363,0.0,0.2088584303855896,0.0
5.36;0.0,0.0,0.0;0.9094676971435547,0.0,0.218687504529953,0.0
5.37;0.0,0.0,0.0;0.9053529500961304,0.0,0.22862684726715088,0.0
5.38;0.0,0.0,0.0;0.9011961221694946,0.0,0.23866808414459229,0.0
5.39;0.0,0.0,0.0;0.8970006704330444,0.0,0.24880248308181763,0.0
5.4;0.0,0.0,0.0;0.8927700519561768,0.0,0.2590217590332031,0.0
5.41;0.0,0.0,0.0;0.8885079026222229,0.0,0.2693173885345459,0.0
5.42;0.0,0.0,0.0;0.8842176198959351,0.0,0.27968084812164307,0.0
5.43;0.0,0.0,0.0;0.879902720451355,0.0,0.2901037335395813,0.0
5.44;0.0,0.0,0.0;0.8755668997764587,0.0,0.30057743191719055,0.0
5.45;0.0,0.0,0.0;0.871213436126709,0.0,0.3110935688018799,0.0
5.46;0.0,0.0,0.0;0.8668458461761475,0.0,0.3216436505317688,0.0
5.47;0.0,0.0,0.0;0.8624678254127502,0.0,0.3322191536426544,0.0
5.48;0.0,0.0,0.0;0.8580827116966248,0.0,0.342811644077301,0.0
5.49;0.0,0.0,0.0;0.8536940813064575,0.0,0.35341259837150574,0.0
5.5;0.0,0.0,0.0;0.8493055701255798,0.0,0.36401355266571045,0.0
5.51;0.0,0.0,0.0;0.8449204564094543,0.0,0.37460601329803467,0.0
5.52;0.0,0.0,0.0;0.8405424356460571,0.0,0.3851815164089203,0.0
5.53;0.0,0.0,0.0;0.8361749053001404,0.0,0.3957316279411316,0.0
5.54;0.0,0.0,0.0;0.8318214416503906,0.0,0.4062477648258209,0.0
5.55;0.0,0.0,0.0;0.8274855017662048,0.0,0.41672152280807495,0.0
5.56;0.0,0.0,0.0;0.8231706619262695,0.0,0.4271443486213684,0.0
5.57;0.0,0.0,0.0;0.8188803791999817,0.0,0.4375077784061432,0.0
5.58;0.0,0.0,0.0;0.8146181702613831,0.0,0.44780343770980835,0.0
5.59;0.0,0.0,0.0;0.8103876113891602,0.0,0.45802271366119385,0.0
5.6;0.0,0.0,0.0;0.80619215965271,0.0,0.4681571424007416,0.0
5.61;0.0,0.0,0.0;0.8020353317260742,0.0,0.47819826006889343,0.0
5.62;0.0,0.0,0.0;0.7979205846786499,0.0,0.48813769221305847,0.0
5.63;0.0,0.0,0.0;0.7938515543937683,0.0,0.49796685576438904,0.0
5.64;0.0,0.0,0.0;0.7898316383361816,0.0,0.5076770782470703,0.0
5.65;0.0,0.0,0.0;0.7858644127845764,0.0,0.5172603130340576,0.0
5.66;0.0,0.0,0.0;0.7819533944129944,0.0,0.5267077088356018,0.0
5.67;0.0,0.0,0.0;0.7781020402908325,0.0,0.5360109806060791,0.0
5.68;0.0,0.0,0.0;0.7743138074874878,0.0,0.5451614856719971,0.0
5.69;0.0,0.0,0.0;0.770592451095581,0.0,0.5541509389877319,0.0
5.7;0.0,0.0,0.0;0.7669411897659302,0.0,0.5629706382751465,0.0
5.71;0.0,0.0,0.0;0.763363778591156,0.0,0.5716122984886169,0.0
5.72;0.0,0.0,0.0;0.7598634958267212,0.0,0.5800672769546509,0.0
5.73;0.0,0.0,0.0;0.7564440965652466,0.0,0.5883274078369141,0.0
5.74;0.0,0.0,0.0;0.7531088590621948,0.0,0.596383810043335,0.0
5.75;0.0,0.0,0.0;0.749861478805542,0.0,0.6042280197143555,0.0
5.76;0.0,0.0,0.0;0.7467053532600403,0.0,0.6118519306182861,0.0
5.77;0.0,0.0,0.0;0.743644118309021,0.0,0.6192466616630554,0.0
5.78;0.0,0.0,0.0;0.7406810522079468,0.0,0.6264039874076843,0.0
5.79;0.0,0.0,0.0;0.7378199100494385,0.0,0.63331538438797,0.0
5.8;0.0,0.0,0.0;0.7350640892982483,0.0,0.6399722099304199,0.0
5.81;0.0,0.0,0.0;0.732417106628418,0.0,0.6463661193847656,0.0
5.82;0.0,0.0,0.0;0.729882538318634,0.0,0.6524887084960938,0.0
5.83;0.0,0.0,0.0;0.7274637818336487,0.0,0.6583313941955566,0.0
5.84;0.0,0.0,0.0;0.7251644134521484,0.0,0.6638855338096619,0.0
5.85;0.0,0.0,0.0;0.7229880094528198,0.0,0.6691429018974304,0.0
5.86;0.0,0.0,0.0;0.720937967300415,0.0,0.6740949749946594,0.0
5.87;0.0,0.0,0.0;0.7190178632736206,0.0,0.678733229637146,0.0
5.88;0.0,0.0,0.0;0.7172311544418335,0.0,0.6830490827560425,0.0
5.89;0.0,0.0,0.0;0.7155814170837402,0.0,0.6870341300964355,0.0
5.9;0.0,0.0,0.0;0.7140721082687378,0.0,0.6906800270080566,0.0
5.91;0.0,0.0,0.0;0.7127068042755127,0.0,0.6939778327941895,0.0
5.92;0.0,0.0,0.0;0.7114889621734619,0.0,0.6969197988510132,0.0
5.93;0.0,0.0,0.0;0.7104220390319824,0.0,0.6994969844818115,0.0
5.94;0.0,0.0,0.0;0.7095097303390503,0.0,0.7017006874084473,0.0
5.95;0.0,0.0,0.0;0.7087553143501282,0.0,0.7035230398178101,0.0
5.96;0.0,0.0,0.0;0.7081624865531921,0.0,0.704954981803894,0.0
5.97;0.0,0.0,0.0;0.7077347040176392,0.0,0.7059882879257202,0.0
5.98;0.0,0.0,0.0;0.707475483417511,0.0,0.7066144943237305,0.0
5.99;0.0,0.0,0.0;0.7073882818222046,0.0,0.7068251967430115,0.0
6.0;0.0,0.0,0.0;0.707475483417511,0.0,0.7067195177078247,0.0
6.01;0.0,0.0,0.0;0.7077347040176392,0.0,0.706403911113739,0.0
6.02;0.0,0.0,0.0;0.7081625461578369,0.0,0.7058805227279663,0.0
6.03;0.0,0.0,0.0;0.708755373954773,0.0,0.705151379108429,0.0
6.04;0.0,0.0,0.0;0.7095097303390503,0.0,0.7042187452316284,0.0
6.05;0.0,0.0,0.0;0.7104220986366272,0.0,0.7030847072601318,0.0
6.06;0.0,0.0,0.0;0.7114889025688171,0.0,0.7017512321472168,0.0
6.07;0.0,0.0,0.0;0.7127068042755127,0.0,0.7002206444740295,0.0
6.08;0.0,0.0,0.0;0.7140721082687378,0.0,0.6984948515892029,0.0
6.09;0.0,0.0,0.0;0.7155814170837402,0.0,0.6965761780738831,0.0
6.1;0.0,0.0,0.0;0.7172311544418335,0.0,0.6944667100906372,0.0
6.11;0.0,0.0,0.0;0.7190178632736206,0.0,0.6921684741973877,0.0
6.12;0.0,0.0,0.0;0.720937967300415,0.0,0.6896836161613464,0.0
6.13;0.0,0.0,0.0;0.7229880094528198,0.0,0.6870142817497253,0.0
6.14;0.0,0.0,0.0;0.7251644730567932,0.0,0.6841625571250916,0.0
6.15;0.0,0.0,0.0;0.7274638414382935,0.0,0.6811306476593018,0.0
6.16;0.0,0.0,0.0;0.729882538318634,0.0,0.6779206395149231,0.0
6.17;0.0,0.0,0.0;0.7324171662330627,0.0,0.6745345592498779,0.0
6.18;0.0,0.0,0.0;0.7350640892982483,0.0,0.670974612236023,0.0
6.19;0.0,0.0,0.0;0.7378199696540833,0.0,0.6672429442405701,0.0
6.2;0.0,0.0,0.0;0.7406811118125916,0.0,0.6633416414260864,0.0
6.21;0.0,0.0,0.0;0.7436440587043762,0.0,0.6592727899551392,0.0
6.22;0.0,0.0,0.0;0.7467053532600403,0.0,0.655038595199585,0.0
6.23;0.0,0.0,0.0;0.749861478805542,0.0,0.6506410241127014,0.0
6.24;0.0,0.0,0.0;0.7531088590621948,0.0,0.64608234167099,0.0
6.25;0.0,0.0,0.0;0.7564440369606018,0.0,0.6413646340370178,0.0
6.26;0.0,0.0,0.0;0.7598634958267212,0.0,0.6364900469779968,0.0
6.27;0.0,0.0,0.0;0.763363778591156,0.0,0.6314606666564941,0.0
6.28;0.0,0.0,0.0;0.7669411897659302,0.0,0.6262785196304321,0.0
6.29;0.0,0.0,0.0;0.770592451095581,0.0,0.620945930480957,0.0
6.3;0.0,0.0,0.0;0.7743138670921326,0.0,0.6154647469520569,0.0
6.31;0.0,0.0,0.0;0.7781020402908325,0.0,0.6098374128341675,0.0
6.32;0.0,0.0,0.0;0.7819533348083496,0.0,0.6040658354759216,0.0
6.33;0.0,0.0,0.0;0.7858644127845764,0.0,0.598152220249176,0.0
6.34;0.0,0.0,0.0;0.7898316383361816,0.0,0.592098593711853,0.0
6.35;0.0,0.0,0.0;0.7938515543937683,0.0,0.5859071612358093,0.0
6.36;0.0,0.0,0.0;0.7979205846786499,0.0,0.5795800089836121,0.0
6.37;0.0,0.0,0.0;0.8020353317260742,0.0,0.5731192827224731,0.0
6.38;0.0,0.0,0.0;0.80619215965271,0.0,0.5665270090103149,0.0
6.39;0.0,0.0,0.0;0.8103876113891602,0.0,0.5598055124282837,0.0
6.4;0.0,0.0,0.0;0.8146182298660278,0.0,0.5529567003250122,0.0
6.41;0.0,0.0,0.0;0.8188803791999817,0.0,0.545982837677002,0.0
6.42;0.0,0.0,0.0;0.8231706619262695,0.0,0.5388860106468201,0.0
6.43;0.0,0.0,0.0;0.8274855613708496,0.0,0.5316681861877441,0.0
6.44;0.0,0.0,0.0;0.8318213820457458,0.0,0.5243316888809204,0.0
6.45;0.0,0.0,0.0;0.8361748456954956,0.0,0.516878604888916,0.0
6.46;0.0,0.0,0.0;0.8405424356460571,0.0,0.5093109607696533,0.0
6.47;0.0,0.0,0.0;0.8449204564094543,0.0,0.501630961894989,0.0
6.48;0.0,0.0,0.0;0.8493055701255798,0.0,0.49384069442749023,0.0
6.49;0.0,0.0,0.0;0.8536942005157471,0.0,0.4859422743320465,0.0
6.5;0.0,0.0,0.0;0.8580827116966248,0.0,0.47793784737586975,0.0
6.51;0.0,0.0,0.0;0.8624678254127502,0.0,0.4698294997215271,0.0
6.52;0.0,0.0,0.0;0.8668458461761475,0.0,0.46161937713623047,0.0
6.53;0.0,0.0,0.0;0.8712133765220642,0.0,0.4533095955848694,0.0
6.54;0.0,0.0,0.0;0.875566840171814,0.0,0.444902241230011,0.0
6.55;0.0,0.0,0.0;0.8799027800559998,0.0,0.4363994896411896,0.0
6.56;0.0,0.0,0.0;0.8842176198959351,0.0,0.4278034269809723,0.0
6.57;0.0,0.0,0.0;0.8885079026222229,0.0,0.41911622881889343,0.0
6.58;0.0,0.0,0.0;0.8927701115608215,0.0,0.41033992171287537,0.0
6.59;0.0,0.0,0.0;0.8970006704330444,0.0,0.4014767110347748,0.0
6.6;0.0,0.0,0.0;0.9011961221694946,0.0,0.3925286531448364,0.0
6.61;0.0,0.0,0.0;0.9053529500961304,0.0,0.3834978938102722,0.0
6.62;0.0,0.0,0.0;0.9094675779342651,0.0,0.37438660860061646,0.0
6.63;0.0,0.0,0.0;0.913536787033081,0.0,0.36519676446914673,0.0
6.64;0.0,0.0,0.0;0.9175565838813782,0.0,0.3559306263923645,0.0
6.65;0.0,0.0,0.0;0.9215238094329834,0.0,0.3465903103351593,0.0
6.66;0.0,0.0,0.0;0.9254348874092102,0.0,0.3371778726577759,0.0
6.67;0.0,0.0,0.0;0.9292861819267273,0.0,0.32769545912742615,0.0
6.68;0.0,0.0,0.0;0.9330744743347168,0.0,0.318145215511322,0.0
6.69;0.0,0.0,0.0;0.9367958903312683,0.0,0.30852919816970825,0.0
6.7;0.0,0.0,0.0;0.9404470920562744,0.0,0.2988496422767639,0.0
6.71;0.0,0.0,0.0;0.9440245032310486,0.0,0.28910842537879944,0.0
6.72;0.0,0.0,0.0;0.9475247859954834,0.0,0.2793079614639282,0.0
6.73;0.0,0.0,0.0;0.9509443044662476,0.0,0.26945024728775024,0.0
6.74;0.0,0.0,0.0;0.954279363155365,0.0,0.25953736901283264,0.0
6.75;0.0,0.0,0.0;0.9575268030166626,0.0,0.24957150220870972,0.0
6.76;0.0,0.0,0.0;0.9606829285621643,0.0,0.2395547777414322,0.0
6.77;0.0,0.0,0.0;0.9637441635131836,0.0,0.22948922216892242,0.0
6.78;0.0,0.0,0.0;0.9667072892189026,0.0,0.21937698125839233,0.0
6.79;0.0,0.0,0.0;0.9695683717727661,0.0,0.20922024548053741,0.0
6.8;0.0,0.0,0.0;0.9723242521286011,0.0,0.1990211457014084,0.0
6.81;0.0,0.0,0.0;0.9749711751937866,0.0,0.1887817531824112,0.0
6.82;0.0,0.0,0.0;0.9775057435035706,0.0,0.1785041093826294,0.0
6.83;0.0,0.0,0.0;0.9799244403839111,0.0,0.16819044947624207,0.0
6.84;0.0,0.0,0.0;0.9822238683700562,0.0,0.15784287452697754,0.0
6.85;0.0,0.0,0.0;0.9844002723693848,0.0,0.14746356010437012,0.0
6.86;0.0,0.0,0.0;0.9864503145217896,0.0,0.13705451786518097,0.0
6.87;0.0,0.0,0.0;0.988370418548584,0.0,0.126617893576622,0.0
6.88;0.0,0.0,0.0;0.9901571273803711,0.0,0.11615581810474396,0.0
6.89;0.0,0.0,0.0;0.9918067455291748,0.0,0.10567033290863037,0.0
6.9;0.0,0.0,0.0;0.9933161735534668,0.0,0.0951637327671051,0.0
6.91;0.0,0.0,0.0;0.9946815371513367,0.0,0.08463814854621887,0.0
6.92;0.0,0.0,0.0;0.9958993792533875,0.0,0.07409548759460449,0.0
6.93;0.0,0.0,0.0;0.9969662427902222,0.0,0.06353789567947388,0.0
6.94;0.0,0.0,0.0;0.9978785514831543,0.0,0.05296769738197327,0.0
6.95;0.0,0.0,0.0;0.9986329674720764,0.0,0.04238685965538025,0.0
6.96;0.0,0.0,0.0;0.9992257356643677,0.0,0.031797587871551514,0.0
6.97;0.0,0.0,0.0;0.9996535181999207,0.0,0.0212019681930542,0.0
6.98;0.0,0.0,0.0;0.9999127388000488,0.0,0.010602027177810669,0.0
6.99;0.0,0.0,0.0;1.0,0.0,0.0,0.0
7.0;0.0,0.0,0.0;0.9999127984046936,0.0,-0.010602029040455818,0.0
7.01;0.0,0.0,0.0;0.9996535778045654,0.0,-0.021201934665441513,0.0
7.02;0.0,0.0,0.0;0.9992257356643677,0.0,-0.03179760277271271,0.0
7.03;0.0,0.0,0.0;0.9986329078674316,0.0,-0.04238690435886383,0.0
7.04;0.0,0.0,0.0;0.9978785514831543,0.0,-0.052967727184295654,0.0
7.05;0.0,0.0,0.0;0.9969661831855774,0.0,-0.06353794038295746,0.0
7.06;0.0,0.0,0.0;0.9958993792533875,0.0,-0.07409544289112091,0.0
7.07;0.0,0.0,0.0;0.9946814775466919,0.0,-0.0846380963921547,0.0
7.08;0.0,0.0,0.0;0.9933161735534668,0.0,-0.09516378492116928,0.0
7.09;0.0,0.0,0.0;0.9918068647384644,0.0,-0.10567039996385574,0.0
7.1;0.0,0.0,0.0;0.9901571273803711,0.0,-0.11615578830242157,0.0
7.11;0.0,0.0,0.0;0.988370418548584,0.0,-0.12661787867546082,0.0
7.12;0.0,0.0,0.0;0.9864503145217896,0.0,-0.13705450296401978,0.0
7.13;0.0,0.0,0.0;0.9844002723693848,0.0,-0.14746356010437012,0.0
7.14;0.0,0.0,0.0;0.9822238087654114,0.0,-0.15784293413162231,0.0
7.15;0.0,0.0,0.0;0.9799244403839111,0.0,-0.16819049417972565,0.0
7.16;0.0,0.0,0.0;0.9775057435035706,0.0,-0.17850413918495178,0.0
7.17;0.0,0.0,0.0;0.9749711155891418,0.0,-0.1887817233800888,0.0
7.18;0.0,0.0,0.0;0.9723241925239563,0.0,-0.1990211457014084,0.0
7.19;0.0,0.0,0.0;0.9695683121681213,0.0,-0.209220290184021,0.0
7.2;0.0,0.0,0.0;0.966707170009613,0.0,-0.21937699615955353,0.0
7.21;0.0,0.0,0.0;0.9637442231178284,0.0,-0.22948920726776123,0.0
7.22;0.0,0.0,0.0;0.9606829285621643,0.0,-0.2395547479391098,0.0
7.23;0.0,0.0,0.0;0.9575268030166626,0.0,-0.24957150220870972,0.0
7.24;0.0,0.0,0.0;0.9542794227600098,0.0,-0.25953739881515503,0.0
7.25;0.0,0.0,0.0;0.9509442448616028,0.0,-0.26945024728775024,0.0
7.26;0.0,0.0,0.0;0.9475247859954834,0.0,-0.2793079912662506,0.0
7.27;0.0,0.0,0.0;0.9440245032310486,0.0,-0.2891084849834442,0.0
7.28;0.0,0.0,0.0;0.9404470920562744,0.0,-0.29884961247444153,0.0
7.29;0.0,0.0,0.0;0.9367958307266235,0.0,-0.30852919816970825,0.0
7.3;0.0,0.0,0.0;0.933074414730072,0.0,-0.318145215511322,0.0
7.31;0.0,0.0,0.0;0.9292862415313721,0.0,-0.32769548892974854,0.0
7.32;0.0,0.0,0.0;0.925434947013855,0.0,-0.3371778726577759,0.0
7.33;0.0,0.0,0.0;0.9215238690376282,0.0,-0.3465903103351593,0.0
7.34;0.0,0.0,0.0;0.917556643486023,0.0,-0.3559306859970093,0.0
7.35;0.0,0.0,0.0;0.9135367274284363,0.0,-0.36519676446914673,0.0
7.36;0.0,0.0,0.0;0.9094676971435547,0.0,-0.3743865489959717,0.0
7.37;0.0,0.0,0.0;0.9053529500961304,0.0,-0.3834978938102722,0.0
7.38;0.0,0.0,0.0;0.9011961221694946,0.0,-0.3925286531448364,0.0
7.39;0.0,0.0,0.0;0.8970006704330444,0.0,-0.4014766812324524,0.0
7.4;0.0,0.0,0.0;0.8927700519561768,0.0,-0.41033992171287537,0.0
7.41;0.0,0.0,0.0;0.8885079026222229,0.0,-0.41911619901657104,0.0
7.42;0.0,0.0,0.0;0.8842176198959351,0.0,-0.4278034269809723,0.0
7.43;0.0,0.0,0.0;0.879902720451355,0.0,-0.4363994896411896,0.0
7.44;0.0,0.0,0.0;0.8755668997764587,0.0,-0.4449022710323334,0.0
7.45;0.0,0.0,0.0;0.871213436126709,0.0,-0.4533095955848694,0.0
7.46;0.0,0.0,0.0;0.8668458461761475,0.0,-0.46161937713623047,0.0
7.47;0.0,0.0,0.0;0.8624678254127502,0.0,-0.4698295295238495,0.0
7.48;0.0,0.0,0.0;0.8580827116966248,0.0,-0.47793784737586975,0.0
7.49;0.0,0.0,0.0;0.8536940813064575,0.0,-0.4859422743320465,0.0
7.5;0.0,0.0,0.0;0.8493055701255798,0.0,-0.49384066462516785,0.0
7.51;0.0,0.0,0.0;0.8449204564094543,0.0,-0.5016309022903442,0.0
7.52;0.0,0.0,0.0;0.8405424356460571,0.0,-0.5093110203742981,0.0
7.53;0.0,0.0,0.0;0.8361749053001404,0.0,-0.516878604888916,0.0
7.54;0.0,0.0,0.0;0.8318214416503906,0.0,-0.5243317484855652,0.0
7.55;0.0,0.0,0.0;0.8274855017662048,0.0,-0.5316682457923889,0.0
7.56;0.0,0.0,0.0;0.8231706619262695,0.0,-0.5388859510421753,0.0
7.57;0.0,0.0,0.0;0.8188803791999817,0.0,-0.545982837677002,0.0
7.58;0.0,0.0,0.0;0.8146181702613831,0.0,-0.5529567003250122,0.0
7.59;0.0,0.0,0.0;0.8103876113891602,0.0,-0.5598055124282837,0.0
7.6;0.0,0.0,0.0;0.80619215965271,0.0,-0.5665270090103149,0.0
7.61;0.0,0.0,0.0;0.8020353317260742,0.0,-0.5731192231178284,0.0
7.62;0.0,0.0,0.0;0.7979205846786499,0.0,-0.5795800089836121,0.0
7.63;0.0,0.0,0.0;0.7938515543937683,0.0,-0.5859072208404541,0.0
7.64;0.0,0.0,0.0;0.7898316383361816,0.0,-0.592098593711853,0.0
7.65;0.0,0.0,0.0;0.7858644127845764,0.0,-0.598152220249176,0.0
7.66;0.0,0.0,0.0;0.7819533944129944,0.0,-0.6040658354759216,0.0
7.67;0.0,0.0,0.0;0.7781020402908325,0.0,-0.6098374128341675,0.0
7.68;0.0,0.0,0.0;0.7743138074874878,0.0,-0.6154647469520569,0.0
7.69;0.0,0.0,0.0;0.770592451095581,0.0,-0.6209458708763123,0.0
7.7;0.0,0.0,0.0;0.7669411897659302,0.0,-0.6262785196304321,0.0
7.71;0.0,0.0,0.0;0.763363778591156,0.0,-0.6314606666564941,0.0
7.72;0.0,0.0,0.0;0.7598634958267212,0.0,-0.6364900469779968,0.0
7.73;0.0,0.0,0.0;0.7564440965652466,0.0,-0.6413646340370178,0.0
7.74;0.0,0.0,0.0;0.7531088590621948,0.0,-0.6460822820663452,0.0
7.75;0.0,0.0,0.0;0.749861478805542,0.0,-0.6506410241127014,0.0
7.76;0.0,0.0,0.0;0.7467053532600403,0.0,-0.6550385355949402,0.0
7.77;0.0,0.0,0.0;0.743644118309021,0.0,-0.6592727303504944,0.0
7.78;0.0,0.0,0.0;0.7406810522079468,0.0,-0.6633416414260864,0.0
7.79;0.0,0.0,0.0;0.7378199100494385,0.0,-0.6672429442405701,0.0
7.8;0.0,0.0,0.0;0.7350640892982483,0.0,-0.670974612236023,0.0
7.81;0.0,0.0,0.0;0.732417106628418,0.0,-0.6745345592498779,0.0
7.82;0.0,0.0,0.0;0.729882538318634,0.0,-0.6779205799102783,0.0
7.83;0.0,0.0,0.0;0.7274637818336487,0.0,-0.6811306476593018,0.0
7.84;0.0,0.0,0.0;0.7251644134521484,0.0,-0.6841625571250916,0.0
7.85;0.0,0.0,0.0;0.7229880094528198,0.0,-0.6870142221450806,0.0
7.86;0.0,0.0,0.0;0.720937967300415,0.0,-0.6896836161613464,0.0
7.87;0.0,0.0,0.0;0.7190178632736206,0.0,-0.6921684145927429,0.0
7.88;0.0,0.0,0.0;0.7172311544418335,0.0,-0.6944666504859924,0.0
7.89;0.0,0.0,0.0;0.7155814170837402,0.0,-0.6965761780738831,0.0
7.9;0.0,0.0,0.0;0.7140721082687378,0.0,-0.6984947919845581,0.0
7.91;0.0,0.0,0.0;0.7127068042755127,0.0,-0.7002205848693848,0.0
7.92;0.0,0.0,0.0;0.7114889621734619,0.0,-0.7017512321472168,0.0
7.93;0.0,0.0,0.0;0.7104220390319824,0.0,-0.7030846476554871,0.0
7.94;0.0,0.0,0.0;0.7095097303390503,0.0,-0.7042187452316284,0.0
7.95;0.0,0.0,0.0;0.7087553143501282,0.0,-0.7051513195037842,0.0
7.96;0.0,0.0,0.0;0.7081624865531921,0.0,-0.7058804035186768,0.0
7.97;0.0,0.0,0.0;0.7077347040176392,0.0,-0.7064037919044495,0.0
7.98;0.0,0.0,0.0;0.707475483417511,0.0,-0.7067193984985352,0.0
7.99;0.0,0.0,0.0;0.7073882818222046,0.0,-0.7068251967430115,0.0
8.0;0.0,0.0,0.0;0.707475483417511,0.0,-0.7066145539283752,0.0
8.01;0.0,0.0,0.0;0.7077347040176392,0.0,-0.705988347530365,0.0
8.02;0.0,0.0,0.0;0.7081625461578369,0.0,-0.7049549221992493,0.0
8.03;0.0,0.0,0.0;0.708755373954773,0.0,-0.7035229206085205,0.0
8.04;0.0,0.0,0.0;0.7095097303390503,0.0,-0.701700747013092,0.0
8.05;0.0,0.0,0.0;0.7104220986366272,0.0,-0.6994968056678772,0.0
8.06;0.0,0.0,0.0;0.7114889025688171,0.0,-0.6969197392463684,0.0
8.07;0.0,0.0,0.0;0.7127068042755127,0.0,-0.6939778923988342,0.0
8.08;0.0,0.0,0.0;0.7140721082687378,0.0,-0.6906799077987671,0.0
8.09;0.0,0.0,0.0;0.7155814170837402,0.0,-0.6870340704917908,0.0
8.1;0.0,0.0,0.0;0.7172311544418335,0.0,-0.6830490231513977,0.0
8.11;0.0,0.0,0.0;0.7190178632736206,0.0,-0.6787331104278564,0.0
8.12;0.0,0.0,0.0;0.720937967300415,0.0,-0.6740949749946594,0.0
8.13;0.0,0.0,0.0;0.7229880094528198,0.0,-0.6691429018974304,0.0
8.14;0.0,0.0,0.0;0.7251644730567932,0.0,-0.6638855338096619,0.0
8.15;0.0,0.0,0.0;0.7274638414382935,0.0,-0.6583312749862671,0.0
8.16;0.0,0.0,0.0;0.729882538318634,0.0,-0.652488648891449,0.0
8.17;0.0,0.0,0.0;0.7324171662330627,0.0,-0.6463661193847656,0.0
8.18;0.0,0.0,0.0;0.7350640892982483,0.0,-0.6399722099304199,0.0
8.19;0.0,0.0,0.0;0.7378199696540833,0.0,-0.6333153247833252,0.0
8.2;0.0,0.0,0.0;0.7406811118125916,0.0,-0.6264039874076843,0.0
8.21;0.0,0.0,0.0;0.7436440587043762,0.0,-0.6192466616630554,0.0
8.22;0.0,0.0,0.0;0.7467053532600403,0.0,-0.6118518710136414,0.0
8.23;0.0,0.0,0.0;0.749861478805542,0.0,-0.6042280793190002,0.0
8.24;0.0,0.0,0.0;0.7531088590621948,0.0,-0.5963836908340454,0.0
8.25;0.0,0.0,0.0;0.7564440369606018,0.0,-0.5883272886276245,0.0
8.26;0.0,0.0,0.0;0.7598634958267212,0.0,-0.5800673961639404,0.0
8.27;0.0,0.0,0.0;0.763363778591156,0.0,-0.5716122984886169,0.0
8.28;0.0,0.0,0.0;0.7669411897659302,0.0,-0.5629706978797913,0.0
8.29;0.0,0.0,0.0;0.770592451095581,0.0,-0.5541508793830872,0.0
8.3;0.0,0.0,0.0;0.7743138670921326,0.0,-0.5451614856719971,0.0
8.31;0.0,0.0,0.0;0.7781020402908325,0.0,-0.5360109210014343,0.0
8.32;0.0,0.0,0.0;0.7819533348083496,0.0,-0.5267077088356018,0.0
8.33;0.0,0.0,0.0;0.7858644127845764,0.0,-0.5172603130340576,0.0
8.34;0.0,0.0,0.0;0.7898316383361816,0.0,-0.5076771378517151,0.0
8.35;0.0,0.0,0.0;0.7938515543937683,0.0,-0.4979667663574219,0.0
8.36;0.0,0.0,0.0;0.7979205846786499,0.0,-0.48813769221305847,0.0
8.37;0.0,0.0,0.0;0.8020353317260742,0.0,-0.4781983494758606,0.0
8.38;0.0,0.0,0.0;0.80619215965271,0.0,-0.4681571125984192,0.0
8.39;0.0,0.0,0.0;0.8103876113891602,0.0,-0.45802271366119385,0.0
8.4;0.0,0.0,0.0;0.8146182298660278,0.0,-0.44780343770980835,0.0
8.41;0.0,0.0,0.0;0.8188803791999817,0.0,-0.4375078082084656,0.0
8.42;0.0,0.0,0.0;0.8231706619262695,0.0,-0.4271443486213684,0.0
8.43;0.0,0.0,0.0;0.8274855613708496,0.0,-0.4167214632034302,0.0
8.44;0.0,0.0,0.0;0.8318213820457458,0.0,-0.4062477648258209,0.0
8.45;0.0,0.0,0.0;0.8361748456954956,0.0,-0.3957316279411316,0.0
8.46;0.0,0.0,0.0;0.8405424356460571,0.0,-0.3851815462112427,0.0
8.47;0.0,0.0,0.0;0.8449204564094543,0.0,-0.37460604310035706,0.0
8.48;0.0,0.0,0.0;0.8493055701255798,0.0,-0.36401355266571045,0.0
8.49;0.0,0.0,0.0;0.8536942005157471,0.0,-0.35341259837150574,0.0
8.5;0.0,0.0,0.0;0.8580827116966248,0.0,-0.342811644077301,0.0
8.51;0.0,0.0,0.0;0.8624678254127502,0.0,-0.3322191834449768,0.0
8.52;0.0,0.0,0.0;0.8668458461761475,0.0,-0.3216436803340912,0.0
8.53;0.0,0.0,0.0;0.8712133765220642,0.0,-0.3110935688018799,0.0
8.54;0.0,0.0,0.0;0.875566840171814,0.0,-0.30057743191719055,0.0
8.55;0.0,0.0,0.0;0.8799027800559998,0.0,-0.2901036739349365,0.0
8.56;0.0,0.0,0.0;0.8842176198959351,0.0,-0.27968084812164307,0.0
8.57;0.0,0.0,0.0;0.8885079026222229,0.0,-0.2693174183368683,0.0
8.58;0.0,0.0,0.0;0.8927701115608215,0.0,-0.2590217590332031,0.0
8.59;0.0,0.0,0.0;0.8970006704330444,0.0,-0.24880248308181763,0.0
8.6;0.0,0.0,0.0;0.9011961221694946,0.0,-0.2386680543422699,0.0
8.61;0.0,0.0,0.0;0.9053529500961304,0.0,-0.22862693667411804,0.0
8.62;0.0,0.0,0.0;0.9094675779342651,0.0,-0.218687504529953,0.0
8.63;0.0,0.0,0.0;0.913536787033081,0.0,-0.20885834097862244,0.0
8.64;0.0,0.0,0.0;0.9175565838813782,0.0,-0.19914808869361877,0.0
8.65;0.0,0.0,0.0;0.9215238094329834,0.0,-0.18956485390663147,0.0
8.66;0.0,0.0,0.0;0.9254348874092102,0.0,-0.18011748790740967,0.0
8.67;0.0,0.0,0.0;0.9292861819267273,0.0,-0.17081424593925476,0.0
8.68;0.0,0.0,0.0;0.9330744743347168,0.0,-0.1616637110710144,0.0
8.69;0.0,0.0,0.0;0.9367958903312683,0.0,-0.15267425775527954,0.0
8.7;0.0,0.0,0.0;0.9404470920562744,0.0,-0.143854558467865,0.0
8.71;0.0,0.0,0.0;0.9440245032310486,0.0,-0.13521289825439453,0.0
8.72;0.0,0.0,0.0;0.9475247859954834,0.0,-0.1267579197883606,0.0
8.73;0.0,0.0,0.0;0.9509443044662476,0.0,-0.11849778890609741,0.0
8.74;0.0,0.0,0.0;0.954279363155365,0.0,-0.11044138669967651,0.0
8.75;0.0,0.0,0.0;0.9575268030166626,0.0,-0.102597177028656,0.0
8.76;0.0,0.0,0.0;0.9606829285621643,0.0,-0.09497326612472534,0.0
8.77;0.0,0.0,0.0;0.9637441635131836,0.0,-0.08757853507995605,0.0
8.78;0.0,0.0,0.0;0.9667072892189026,0.0,-0.08042120933532715,0.0
8.79;0.0,0.0,0.0;0.9695683717727661,0.0,-0.0735098123550415,0.0
8.8;0.0,0.0,0.0;0.9723242521286011,0.0,-0.06685298681259155,0.0
8.81;0.0,0.0,0.0;0.9749711751937866,0.0,-0.06045907735824585,0.0
8.82;0.0,0.0,0.0;0.9775057435035706,0.0,-0.054336488246917725,0.0
8.83;0.0,0.0,0.0;0.9799244403839111,0.0,-0.048493802547454834,0.0
8.84;0.0,0.0,0.0;0.9822238683700562,0.0,-0.04293966293334961,0.0
8.85;0.0,0.0,0.0;0.9844002723693848,0.0,-0.037682294845581055,0.0
8.86;0.0,0.0,0.0;0.9864503145217896,0.0,-0.03273022174835205,0.0
8.87;0.0,0.0,0.0;0.988370418548584,0.0,-0.02809196710586548,0.0
8.88;0.0,0.0,0.0;0.9901571273803711,0.0,-0.023776113986968994,0.0
8.89;0.0,0.0,0.0;0.9918067455291748,0.0,-0.019791126251220703,0.0
8.9;0.0,0.0,0.0;0.9933161735534668,0.0,-0.01614522933959961,0.0
8.91;0.0,0.0,0.0;0.9946815371513367,0.0,-0.012847423553466797,0.0
8.92;0.0,0.0,0.0;0.9958993792533875,0.0,-0.009905338287353516,0.0
8.93;0.0,0.0,0.0;0.9969662427902222,0.0,-0.0073282718658447266,0.0
8.94;0.0,0.0,0.0;0.9978785514831543,0.0,-0.005124449729919434,0.0
8.95;0.0,0.0,0.0;0.9986329674720764,0.0,-0.0033020973205566406,0.0
8.96;0.0,0.0,0.0;0.9992257356643677,0.0,-0.001870274543762207,0.0
8.97;0.0,0.0,0.0;0.9996535181999207,0.0,-0.0008369684219360352,0.0
8.98;0.0,0.0,0.0;0.9999127388000488,0.0,-0.00021076202392578125,0.0
8.99;0.0,0.0,0.0;1.0,0.0,0.0,0.0
9.0;0.0,0.0,0.0;0.9999127984046936,0.00021063418535050005,0.0,0.0
9.01;0.0,0.0,0.0;0.9996535778045654,0.0008368818671442568,0.0,0.0
9.02;0.0,0.0,0.0;0.9992257356643677,0.0018702613888308406,0.0,0.0
9.03;0.0,0.0,0.0;0.9986329078674316,0.0033022905699908733,0.0,0.0
9.04;0.0,0.0,0.0;0.9978785514831543,0.005124487914144993,0.0,0.0
9.05;0.0,0.0,0.0;0.9969661831855774,0.0073283701203763485,0.0,0.0
9.06;0.0,0.0,0.0;0.9958993792533875,0.009905458427965641,0.0,0.0
9.07;0.0,0.0,0.0;0.9946814775466919,0.012847265228629112,0.0,0.0
9.08;0.0,0.0,0.0;0.9933161735534668,0.016145315021276474,0.0,0.0
9.09;0.0,0.0,0.0;0.9918068647384644,0.019791122525930405,0.0,0.0
9.1;0.0,0.0,0.0;0.9901571273803711,0.023776201531291008,0.0,0.0
9.11;0.0,0.0,0.0;0.988370418548584,0.02809208258986473,0.0,0.0
9.12;0.0,0.0,0.0;0.9864503145217896,0.03273027390241623,0.0,0.0
9.13;0.0,0.0,0.0;0.9844002723693848,0.037682294845581055,0.0,0.0
9.14;0.0,0.0,0.0;0.9822238087654114,0.04293965548276901,0.0,0.0
9.15;0.0,0.0,0.0;0.9799244403839111,0.048493891954422,0.0,0.0
9.16;0.0,0.0,0.0;0.9775057435035706,0.05433651804924011,0.0,0.0
9.17;0.0,0.0,0.0;0.9749711155891418,0.06045903265476227,0.0,0.0
9.18;0.0,0.0,0.0;0.9723241925239563,0.06685297936201096,0.0,0.0
9.19;0.0,0.0,0.0;0.9695683121681213,0.07350985705852509,0.0,0.0
9.2;0.0,0.0,0.0;0.966707170009613,0.08042119443416595,0.0,0.0
9.21;0.0,0.0,0.0;0.9637442231178284,0.08757851272821426,0.0,0.0
9.22;0.0,0.0,0.0;0.9606829285621643,0.09497331827878952,0.0,0.0
9.23;0.0,0.0,0.0;0.9575268030166626,0.10259713232517242,0.0,0.0
9.24;0.0,0.0,0.0;0.9542794227600098,0.11044147610664368,0.0,0.0
9.25;0.0,0.0,0.0;0.9509442448616028,0.11849787831306458,0.0,0.0
9.26;0.0,0.0,0.0;0.9475247859954834,0.12675781548023224,0.0,0.0
9.27;0.0,0.0,0.0;0.9440245032310486,0.13521286845207214,0.0,0.0
9.28;0.0,0.0,0.0;0.9404470920562744,0.1438545286655426,0.0,0.0
9.29;0.0,0.0,0.0;0.9367958307266235,0.15267427265644073,0.0,0.0
9.3;0.0,0.0,0.0;0.933074414730072,0.1616637110710144,0.0,0.0
9.31;0.0,0.0,0.0;0.9292862415313721,0.17081426084041595,0.0,0.0
9.32;0.0,0.0,0.0;0.925434947013855,0.18011747300624847,0.0,0.0
9.33;0.0,0.0,0.0;0.9215238690376282,0.18956488370895386,0.0,0.0
9.34;0.0,0.0,0.0;0.917556643486023,0.199148029088974,0.0,0.0
9.35;0.0,0.0,0.0;0.9135367274284363,0.2088584303855896,0.0,0.0
9.36;0.0,0.0,0.0;0.9094676971435547,0.218687504529953,0.0,0.0
9.37;0.0,0.0,0.0;0.9053529500961304,0.22862684726715088,0.0,0.0
9.38;0.0,0.0,0.0;0.9011961221694946,0.23866808414459229,0.0,0.0
9.39;0.0,0.0,0.0;0.8970006704330444,0.24880248308181763,0.0,0.0
9.4;0.0,0.0,0.0;0.8927700519561768,0.2590217590332031,0.0,0.0
9.41;0.0,0.0,0.0;0.8885079026222229,0.2693173885345459,0.0,0.0
9.42;0.0,0.0,0.0;0.8842176198959351,0.27968084812164307,0.0,0.0
9.43;0.0,0.0,0.0;0.879902720451355,0.2901037335395813,0.0,0.0
9.44;0.0,0.0,0.0;0.8755668997764587,0.30057743191719055,0.0,0.0
9.45;0.0,0.0,0.0;0.871213436126709,0.3110935688018799,0.0,0.0
9.46;0.0,0.0,0.0;0.8668458461761475,0.3216436505317688,0.0,0.0
9.47;0.0,0.0,0.0;0.8624678254127502,0.3322191536426544,0.0,0.0
9.48;0.0,0.0,0.0;0.8580827116966248,0.342811644077301,0.0,0.0
9.49;0.0,0.0,0.0;0.8536940813064575,0.35341259837150574,0.0,0.0
9.5;0.0,0.0,0.0;0.8493055701255798,0.36401355266571045,0.0,0.0
9.51;0.0,0.0,0.0;0.8449204564094543,0.37460601329803467,0.0,0.0
9.52;0.0,0.0,0.0;0.8405424356460571,0.3851815164089203,0.0,0.0
9.53;0.0,0.0,0.0;0.8361749053001404,0.3957316279411316,0.0,0.0
9.54;0.0,0.0,0.0;0.8318214416503906,0.4062477648258209,0.0,0.0
9.55;0.0,0.0,0.0;0.8274855017662048,0.41672152280807495,0.0,0.0
9.56;0.0,0.0,0.0;0.8231706619262695,0.4271443486213684,0.0,0.0
9.57;0.0,0.0,0.0;0.8188803791999817,0.4375077784061432,0.0,0.0
9.58;0.0,0.0,0.0;0.8146181702613831,0.44780343770980835,0.0,0.0
9.59;0.0,0.0,0.0;0.8103876113891602,0.45802271366119385,0.0,0.0
9.6;0.0,0.0,0.0;0.80619215965271,0.4681571424007416,0.0,0.0
9.61;0.0,0.0,0.0;0.8020353317260742,0.47819826006889343,0.0,0.0
9.62;0.0,0.0,0.0;0.7979205846786499,0.48813769221305847,0.0,0.0
9.63;0.0,0.0,0.0;0.7938515543937683,0.49796685576438904,0.0,0.0
9.64;0.0,0.0,0.0;0.7898316383361816,0.5076770782470703,0.0,0.0
9.65;0.0,0.0,0.0;0.7858644127845764,0.5172603130340576,0.0,0.0
9.66;0.0,0.0,0.0;0.7819533944129944,0.5267077088356018,0.0,0.0
9.67;0.0,0.0,0.0;0.7781020402908325,0.5360109806060791,0.0,0.0
9.68;0.0,0.0,0.0;0.7743138074874878,0.5451614856719971,0.0,0.0
9.69;0.0,0.0,0.0;0.770592451095581,0.5541509389877319,0.0,0.0
9.7;0.0,0.0,0.0;0.7669411897659302,0.5629706382751465,0.0,0.0
9.71;0.0,0.0,0.0;0.763363778591156,0.5716122984886169,0.0,0.0
9.72;0.0,0.0,0.0;0.7598634958267212,0.5800672769546509,0.0,0.0
9.73;0.0,0.0,0.0;0.7564440965652466,0.5883274078369141,0.0,0.0
9.74;0.0,0.0,0.0;0.7531088590621948,0.596383810043335,0.0,0.0
9.75;0.0,0.0,0.0;0.749861478805542,0.6042280197143555,0.0,0.0
9.76;0.0,0.0,0.0;0.7467053532600403,0.6118519306182861,0.0,0.0
9.77;0.0,0.0,0.0;0.743644118309021,0.6192466616630554,0.0,0.0
9.78;0.0,0.0,0.0;0.7406810522079468,0.6264039874076843,0.0,0.0
9.79;0.0,0.0,0.0;0.7378199100494385,0.63331538438797,0.0,0.0
9.8;0.0,0.0,0.0;0.7350640892982483,0.6399722099304199,0.0,0.0
9.81;0.0,0.0,0.0;0.732417106628418,0.6463661193847656,0.0,0.0
9.82;0.0,0.0,0.0;0.729882538318634,0.6524887084960938,0.0,0.0
9.83;0.0,0.0,0.0;0.7274637818336487,0.6583313941955566,0.0,0.0
9.84;0.0,0.0,0.0;0.7251644134521484,0.6638855338096619,0.0,0.0
9.85;0.0,0.0,0.0;0.7229880094528198,0.6691429018974304,0.0,0.0
9.86;0.0,0.0,0.0;0.720937967300415,0.6740949749946594,0.0,0.0
9.87;0.0,0.0,0.0;0.7190178632736206,0.678733229637146,0.0,0.0
9.88;0.0,0.0,0.0;0.7172311544418335,0.6830490827560425,0.0,0.0
9.89;0.0,0.0,0.0;0.7155814170837402,0.6870341300964355,0.0,0.0
9.9;0.0,0.0,0.0;0.7140721082687378,0.6906800270080566,0.0,0.0
9.91;0.0,0.0,0.0;0.7127068042755127,0.6939778327941895,0.0,0.0
9.92;0.0,0.0,0.0;0.7114889621734619,0.6969197988510132,0.0,0.0
9.93;0.0,0.0,0.0;0.7104220390319824,0.6994969844818115,0.0,0.0
9.94;0.0,0.0,0.0;0.7095097303390503,0.7017006874084473,0.0,0.0
9.95;0.0,0.0,0.0;0.7087553143501282,0.7035230398178101,0.0,0.0
9.96;0.0,0.0,0.0;0.7081624865531921,0.704954981803894,0.0,0.0
9.97;0.0,0.0,0.0;0.7077347040176392,0.7059882879257202,0.0,0.0
9.98;0.0,0.0,0.0;0.707475483417511,0.7066144943237305,0.0,0.0
9.99;0.0,0.0,0.0;0.7073882818222046,0.7068251967430115,0.0,0.0
10.0;0.0,0.0,0.0;0.707475483417511,0.7067195177078247,0.0,0.0
10.01;0.0,0.0,0.0;0.7077347040176392,0.706403911113739,0.0,0.0
10.02;0.0,0.0,0.0;0.7081625461578369,0.7058805227279663,0.0,0.0
10.03;0.0,0.0,0.0;0.708755373954773,0.7051514387130737,0.0,0.0
10.04;0.0,0.0,0.0;0.7095097303390503,0.7042188048362732,0.0,0.0
10.05;0.0,0.0,0.0;0.7104220390319824,0.7030847072601318,0.0,0.0
10.06;0.0,0.0,0.0;0.7114889025688171,0.7017512917518616,0.0,0.0
10.07;0.0,0.0,0.0;0.7127068042755127,0.7002206444740295,0.0,0.0
10.08;0.0,0.0,0.0;0.7140721082687378,0.6984949111938477,0.0,0.0
10.09;0.0,0.0,0.0;0.7155814170837402,0.6965762376785278,0.0,0.0
10.1;0.0,0.0,0.0;0.7172311544418335,0.694466769695282,0.0,0.0
10.11;0.0,0.0,0.0;0.7190178632736206,0.6921685338020325,0.0,0.0
10.12;0.0,0.0,0.0;0.720937967300415,0.6896836757659912,0.0,0.0
10.13;0.0,0.0,0.0;0.722987949848175,0.6870143413543701,0.0,0.0
10.14;0.0,0.0,0.0;0.7251644134521484,0.6841626167297363,0.0,0.0
10.15;0.0,0.0,0.0;0.7274637818336487,0.6811307072639465,0.0,0.0
10.16;0.0,0.0,0.0;0.7298824787139893,0.6779206395149231,0.0,0.0
10.17;0.0,0.0,0.0;0.732417106628418,0.6745346188545227,0.0,0.0
10.18;0.0,0.0,0.0;0.7350640892982483,0.6709747314453125,0.0,0.0
10.19;0.0,0.0,0.0;0.7378198504447937,0.6672430634498596,0.0,0.0
10.2;0.0,0.0,0.0;0.7406810522079468,0.663341760635376,0.0,0.0
10.21;0.0,0.0,0.0;0.7436439990997314,0.6592729091644287,0.0,0.0
10.22;0.0,0.0,0.0;0.7467052936553955,0.6550386548042297,0.0,0.0
10.23;0.0,0.0,0.0;0.7498614192008972,0.650641143321991,0.0,0.0
10.24;0.0,0.0,0.0;0.75310879945755,0.6460825204849243,0.0,0.0
10.25;0.0,0.0,0.0;0.7564440369606018,0.6413648128509521,0.0,0.0
10.26;0.0,0.0,0.0;0.7598634362220764,0.6364901661872864,0.0,0.0
10.27;0.0,0.0,0.0;0.7633636593818665,0.6314607262611389,0.0,0.0
10.28;0.0,0.0,0.0;0.7669411897659302,0.6262786984443665,0.0,0.0
10.29;0.0,0.0,0.0;0.7705923914909363,0.6209460496902466,0.0,0.0
10.3;0.0,0.0,0.0;0.7743138074874878,0.615464985370636,0.0,0.0
10.31;0.0,0.0,0.0;0.778101921081543,0.609837532043457,0.0,0.0
10.32;0.0,0.0,0.0;0.7819533348083496,0.604066014289856,0.0,0.0
10.33;0.0,0.0,0.0;0.7858643531799316,0.5981523394584656,0.0,0.0
10.34;0.0,0.0,0.0;0.7898316383361816,0.5920987129211426,0.0,0.0
10.35;0.0,0.0,0.0;0.7938514947891235,0.5859073400497437,0.0,0.0
10.36;0.0,0.0,0.0;0.7979205846786499,0.5795801281929016,0.0,0.0
10.37;0.0,0.0,0.0;0.8020352721214294,0.5731194615364075,0.0,0.0
10.38;0.0,0.0,0.0;0.80619215965271,0.566527247428894,0.0,0.0
10.39;0.0,0.0,0.0;0.8103875517845154,0.559805691242218,0.0,0.0
10.4;0.0,0.0,0.0;0.8146181702613831,0.5529568791389465,0.0,0.0
10.41;0.0,0.0,0.0;0.8188803195953369,0.5459830164909363,0.0,0.0
10.42;0.0,0.0,0.0;0.8231706023216248,0.5388860702514648,0.0,0.0
10.43;0.0,0.0,0.0;0.8274855017662048,0.5316683650016785,0.0,0.0
10.44;0.0,0.0,0.0;0.8318213820457458,0.5243318676948547,0.0,0.0
10.45;0.0,0.0,0.0;0.8361748456954956,0.5168787240982056,0.0,0.0
10.46;0.0,0.0,0.0;0.8405423760414124,0.5093110799789429,0.0,0.0
10.47;0.0,0.0,0.0;0.8449204564094543,0.5016310811042786,0.0,0.0
10.48;0.0,0.0,0.0;0.8493055701255798,0.4938408434391022,0.0,0.0
10.49;0.0,0.0,0.0;0.8536942005157471,0.48594239354133606,0.0,0.0
10.5;0.0,0.0,0.0;0.8580827116966248,0.4779379963874817,0.0,0.0
10.51;0.0,0.0,0.0;0.8624678254127502,0.46982958912849426,0.0,0.0
10.52;0.0,0.0,0.0;0.8668459057807922,0.46161946654319763,0.0,0.0
10.53;0.0,0.0,0.0;0.8712133765220642,0.45330968499183655,0.0,0.0
10.54;0.0,0.0,0.0;0.875566840171814,0.44490236043930054,0.0,0.0
10.55;0.0,0.0,0.0;0.8799028396606445,0.43639957904815674,0.0,0.0
10.56;0.0,0.0,0.0;0.8842176795005798,0.42780351638793945,0.0,0.0
10.57;0.0,0.0,0.0;0.8885079622268677,0.4191162884235382,0.0,0.0
10.58;0.0,0.0,0.0;0.8927700519561768,0.41034001111984253,0.0,0.0
10.59;0.0,0.0,0.0;0.8970006704330444,0.4014767110347748,0.0,0.0
10.6;0.0,0.0,0.0;0.9011961221694946,0.3925286829471588,0.0,0.0
10.61;0.0,0.0,0.0;0.9053530097007751,0.383497953414917,0.0,0.0
10.62;0.0,0.0,0.0;0.9094677567481995,0.37438660860061646,0.0,0.0
10.63;0.0,0.0,0.0;0.9135368466377258,0.36519676446914673,0.0,0.0
10.64;0.0,0.0,0.0;0.9175567030906677,0.3559306859970093,0.0,0.0
10.65;0.0,0.0,0.0;0.9215239882469177,0.3465903401374817,0.0,0.0
10.66;0.0,0.0,0.0;0.925434947013855,0.33717790246009827,0.0,0.0
10.67;0.0,0.0,0.0;0.9292863607406616,0.3276955187320709,0.0,0.0
10.68;0.0,0.0,0.0;0.933074414730072,0.31814515590667725,0.0,0.0
10.69;0.0,0.0,0.0;0.9367959499359131,0.3085291385650635,0.0,0.0
10.7;0.0,0.0,0.0;0.9404470920562744,0.29884955286979675,0.0,0.0
10.71;0.0,0.0,0.0;0.9440246224403381,0.2891084849834442,0.0,0.0
10.72;0.0,0.0,0.0;0.947524905204773,0.2793079614639282,0.0,0.0
10.73;0.0,0.0,0.0;0.9509443044662476,0.26945021748542786,0.0,0.0
10.74;0.0,0.0,0.0;0.9542794227600098,0.25953736901283264,0.0,0.0
10.75;0.0,0.0,0.0;0.9575269222259521,0.24957144260406494,0.0,0.0
10.76;0.0,0.0,0.0;0.9606829881668091,0.23955470323562622,0.0,0.0
10.77;0.0,0.0,0.0;0.9637444019317627,0.22948911786079407,0.0,0.0
10.78;0.0,0.0,0.0;0.9667073488235474,0.21937693655490875,0.0,0.0
10.79;0.0,0.0,0.0;0.9695683717727661,0.20922018587589264,0.0,0.0
10.8;0.0,0.0,0.0;0.9723242521286011,0.19902105629444122,0.0,0.0
10.81;0.0,0.0,0.0;0.9749712347984314,0.18878164887428284,0.0,0.0
10.82;0.0,0.0,0.0;0.9775056838989258,0.1785040646791458,0.0,0.0
10.83;0.0,0.0,0.0;0.9799245595932007,0.16819044947624207,0.0,0.0
10.84;0.0,0.0,0.0;0.9822238087654114,0.15784290432929993,0.0,0.0
10.85;0.0,0.0,0.0;0.9844002723693848,0.14746344089508057,0.0,0.0
10.86;0.0,0.0,0.0;0.9864503145217896,0.1370544284582138,0.0,0.0
10.87;0.0,0.0,0.0;0.988370418548584,0.12661780416965485,0.0,0.0
10.88;0.0,0.0,0.0;0.9901571273803711,0.1161556988954544,0.0,0.0
10.89;0.0,0.0,0.0;0.9918068647384644,0.10567030310630798,0.0,0.0
10.9;0.0,0.0,0.0;0.9933162927627563,0.0951637327671051,0.0,0.0
10.91;0.0,0.0,0.0;0.9946814775466919,0.08463805913925171,0.0,0.0
10.92;0.0,0.0,0.0;0.9958994388580322,0.07409542798995972,0.0,0.0
10.93;0.0,0.0,0.0;0.9969662427902222,0.06353789567947388,0.0,0.0
10.94;0.0,0.0,0.0;0.9978784918785095,0.052967727184295654,0.0,0.0
10.95;0.0,0.0,0.0;0.9986329078674316,0.04238688945770264,0.0,0.0
10.96;0.0,0.0,0.0;0.9992256760597229,0.031797587871551514,0.0,0.0
10.97;0.0,0.0,0.0;0.9996536374092102,0.0212019681930542,0.0,0.0
10.98;0.0,0.0,0.0;0.9999127388000488,0.010602056980133057,0.0,0.0
10.99;0.0,0.0,0.0;1.0,0.0,0.0,0.0
11.0;0.0,0.0,0.0;0.9999127984046936,-0.010602018795907497,0.0,0.0
11.01;0.0,0.0,0.0;0.9996535778045654,-0.02120191603899002,0.0,0.0
11.02;0.0,0.0,0.0;0.9992257356643677,-0.03179757297039032,0.0,0.0
11.03;0.0,0.0,0.0;0.9986329078674316,-0.042386867105960846,0.0,0.0
11.04;0.0,0.0,0.0;0.9978785514831543,-0.05296768248081207,0.0,0.0
11.05;0.0,0.0,0.0;0.9969662427902222,-0.06353788822889328,0.0,0.0
11.06;0.0,0.0,0.0;0.9958993792533875,-0.07409538328647614,0.0,0.0
11.07;0.0,0.0,0.0;0.9946814775466919,-0.08463803678750992,0.0,0.0
11.08;0.0,0.0,0.0;0.9933161735534668,-0.0951637253165245,0.0,0.0
11.09;0.0,0.0,0.0;0.9918068647384644,-0.10567031800746918,0.0,0.0
11.1;0.0,0.0,0.0;0.9901571273803711,-0.1161557137966156,0.0,0.0
11.11;0.0,0.0,0.0;0.988370418548584,-0.12661778926849365,0.0,0.0
11.12;0.0,0.0,0.0;0.9864503145217896,-0.1370544135570526,0.0,0.0
11.13;0.0,0.0,0.0;0.9844003319740295,-0.14746347069740295,0.0,0.0
11.14;0.0,0.0,0.0;0.9822238683700562,-0.15784284472465515,0.0,0.0
11.15;0.0,0.0,0.0;0.9799244999885559,-0.16819041967391968,0.0,0.0
11.16;0.0,0.0,0.0;0.9775058031082153,-0.17850404977798462,0.0,0.0
11.17;0.0,0.0,0.0;0.9749711751937866,-0.18878164887428284,0.0,0.0
11.18;0.0,0.0,0.0;0.9723241925239563,-0.19902107119560242,0.0,0.0
11.19;0.0,0.0,0.0;0.9695684313774109,-0.20922021567821503,0.0,0.0
11.2;0.0,0.0,0.0;0.9667072296142578,-0.21937693655490875,0.0,0.0
11.21;0.0,0.0,0.0;0.9637442827224731,-0.22948913276195526,0.0,0.0
11.22;0.0,0.0,0.0;0.9606829881668091,-0.23955468833446503,0.0,0.0
11.23;0.0,0.0,0.0;0.9575268626213074,-0.24957147240638733,0.0,0.0
11.24;0.0,0.0,0.0;0.9542794823646545,-0.25953733921051025,0.0,0.0
11.25;0.0,0.0,0.0;0.9509442448616028,-0.26945021748542786,0.0,0.0
11.26;0.0,0.0,0.0;0.9475248456001282,-0.2793079614639282,0.0,0.0
11.27;0.0,0.0,0.0;0.9440246224403381,-0.2891084551811218,0.0,0.0
11.28;0.0,0.0,0.0;0.9404470920562744,-0.29884952306747437,0.0,0.0
11.29;0.0,0.0,0.0;0.9367958903312683,-0.30852916836738586,0.0,0.0
11.3;0.0,0.0,0.0;0.9330744743347168,-0.318145215511322,0.0,0.0
11.31;0.0,0.0,0.0;0.9292863607406616,-0.32769545912742615,0.0,0.0
11.32;0.0,0.0,0.0;0.925434947013855,-0.3371778428554535,0.0,0.0
11.33;0.0,0.0,0.0;0.921523928642273,-0.3465903103351593,0.0,0.0
11.34;0.0,0.0,0.0;0.917556643486023,-0.3559306561946869,0.0,0.0
11.35;0.0,0.0,0.0;0.913536787033081,-0.3651967942714691,0.0,0.0
11.36;0.0,0.0,0.0;0.9094676971435547,-0.37438657879829407,0.0,0.0
11.37;0.0,0.0,0.0;0.9053530097007751,-0.3834979236125946,0.0,0.0
11.38;0.0,0.0,0.0;0.9011961221694946,-0.3925286829471588,0.0,0.0
11.39;0.0,0.0,0.0;0.8970007300376892,-0.4014767110347748,0.0,0.0
11.4;0.0,0.0,0.0;0.8927701115608215,-0.41033995151519775,0.0,0.0
11.41;0.0,0.0,0.0;0.8885079622268677,-0.4191162884235382,0.0,0.0
11.42;0.0,0.0,0.0;0.8842176795005798,-0.42780348658561707,0.0,0.0
11.43;0.0,0.0,0.0;0.8799027800559998,-0.43639957904815674,0.0,0.0
11.44;0.0,0.0,0.0;0.8755668997764587,-0.44490230083465576,0.0,0.0
11.45;0.0,0.0,0.0;0.871213436126709,-0.45330965518951416,0.0,0.0
11.46;0.0,0.0,0.0;0.8668459057807922,-0.46161943674087524,0.0,0.0
11.47;0.0,0.0,0.0;0.8624678254127502,-0.46982958912849426,0.0,0.0
11.48;0.0,0.0,0.0;0.8580827116966248,-0.4779379069805145,0.0,0.0
11.49;0.0,0.0,0.0;0.8536940813064575,-0.48594239354133606,0.0,0.0
11.5;0.0,0.0,0.0;0.8493055701255798,-0.4938407838344574,0.0,0.0
11.51;0.0,0.0,0.0;0.8449204564094543,-0.5016310811042786,0.0,0.0
11.52;0.0,0.0,0.0;0.8405423760414124,-0.5093110799789429,0.0,0.0
11.53;0.0,0.0,0.0;0.8361749053001404,-0.5168787240982056,0.0,0.0
11.54;0.0,0.0,0.0;0.8318214416503906,-0.5243318676948547,0.0,0.0
11.55;0.0,0.0,0.0;0.8274854421615601,-0.5316683053970337,0.0,0.0
11.56;0.0,0.0,0.0;0.8231706023216248,-0.5388860702514648,0.0,0.0
11.57;0.0,0.0,0.0;0.8188803195953369,-0.5459829568862915,0.0,0.0
11.58;0.0,0.0,0.0;0.8146182298660278,-0.5529568195343018,0.0,0.0
11.59;0.0,0.0,0.0;0.8103876113891602,-0.5598055720329285,0.0,0.0
11.6;0.0,0.0,0.0;0.80619215965271,-0.5665271878242493,0.0,0.0
11.61;0.0,0.0,0.0;0.8020352721214294,-0.5731194019317627,0.0,0.0
11.62;0.0,0.0,0.0;0.7979205846786499,-0.5795801281929016,0.0,0.0
11.63;0.0,0.0,0.0;0.7938514351844788,-0.5859072804450989,0.0,0.0
11.64;0.0,0.0,0.0;0.7898315787315369,-0.5920987129211426,0.0,0.0
11.65;0.0,0.0,0.0;0.7858643531799316,-0.5981522798538208,0.0,0.0
11.66;0.0,0.0,0.0;0.7819533348083496,-0.604066014289856,0.0,0.0
11.67;0.0,0.0,0.0;0.778101921081543,-0.609837532043457,0.0,0.0
11.68;0.0,0.0,0.0;0.7743138074874878,-0.6154649257659912,0.0,0.0
11.69;0.0,0.0,0.0;0.7705923914909363,-0.6209460496902466,0.0,0.0
11.7;0.0,0.0,0.0;0.7669411897659302,-0.6262786388397217,0.0,0.0
11.71;0.0,0.0,0.0;0.7633636593818665,-0.6314606666564941,0.0,0.0
11.72;0.0,0.0,0.0;0.7598634958267212,-0.6364901065826416,0.0,0.0
11.73;0.0,0.0,0.0;0.756443977355957,-0.6413648128509521,0.0,0.0
11.74;0.0,0.0,0.0;0.7531088590621948,-0.6460824012756348,0.0,0.0
11.75;0.0,0.0,0.0;0.7498613595962524,-0.6506410837173462,0.0,0.0
11.76;0.0,0.0,0.0;0.7467052936553955,-0.6550386548042297,0.0,0.0
11.77;0.0,0.0,0.0;0.7436439990997314,-0.6592727899551392,0.0,0.0
11.78;0.0,0.0,0.0;0.7406810522079468,-0.6633417010307312,0.0,0.0
11.79;0.0,0.0,0.0;0.7378197908401489,-0.6672430634498596,0.0,0.0
11.8;0.0,0.0,0.0;0.7350640296936035,-0.6709746718406677,0.0,0.0
11.81;0.0,0.0,0.0;0.732417106628418,-0.6745345592498779,0.0,0.0
11.82;0.0,0.0,0.0;0.7298824787139893,-0.6779206991195679,0.0,0.0
11.83;0.0,0.0,0.0;0.7274637222290039,-0.6811306476593018,0.0,0.0
11.84;0.0,0.0,0.0;0.7251644134521484,-0.6841626167297363,0.0,0.0
11.85;0.0,0.0,0.0;0.722987949848175,-0.6870142817497253,0.0,0.0
11.86;0.0,0.0,0.0;0.720937967300415,-0.6896836161613464,0.0,0.0
11.87;0.0,0.0,0.0;0.7190178632736206,-0.6921684741973877,0.0,0.0
11.88;0.0,0.0,0.0;0.7172310948371887,-0.6944667100906372,0.0,0.0
11.89;0.0,0.0,0.0;0.7155813574790955,-0.6965762376785278,0.0,0.0
11.9;0.0,0.0,0.0;0.7140721082687378,-0.6984949111938477,0.0,0.0
11.91;0.0,0.0,0.0;0.7127068042755127,-0.7002205848693848,0.0,0.0
11.92;0.0,0.0,0.0;0.7114889621734619,-0.7017512321472168,0.0,0.0
11.93;0.0,0.0,0.0;0.7104220390319824,-0.7030845880508423,0.0,0.0
11.94;0.0,0.0,0.0;0.7095097303390503,-0.7042187452316284,0.0,0.0
11.95;0.0,0.0,0.0;0.708755373954773,-0.7051513195037842,0.0,0.0
11.96;0.0,0.0,0.0;0.7081625461578369,-0.7058805227279663,0.0,0.0
11.97;0.0,0.0,0.0;0.7077347040176392,-0.706403911113739,0.0,0.0
11.98;0.0,0.0,0.0;0.707475483417511,-0.7067195177078247,0.0,0.0
11.99;0.0,0.0,0.0;0.7073882818222046,-0.7068251967430115,0.0,0.0
