0.0;0.0,0.0,0.0;1.0,0.0,0.0,0.0
0.01;0.0,0.0,0.0;1.0,0.0,0.0,0.0
0.02;0.0,0.0,0.0;1.0,0.0,0.0,0.0
0.03;0.0,0.0,0.0;1.0,0.0,0.0,0.0
0.04;0.0,0.0,0.0;1.0,0.0,0.0,0.0
0.05;0.0,0.0,0.0;1.0,0.0,0.0,0.0
0.06;0.0,0.0,0.0;1.0,0.0,0.0,0.0
0.07;0.0,0.0,0.0;1.0,0.0,0.0,0.0
0.08;0.0,0.0,0.0;1.0,0.0,0.0,0.0
0.09;0.0,0.0,0.0;1.0,0.0,0.0,0.0
0.1;0.0,0.0,0.0;1.0,0.0,0.0,0.0
0.11;0.0,0.0,0.0;1.0,0.0,0.0,0.0
0.12;0.0,0.0,0.0;1.0,0.0,0.0,0.0
0.13;0.0,0.0,0.0;1.0,0.0,0.0,0.0
0.14;0.0,0.0,0.0;1.0,0.0,0.0,0.0
0.15;0.0,0.0,0.0;1.0,0.0,0.0,0.0
0.16;0.0,0.0,0.0;1.0,0.0,0.0,0.0
0.17;0.0,0.0,0.0;1.0,0.0,0.0,0.0
0.18;0.0,0.0,0.0;1.0,0.0,0.0,0.0
0.19;0.0,0.0,0.0;1.0,0.0,0.0,0.0
0.2;0.0,0.0,0.0;1.0,0.0,0.0,0.0
0.21;0.0,0.0,0.0;1.0,0.0,0.0,0.0
0.22;0.0,0.0,0.0;1.0,0.0,0.0,0.0
0.23;0.0,0.0,0.0;1.0,0.0,0.0,0.0
0.24;0.0,0.0,0.0;1.0,0.0,0.0,0.0
0.25;0.0,0.0,0.0;1.0,0.0,0.0,0.0
0.26;0.0,0.0,0.0;1.0,0.0,0.0,0.0
0.27;0.0,0.0,0.0;1.0,0.0,0.0,0.0
0.28;0.0,0.0,0.0;1.0,0.0,0.0,0.0
0.29;0.0,0.0,0.0;1.0,0.0,0.0,0.0
0.3;0.0,0.0,0.0;1.0,0.0,0.0,0.0
0.31;0.0,0.0,0.0;1.0,0.0,0.0,0.0
0.32;0.0,0.0,0.0;1.0,0.0,0.0,0.0
0.33;0.0,0.0,0.0;1.0,0.0,0.0,0.0
0.34;0.0,0.0,0.0;1.0,0.0,0.0,0.0
0.35;0.0,0.0,0.0;1.0,0.0,0.0,0.0
0.36;0.0,0.0,0.0;1.0,0.0,0.0,0.0
0.37;0.0,0.0,0.0;1.0,0.0,0.0,0.0
0.38;0.0,0.0,0.0;1.0,0.0,0.0,0.0
0.39;0.0,0.0,0.0;1.0,0.0,0.0,0.0
0.4;0.0,0.0,0.0;1.0,0.0,0.0,0.0
0.41;0.0,0.0,0.0;1.0,0.0,0.0,0.0
0.42;0.0,0.0,0.0;1.0,0.0,0.0,0.0
0.43;0.0,0.0,0.0;1.0,0.0,0.0,0.0
0.44;0.0,0.0,0.0;1.0,0.0,0.0,0.0
0.45;0.0,0.0,0.0;1.0,0.0,0.0,0.0
0.46;0.0,0.0,0.0;1.0,0.0,0.0,0.0
0.47;0.0,0.0,0.0;1.0,0.0,0.0,0.0
0.48;0.0,0.0,0.0;1.0,0.0,0.0,0.0
0.49;0.0,0.0,0.0;1.0,0.0,0.0,0.0
0.5;0.0,0.0,0.0;1.0,0.0,0.0,0.0
0.51;0.0,0.0,0.0;1.0,0.0,0.0,0.0
0.52;0.0,0.0,0.0;1.0,0.0,0.0,0.0
0.53;0.0,0.0,0.0;1.0,0.0,0.0,0.0
0.54;0.0,0.0,0.0;1.0,0.0,0.0,0.0
0.55;0.0,0.0,0.0;1.0,0.0,0.0,0.0
0.56;0.0,0.0,0.0;1.0,0.0,0.0,0.0
0.57;0.0,0.0,0.0;1.0,0.0,0.0,0.0
0.58;0.0,0.0,0.0;1.0,0.0,0.0,0.0
0.59;0.0,0.0,0.0;1.0,0.0,0.0,0.0
0.6;0.0,0.0,0.0;1.0,0.0,0.0,0.0
0.61;0.0,0.0,0.0;1.0,0.0,0.0,0.0
0.62;0.0,0.0,0.0;1.0,0.0,0.0,0.0
0.63;0.0,0.0,0.0;1.0,0.0,0.0,0.0
0.64;0.0,0.0,0.0;1.0,0.0,0.0,0.0
0.65;0.0,0.0,0.0;1.0,0.0,0.0,0.0
0.66;0.0,0.0,0.0;1.0,0.0,0.0,0.0
0.67;0.0,0.0,0.0;1.0,0.0,0.0,0.0
0.68;0.0,0.0,0.0;1.0,0.0,0.0,0.0
0.69;0.0,0.0,0.0;1.0,0.0,0.0,0.0
0.7;0.0,0.0,0.0;1.0,0.0,0.0,0.0
0.71;0.0,0.0,0.0;1.0,0.0,0.0,0.0
0.72;0.0,0.0,0.0;1.0,0.0,0.0,0.0
0.73;0.0,0.0,0.0;1.0,0.0,0.0,0.0
0.74;0.0,0.0,0.0;1.0,0.0,0.0,0.0
0.75;0.0,0.0,0.0;1.0,0.0,0.0,0.0
0.76;0.0,0.0,0.0;1.0,0.0,0.0,0.0
0.77;0.0,0.0,0.0;1.0,0.0,0.0,0.0
0.78;0.0,0.0,0.0;1.0,0.0,0.0,0.0
0.79;0.0,0.0,0.0;1.0,0.0,0.0,0.0
0.8;0.0,0.0,0.0;1.0,0.0,0.0,0.0
0.81;0.0,0.0,0.0;1.0,0.0,0.0,0.0
0.82;0.0,0.0,0.0;1.0,0.0,0.0,0.0
0.83;0.0,0.0,0.0;1.0,0.0,0.0,0.0
0.84;0.0,0.0,0.0;1.0,0.0,0.0,0.0
0.85;0.0,0.0,0.0;1.0,0.0,0.0,0.0
0.86;0.0,0.0,0.0;1.0,0.0,0.0,0.0
0.87;0.0,0.0,0.0;1.0,0.0,0.0,0.0
0.88;0.0,0.0,0.0;1.0,0.0,0.0,0.0
0.89;0.0,0.0,0.0;1.0,0.0,0.0,0.0
0.9;0.0,0.0,0.0;1.0,0.0,0.0,0.0
0.91;0.0,0.0,0.0;1.0,0.0,0.0,0.0
0.92;0.0,0.0,0.0;1.0,0.0,0.0,0.0
0.93;0.0,0.0,0.0;1.0,0.0,0.0,0.0
0.94;0.0,0.0,0.0;1.0,0.0,0.0,0.0
0.95;0.0,0.0,0.0;1.0,0.0,0.0,0.0
0.96;0.0,0.0,0.0;1.0,0.0,0.0,0.0
0.97;0.0,0.0,0.0;1.0,0.0,0.0,0.0
0.98;0.0,0.0,0.0;1.0,0.0,0.0,0.0
0.99;0.0,0.0,0.0;1.0,0.0,0.0,0.0
1.0;0.0,0.0,0.0;1.0,0.0,0.0,0.0
1.01;0.0,0.0,0.0;1.0,0.0,0.0,0.0
1.02;0.0,0.0,0.0;1.0,0.0,0.0,0.0
1.03;0.0,0.0,0.0;1.0,0.0,0.0,0.0
1.04;0.0,0.0,0.0;1.0,0.0,0.0,0.0
1.05;0.0,0.0,0.0;1.0,0.0,0.0,0.0
1.06;0.0,0.0,0.0;1.0,0.0,0.0,0.0
1.07;0.0,0.0,0.0;1.0,0.0,0.0,0.0
1.08;0.0,0.0,0.0;1.0,0.0,0.0,0.0
1.09;0.0,0.0,0.0;1.0,0.0,0.0,0.0
1.1;0.0,0.0,0.0;1.0,0.0,0.0,0.0
1.11;0.0,0.0,0.0;1.0,0.0,0.0,0.0
1.12;0.0,0.0,0.0;1.0,0.0,0.0,0.0
1.13;0.0,0.0,0.0;1.0,0.0,0.0,0.0
1.14;0.0,0.0,0.0;1.0,0.0,0.0,0.0
1.15;0.0,0.0,0.0;1.0,0.0,0.0,0.0
1.16;0.0,0.0,0.0;1.0,0.0,0.0,0.0
1.17;0.0,0.0,0.0;1.0,0.0,0.0,0.0
1.18;0.0,0.0,0.0;1.0,0.0,0.0,0.0
1.19;0.0,0.0,0.0;1.0,0.0,0.0,0.0
1.2;0.0,0.0,0.0;1.0,0.0,0.0,0.0
1.21;0.0,0.0,0.0;1.0,0.0,0.0,0.0
1.22;0.0,0.0,0.0;1.0,0.0,0.0,0.0
1.23;0.0,0.0,0.0;1.0,0.0,0.0,0.0
1.24;0.0,0.0,0.0;1.0,0.0,0.0,0.0
1.25;0.0,0.0,0.0;1.0,0.0,0.0,0.0
1.26;0.0,0.0,0.0;1.0,0.0,0.0,0.0
1.27;0.0,0.0,0.0;1.0,0.0,0.0,0.0
1.28;0.0,0.0,0.0;1.0,0.0,0.0,0.0
1.29;0.0,0.0,0.0;1.0,0.0,0.0,0.0
1.3;0.0,0.0,0.0;1.0,0.0,0.0,0.0
1.31;0.0,0.0,0.0;1.0,0.0,0.0,0.0
1.32;0.0,0.0,0.0;1.0,0.0,0.0,0.0
1.33;0.0,0.0,0.0;1.0,0.0,0.0,0.0
1.34;0.0,0.0,0.0;1.0,0.0,0.0,0.0
1.35;0.0,0.0,0.0;1.0,0.0,0.0,0.0
1.36;0.0,0.0,0.0;1.0,0.0,0.0,0.0
1.37;0.0,0.0,0.0;1.0,0.0,0.0,0.0
1.38;0.0,0.0,0.0;1.0,0.0,0.0,0.0
1.39;0.0,0.0,0.0;1.0,0.0,0.0,0.0
1.4;0.0,0.0,0.0;1.0,0.0,0.0,0.0
1.41;0.0,0.0,0.0;1.0,0.0,0.0,0.0
1.42;0.0,0.0,0.0;1.0,0.0,0.0,0.0
1.43;0.0,0.0,0.0;1.0,0.0,0.0,0.0
1.44;0.0,0.0,0.0;1.0,0.0,0.0,0.0
1.45;0.0,0.0,0.0;1.0,0.0,0.0,0.0
1.46;0.0,0.0,0.0;1.0,0.0,0.0,0.0
1.47;0.0,0.0,0.0;1.0,0.0,0.0,0.0
1.48;0.0,0.0,0.0;1.0,0.0,0.0,0.0
1.49;0.0,0.0,0.0;1.0,0.0,0.0,0.0
1.5;0.0,0.0,0.0;1.0,0.0,0.0,0.0
1.51;0.0,0.0,0.0;1.0,0.0,0.0,0.0
1.52;0.0,0.0,0.0;1.0,0.0,0.0,0.0
1.53;0.0,0.0,0.0;1.0,0.0,0.0,0.0
1.54;0.0,0.0,0.0;1.0,0.0,0.0,0.0
1.55;0.0,0.0,0.0;1.0,0.0,0.0,0.0
1.56;0.0,0.0,0.0;1.0,0.0,0.0,0.0
1.57;0.0,0.0,0.0;1.0,0.0,0.0,0.0
1.58;0.0,0.0,0.0;1.0,0.0,0.0,0.0
1.59;0.0,0.0,0.0;1.0,0.0,0.0,0.0
1.6;0.0,0.0,0.0;1.0,0.0,0.0,0.0
1.61;0.0,0.0,0.0;1.0,0.0,0.0,0.0
1.62;0.0,0.0,0.0;1.0,0.0,0.0,0.0
1.63;0.0,0.0,0.0;1.0,0.0,0.0,0.0
1.64;0.0,0.0,0.0;1.0,0.0,0.0,0.0
1.65;0.0,0.0,0.0;1.0,0.0,0.0,0.0
1.66;0.0,0.0,0.0;1.0,0.0,0.0,0.0
1.67;0.0,0.0,0.0;1.0,0.0,0.0,0.0
1.68;0.0,0.0,0.0;1.0,0.0,0.0,0.0
1.69;0.0,0.0,0.0;1.0,0.0,0.0,0.0
1.7;0.0,0.0,0.0;1.0,0.0,0.0,0.0
1.71;0.0,0.0,0.0;1.0,0.0,0.0,0.0
1.72;0.0,0.0,0.0;1.0,0.0,0.0,0.0
1.73;0.0,0.0,0.0;1.0,0.0,0.0,0.0
1.74;0.0,0.0,0.0;1.0,0.0,0.0,0.0
1.75;0.0,0.0,0.0;1.0,0.0,0.0,0.0
1.76;0.0,0.0,0.0;1.0,0.0,0.0,0.0
1.77;0.0,0.0,0.0;1.0,0.0,0.0,0.0
1.78;0.0,0.0,0.0;1.0,0.0,0.0,0.0
1.79;0.0,0.0,0.0;1.0,0.0,0.0,0.0
1.8;0.0,0.0,0.0;1.0,0.0,0.0,0.0
1.81;0.0,0.0,0.0;1.0,0.0,0.0,0.0
1.82;0.0,0.0,0.0;1.0,0.0,0.0,0.0
1.83;0.0,0.0,0.0;1.0,0.0,0.0,0.0
1.84;0.0,0.0,0.0;1.0,0.0,0.0,0.0
1.85;0.0,0.0,0.0;1.0,0.0,0.0,0.0
1.86;0.0,0.0,0.0;1.0,0.0,0.0,0.0
1.87;0.0,0.0,0.0;1.0,0.0,0.0,0.0
1.88;0.0,0.0,0.0;1.0,0.0,0.0,0.0
1.89;0.0,0.0,0.0;1.0,0.0,0.0,0.0
1.9;0.0,0.0,0.0;1.0,0.0,0.0,0.0
1.91;0.0,0.0,0.0;1.0,0.0,0.0,0.0
1.92;0.0,0.0,0.0;1.0,0.0,0.0,0.0
1.93;0.0,0.0,0.0;1.0,0.0,0.0,0.0
1.94;0.0,0.0,0.0;1.0,0.0,0.0,0.0
1.95;0.0,0.0,0.0;1.0,0.0,0.0,0.0
1.96;0.0,0.0,0.0;1.0,0.0,0.0,0.0
1.97;0.0,0.0,0.0;1.0,0.0,0.0,0.0
1.98;0.0,0.0,0.0;1.0,0.0,0.0,0.0
1.99;0.0,0.0,0.0;1.0,0.0,0.0,0.0
2.0;0.0,0.0,0.0;1.0,0.0,0.0,0.0
2.01;0.0,0.0,0.0;1.0,0.0,0.0,0.0
2.02;0.0,0.0,0.0;1.0,0.0,0.0,0.0
2.03;0.0,0.0,0.0;1.0,0.0,0.0,0.0
2.04;0.0,0.0,0.0;1.0,0.0,0.0,0.0
2.05;0.0,0.0,0.0;1.0,0.0,0.0,0.0
2.06;0.0,0.0,0.0;1.0,0.0,0.0,0.0
2.07;0.0,0.0,0.0;1.0,0.0,0.0,0.0
2.08;0.0,0.0,0.0;1.0,0.0,0.0,0.0
2.09;0.0,0.0,0.0;1.0,0.0,0.0,0.0
2.1;0.0,0.0,0.0;1.0,0.0,0.0,0.0
2.11;0.0,0.0,0.0;1.0,0.0,0.0,0.0
2.12;0.0,0.0,0.0;1.0,0.0,0.0,0.0
2.13;0.0,0.0,0.0;1.0,0.0,0.0,0.0
2.14;0.0,0.0,0.0;1.0,0.0,0.0,0.0
2.15;0.0,0.0,0.0;1.0,0.0,0.0,0.0
2.16;0.0,0.0,0.0;1.0,0.0,0.0,0.0
2.17;0.0,0.0,0.0;1.0,0.0,0.0,0.0
2.18;0.0,0.0,0.0;1.0,0.0,0.0,0.0
2.19;0.0,0.0,0.0;1.0,0.0,0.0,0.0
2.2;0.0,0.0,0.0;1.0,0.0,0.0,0.0
2.21;0.0,0.0,0.0;1.0,0.0,0.0,0.0
2.22;0.0,0.0,0.0;1.0,0.0,0.0,0.0
2.23;0.0,0.0,0.0;1.0,0.0,0.0,0.0
2.24;0.0,0.0,0.0;1.0,0.0,0.0,0.0
2.25;0.0,0.0,0.0;1.0,0.0,0.0,0.0
2.26;0.0,0.0,0.0;1.0,0.0,0.0,0.0
2.27;0.0,0.0,0.0;1.0,0.0,0.0,0.0
2.28;0.0,0.0,0.0;1.0,0.0,0.0,0.0
2.29;0.0,0.0,0.0;1.0,0.0,0.0,0.0
2.3;0.0,0.0,0.0;1.0,0.0,0.0,0.0
2.31;0.0,0.0,0.0;1.0,0.0,0.0,0.0
2.32;0.0,0.0,0.0;1.0,0.0,0.0,0.0
2.33;0.0,0.0,0.0;1.0,0.0,0.0,0.0
2.34;0.0,0.0,0.0;1.0,0.0,0.0,0.0
2.35;0.0,0.0,0.0;1.0,0.0,0.0,0.0
2.36;0.0,0.0,0.0;1.0,0.0,0.0,0.0
2.37;0.0,0.0,0.0;1.0,0.0,0.0,0.0
2.38;0.0,0.0,0.0;1.0,0.0,0.0,0.0
2.39;0.0,0.0,0.0;1.0,0.0,0.0,0.0
2.4;0.0,0.0,0.0;1.0,0.0,0.0,0.0
2.41;0.0,0.0,0.0;1.0,0.0,0.0,0.0
2.42;0.0,0.0,0.0;1.0,0.0,0.0,0.0
2.43;0.0,0.0,0.0;1.0,0.0,0.0,0.0
2.44;0.0,0.0,0.0;1.0,0.0,0.0,0.0
2.45;0.0,0.0,0.0;1.0,0.0,0.0,0.0
2.46;0.0,0.0,0.0;1.0,0.0,0.0,0.0
2.47;0.0,0.0,0.0;1.0,0.0,0.0,0.0
2.48;0.0,0.0,0.0;1.0,0.0,0.0,0.0
2.49;0.0,0.0,0.0;1.0,0.0,0.0,0.0
2.5;0.0,0.0,0.0;1.0,0.0,0.0,0.0
2.51;0.0,0.0,0.0;1.0,0.0,0.0,0.0
2.52;0.0,0.0,0.0;1.0,0.0,0.0,0.0
2.53;0.0,0.0,0.0;1.0,0.0,0.0,0.0
2.54;0.0,0.0,0.0;1.0,0.0,0.0,0.0
2.55;0.0,0.0,0.0;1.0,0.0,0.0,0.0
2.56;0.0,0.0,0.0;1.0,0.0,0.0,0.0
2.57;0.0,0.0,0.0;1.0,0.0,0.0,0.0
2.58;0.0,0.0,0.0;1.0,0.0,0.0,0.0
2.59;0.0,0.0,0.0;1.0,0.0,0.0,0.0
2.6;0.0,0.0,0.0;1.0,0.0,0.0,0.0
2.61;0.0,0.0,0.0;1.0,0.0,0.0,0.0
2.62;0.0,0.0,0.0;1.0,0.0,0.0,0.0
2.63;0.0,0.0,0.0;1.0,0.0,0.0,0.0
2.64;0.0,0.0,0.0;1.0,0.0,0.0,0.0
2.65;0.0,0.0,0.0;1.0,0.0,0.0,0.0
2.66;0.0,0.0,0.0;1.0,0.0,0.0,0.0
2.67;0.0,0.0,0.0;1.0,0.0,0.0,0.0
2.68;0.0,0.0,0.0;1.0,0.0,0.0,0.0
2.69;0.0,0.0,0.0;1.0,0.0,0.0,0.0
2.7;0.0,0.0,0.0;1.0,0.0,0.0,0.0
2.71;0.0,0.0,0.0;1.0,0.0,0.0,0.0
2.72;0.0,0.0,0.0;1.0,0.0,0.0,0.0
2.73;0.0,0.0,0.0;1.0,0.0,0.0,0.0
2.74;2.4088307327474467e-05,0.0,0.0;1.0,0.0,0.0,0.0
2.75;9.592308197170496e-05,0.0,0.0;1.0,0.0,0.0,0.0
2.76;0.00021485908655449748,0.0,0.0;1.0,0.0,0.0,0.0
2.77;0.0003802511200774461,0.0,0.0;1.0,0.0,0.0,0.0
2.78;0.0005914540379308164,0.0,0.0;1.0,0.0,0.0,0.0
2.79;0.0008478223462589085,0.0,0.0;1.0,0.0,0.0,0.0
2.8;0.001148710958659649,0.0,0.0;1.0,0.0,0.0,0.0
2.81;0.0014934750506654382,0.0,0.0;1.0,0.0,0.0,0.0
2.82;0.0018814688082784414,0.0,0.0;1.0,0.0,0.0,0.0
2.83;0.002312047639861703,0.0,0.0;1.0,0.0,0.0,0.0
2.84;0.0027845650911331177,0.0,0.0;1.0,0.0,0.0,0.0
2.85;0.0032983773853629827,0.0,0.0;1.0,0.0,0.0,0.0
2.86;0.0038528386503458023,0.0,0.0;1.0,0.0,0.0,0.0
2.87;0.004447303246706724,0.0,0.0;1.0,0.0,0.0,0.0
2.88;0.005081127397716045,0.0,0.0;1.0,0.0,0.0,0.0
2.89;0.0057536642998456955,0.0,0.0;1.0,0.0,0.0,0.0
2.9;0.006464269477874041,0.0,0.0;1.0,0.0,0.0,0.0
2.91;0.007212297059595585,0.0,0.0;1.0,0.0,0.0,0.0
2.92;0.007997103035449982,0.0,0.0;1.0,0.0,0.0,0.0
2.93;0.008818041533231735,0.0,0.0;1.0,0.0,0.0,0.0
2.94;0.009674466215074062,0.0,0.0;1.0,0.0,0.0,0.0
2.95;0.010565732605755329,0.0,0.0;1.0,0.0,0.0,0.0
2.96;0.011491197161376476,0.0,0.0;1.0,0.0,0.0,0.0
2.97;0.012450212612748146,0.0,0.0;1.0,0.0,0.0,0.0
2.98;0.013442136347293854,0.0,0.0;1.0,0.0,0.0,0.0
2.99;0.014466318301856518,0.0,0.0;1.0,0.0,0.0,0.0
3.0;0.015522118657827377,0.0,0.0;1.0,0.0,0.0,0.0
3.01;0.016608886420726776,0.0,0.0;1.0,0.0,0.0,0.0
3.02;0.017725979909300804,0.0,0.0;1.0,0.0,0.0,0.0
3.03;0.018872760236263275,0.0,0.0;1.0,0.0,0.0,0.0
3.04;0.020048566162586212,0.0,0.0;1.0,0.0,0.0,0.0
3.05;0.021252769976854324,0.0,0.0;1.0,0.0,0.0,0.0
3.06;0.022484712302684784,0.0,0.0;1.0,0.0,0.0,0.0
3.07;0.023743757978081703,0.0,0.0;1.0,0.0,0.0,0.0
3.08;0.02502925507724285,0.0,0.0;1.0,0.0,0.0,0.0
3.09;0.026340564712882042,0.0,0.0;1.0,0.0,0.0,0.0
3.1;0.027677036821842194,0.0,0.0;1.0,0.0,0.0,0.0
3.11;0.029038023203611374,0.0,0.0;1.0,0.0,0.0,0.0
3.12;0.030422883108258247,0.0,0.0;1.0,0.0,0.0,0.0
3.13;0.031830981373786926,0.0,0.0;1.0,0.0,0.0,0.0
3.14;0.03326164931058884,0.0,0.0;1.0,0.0,0.0,0.0
3.15;0.03471425920724869,0.0,0.0;1.0,0.0,0.0,0.0
3.16;0.03618816286325455,0.0,0.0;1.0,0.0,0.0,0.0
3.17;0.03768271207809448,0.0,0.0;1.0,0.0,0.0,0.0
3.18;0.03919726982712746,0.0,0.0;1.0,0.0,0.0,0.0
3.19;0.04073117673397064,0.0,0.0;1.0,0.0,0.0,0.0
3.2;0.042283795773983,0.0,0.0;1.0,0.0,0.0,0.0
3.21;0.0438544824719429,0.0,0.0;1.0,0.0,0.0,0.0
3.22;0.04544258490204811,0.0,0.0;1.0,0.0,0.0,0.0
3.23;0.04704747721552849,0.0,0.0;1.0,0.0,0.0,0.0
3.24;0.04866848886013031,0.0,0.0;1.0,0.0,0.0,0.0
3.25;0.05030498653650284,0.0,0.0;1.0,0.0,0.0,0.0
3.26;0.05195632204413414,0.0,0.0;1.0,0.0,0.0,0.0
3.27;0.053621865808963776,0.0,0.0;1.0,0.0,0.0,0.0
3.28;0.05530094355344772,0.0,0.0;1.0,0.0,0.0,0.0
3.29;0.05699292570352554,0.0,0.0;1.0,0.0,0.0,0.0
3.3;0.058697186410427094,0.0,0.0;1.0,0.0,0.0,0.0
3.31;0.06041303649544716,0.0,0.0;1.0,0.0,0.0,0.0
3.32;0.06213987618684769,0.0,0.0;1.0,0.0,0.0,0.0
3.33;0.06387703120708466,0.0,0.0;1.0,0.0,0.0,0.0
3.34;0.06562385708093643,0.0,0.0;1.0,0.0,0.0,0.0
3.35;0.06737972050905228,0.0,0.0;1.0,0.0,0.0,0.0
3.36;0.06914398074150085,0.0,0.0;1.0,0.0,0.0,0.0
3.37;0.07091597467660904,0.0,0.0;1.0,0.0,0.0,0.0
3.38;0.07269506901502609,0.0,0.0;1.0,0.0,0.0,0.0
3.39;0.07448060810565948,0.0,0.0;1.0,0.0,0.0,0.0
3.4;0.07627195864915848,0.0,0.0;1.0,0.0,0.0,0.0
3.41;0.07806847989559174,0.0,0.0;1.0,0.0,0.0,0.0
3.42;0.07986951619386673,0.0,0.0;1.0,0.0,0.0,0.0
3.43;0.08167441189289093,0.0,0.0;1.0,0.0,0.0,0.0
3.44;0.0834825411438942,0.0,0.0;1.0,0.0,0.0,0.0
3.45;0.08529326319694519,0.0,0.0;1.0,0.0,0.0,0.0
3.46;0.0871059000492096,0.0,0.0;1.0,0.0,0.0,0.0
3.47;0.08891984075307846,0.0,0.0;1.0,0.0,0.0,0.0
3.48;0.09073441475629807,0.0,0.0;1.0,0.0,0.0,0.0
3.49;0.09254899621009827,0.0,0.0;1.0,0.0,0.0,0.0
3.5;0.09436292201280594,0.0,0.0;1.0,0.0,0.0,0.0
3.51;0.09617556631565094,0.0,0.0;1.0,0.0,0.0,0.0
3.52;0.09798628836870193,0.0,0.0;1.0,0.0,0.0,0.0
3.53;0.0997944250702858,0.0,0.0;1.0,0.0,0.0,0.0
3.54;0.10159932076931,0.0,0.0;1.0,0.0,0.0,0.0
3.55;0.1034003496170044,0.0,0.0;1.0,0.0,0.0,0.0
3.56;0.10519687831401825,0.0,0.0;1.0,0.0,0.0,0.0
3.57;0.10698821395635605,0.0,0.0;1.0,0.0,0.0,0.0
3.58;0.10877376049757004,0.0,0.0;1.0,0.0,0.0,0.0
3.59;0.1105528473854065,0.0,0.0;1.0,0.0,0.0,0.0
3.6;0.11232484877109528,0.0,0.0;1.0,0.0,0.0,0.0
3.61;0.11408910155296326,0.0,0.0;1.0,0.0,0.0,0.0
3.62;0.1158449575304985,0.0,0.0;1.0,0.0,0.0,0.0
3.63;0.11759181320667267,0.0,0.0;1.0,0.0,0.0,0.0
3.64;0.11932896822690964,0.0,0.0;1.0,0.0,0.0,0.0
3.65;0.12105578184127808,0.0,0.0;1.0,0.0,0.0,0.0
3.66;0.12277165055274963,0.0,0.0;1.0,0.0,0.0,0.0
3.67;0.12447590380907059,0.0,0.0;1.0,0.0,0.0,0.0
3.68;0.1261678785085678,0.0,0.0;1.0,0.0,0.0,0.0
3.69;0.12784695625305176,0.0,0.0;1.0,0.0,0.0,0.0
3.7;0.1295125037431717,0.0,0.0;1.0,0.0,0.0,0.0
3.71;0.1311638355255127,0.0,0.0;1.0,0.0,0.0,0.0
3.72;0.13280035555362701,0.0,0.0;1.0,0.0,0.0,0.0
3.73;0.13442137837409973,0.0,0.0;1.0,0.0,0.0,0.0
3.74;0.13602624833583832,0.0,0.0;1.0,0.0,0.0,0.0
3.75;0.13761435449123383,0.0,0.0;1.0,0.0,0.0,0.0
3.76;0.13918505609035492,0.0,0.0;1.0,0.0,0.0,0.0
3.77;0.1407376527786255,0.0,0.0;1.0,0.0,0.0,0.0
3.78;0.14227154850959778,0.0,0.0;1.0,0.0,0.0,0.0
3.79;0.14378610253334045,0.0,0.0;1.0,0.0,0.0,0.0
3.8;0.14528068900108337,0.0,0.0;1.0,0.0,0.0,0.0
3.81;0.14675459265708923,0.0,0.0;1.0,0.0,0.0,0.0
3.82;0.1482071727514267,0.0,0.0;1.0,0.0,0.0,0.0
3.83;0.1496378481388092,0.0,0.0;1.0,0.0,0.0,0.0
3.84;0.15104596316814423,0.0,0.0;1.0,0.0,0.0,0.0
3.85;0.15243078768253326,0.0,0.0;1.0,0.0,0.0,0.0
3.86;0.15379180014133453,0.0,0.0;1.0,0.0,0.0,0.0
3.87;0.15512828528881073,0.0,0.0;1.0,0.0,0.0,0.0
3.88;0.15643957257270813,0.0,0.0;1.0,0.0,0.0,0.0
3.89;0.15772506594657898,0.0,0.0;1.0,0.0,0.0,0.0
3.9;0.15898412466049194,0.0,0.0;1.0,0.0,0.0,0.0
3.91;0.1602160632610321,0.0,0.0;1.0,0.0,0.0,0.0
3.92;0.16142025589942932,0.0,0.0;1.0,0.0,0.0,0.0
3.93;0.16259609162807465,0.0,0.0;1.0,0.0,0.0,0.0
3.94;0.16374285519123077,0.0,0.0;1.0,0.0,0.0,0.0
3.95;0.16485993564128876,0.0,0.0;1.0,0.0,0.0,0.0
3.96;0.16594672203063965,0.0,0.0;1.0,0.0,0.0,0.0
3.97;0.16700249910354614,0.0,0.0;1.0,0.0,0.0,0.0
3.98;0.16802671551704407,0.0,0.0;1.0,0.0,0.0,0.0
3.99;0.16901862621307373,0.0,0.0;1.0,0.0,0.0,0.0
4.0;0.16997766494750977,0.0,0.0;1.0,0.0,0.0,0.0
4.01;0.17090310156345367,0.0,0.0;1.0,0.0,0.0,0.0
4.02;0.1717943698167801,0.0,0.0;1.0,0.0,0.0,0.0
4.03;0.1726507991552353,0.0,0.0;1.0,0.0,0.0,0.0
4.04;0.17347171902656555,0.0,0.0;1.0,0.0,0.0,0.0
4.05;0.17425653338432312,0.0,0.0;1.0,0.0,0.0,0.0
4.06;0.17500460147857666,0.0,0.0;1.0,0.0,0.0,0.0
4.07;0.1757151484489441,0.0,0.0;1.0,0.0,0.0,0.0
4.08;0.1763876974582672,0.0,0.0;1.0,0.0,0.0,0.0
4.09;0.17702153325080872,0.0,0.0;1.0,0.0,0.0,0.0
4.1;0.1776159703731537,0.0,0.0;1.0,0.0,0.0,0.0
4.11;0.17817047238349915,0.0,0.0;1.0,0.0,0.0,0.0
4.12;0.178684264421463,0.0,0.0;1.0,0.0,0.0,0.0
4.13;0.17915678024291992,0.0,0.0;1.0,0.0,0.0,0.0
4.14;0.17958736419677734,0.0,0.0;1.0,0.0,0.0,0.0
4.15;0.17997536063194275,0.0,0.0;1.0,0.0,0.0,0.0
4.16;0.1803201138973236,0.0,0.0;1.0,0.0,0.0,0.0
4.17;0.18062105774879456,0.0,0.0;1.0,0.0,0.0,0.0
4.18;0.18087735772132874,0.0,0.0;1.0,0.0,0.0,0.0
4.19;0.18108859658241272,0.0,0.0;1.0,0.0,0.0,0.0
4.2;0.18125396966934204,0.0,0.0;1.0,0.0,0.0,0.0
4.21;0.18137294054031372,0.0,0.0;1.0,0.0,0.0,0.0
4.22;0.18144479393959045,0.0,0.0;1.0,0.0,0.0,0.0
4.23;0.18146882951259613,0.0,0.0;1.0,0.0,0.0,0.0
4.24;0.18144305050373077,0.0,0.0;1.0,0.0,0.0,0.0
4.25;0.1813662052154541,0.0,0.0;1.0,0.0,0.0,0.0
4.26;0.18123900890350342,0.0,0.0;1.0,0.0,0.0,0.0
4.27;0.18106214702129364,0.0,0.0;1.0,0.0,0.0,0.0
4.28;0.18083637952804565,0.0,0.0;1.0,0.0,0.0,0.0
4.29;0.18056239187717438,0.0,0.0;1.0,0.0,0.0,0.0
4.3;0.18024088442325592,0.0,0.0;1.0,0.0,0.0,0.0
4.31;0.17987261712551117,0.0,0.0;1.0,0.0,0.0,0.0
4.32;0.17945826053619385,0.0,0.0;1.0,0.0,0.0,0.0
4.33;0.17899854481220245,0.0,0.0;1.0,0.0,0.0,0.0
4.34;0.17849420011043549,0.0,0.0;1.0,0.0,0.0,0.0
4.35;0.17794591188430786,0.0,0.0;1.0,0.0,0.0,0.0
4.36;0.17735441029071808,0.0,0.0;1.0,0.0,0.0,0.0
4.37;0.17672042548656464,0.0,0.0;1.0,0.0,0.0,0.0
4.38;0.17604464292526245,0.0,0.0;1.0,0.0,0.0,0.0
4.39;0.17532777786254883,0.0,0.0;1.0,0.0,0.0,0.0
4.4;0.17457056045532227,0.0,0.0;1.0,0.0,0.0,0.0
4.41;0.17377369105815887,0.0,0.0;1.0,0.0,0.0,0.0
4.42;0.17293791472911835,0.0,0.0;1.0,0.0,0.0,0.0
4.43;0.1720639169216156,0.0,0.0;1.0,0.0,0.0,0.0
4.44;0.17115241289138794,0.0,0.0;1.0,0.0,0.0,0.0
4.45;0.17020411789417267,0.0,0.0;1.0,0.0,0.0,0.0
4.46;0.1692197620868683,0.0,0.0;1.0,0.0,0.0,0.0
4.47;0.1682000458240509,0.0,0.0;1.0,0.0,0.0,0.0
4.48;0.16714566946029663,0.0,0.0;1.0,0.0,0.0,0.0
4.49;0.16605739295482635,0.0,0.0;1.0,0.0,0.0,0.0
4.5;0.1649358719587326,0.0,0.0;1.0,0.0,0.0,0.0
4.51;0.16378188133239746,0.0,0.0;1.0,0.0,0.0,0.0
4.52;0.16259609162807465,0.0,0.0;1.0,0.0,0.0,0.0
4.53;0.16137921810150146,0.0,0.0;1.0,0.0,0.0,0.0
4.54;0.16013199090957642,0.0,0.0;1.0,0.0,0.0,0.0
4.55;0.1588551253080368,0.0,0.0;1.0,0.0,0.0,0.0
4.56;0.15754933655261993,0.0,0.0;1.0,0.0,0.0,0.0
4.57;0.15621532499790192,0.0,0.0;1.0,0.0,0.0,0.0
4.58;0.15485380589962006,0.0,0.0;1.0,0.0,0.0,0.0
4.59;0.15346550941467285,0.0,0.0;1.0,0.0,0.0,0.0
4.6;0.1520511358976364,0.0,0.0;1.0,0.0,0.0,0.0
4.61;0.15061141550540924,0.0,0.0;1.0,0.0,0.0,0.0
4.62;0.14914704859256744,0.0,0.0;1.0,0.0,0.0,0.0
4.63;0.14765875041484833,0.0,0.0;1.0,0.0,0.0,0.0
4.64;0.1461472362279892,0.0,0.0;1.0,0.0,0.0,0.0
4.65;0.14461322128772736,0.0,0.0;1.0,0.0,0.0,0.0
4.66;0.1430574208498001,0.0,0.0;1.0,0.0,0.0,0.0
4.67;0.14148055016994476,0.0,0.0;1.0,0.0,0.0,0.0
4.68;0.13988332450389862,0.0,0.0;1.0,0.0,0.0,0.0
4.69;0.1382664442062378,0.0,0.0;1.0,0.0,0.0,0.0
4.7;0.13663065433502197,0.0,0.0;1.0,0.0,0.0,0.0
4.71;0.13497662544250488,0.0,0.0;1.0,0.0,0.0,0.0
4.72;0.1333051174879074,0.0,0.0;1.0,0.0,0.0,0.0
4.73;0.13161681592464447,0.0,0.0;1.0,0.0,0.0,0.0
4.74;0.12991245090961456,0.0,0.0;1.0,0.0,0.0,0.0
4.75;0.1281927078962326,0.0,0.0;1.0,0.0,0.0,0.0
4.76;0.1264583319425583,0.0,0.0;1.0,0.0,0.0,0.0
4.77;0.12471003830432892,0.0,0.0;1.0,0.0,0.0,0.0
4.78;0.12294851988554001,0.0,0.0;1.0,0.0,0.0,0.0
4.79;0.12117449939250946,0.0,0.0;1.0,0.0,0.0,0.0
4.8;0.11938869953155518,0.0,0.0;1.0,0.0,0.0,0.0
4.81;0.11759182810783386,0.0,0.0;1.0,0.0,0.0,0.0
4.82;0.11578459292650223,0.0,0.0;1.0,0.0,0.0,0.0
4.83;0.11396771669387817,0.0,0.0;1.0,0.0,0.0,0.0
4.84;0.11214190721511841,0.0,0.0;1.0,0.0,0.0,0.0
4.85;0.11030788719654083,0.0,0.0;1.0,0.0,0.0,0.0
4.86;0.10846636444330215,0.0,0.0;1.0,0.0,0.0,0.0
4.87;0.10661806166172028,0.0,0.0;1.0,0.0,0.0,0.0
4.88;0.1047636941075325,0.0,0.0;1.0,0.0,0.0,0.0
4.89;0.10290396213531494,0.0,0.0;1.0,0.0,0.0,0.0
4.9;0.1010395810008049,0.0,0.0;1.0,0.0,0.0,0.0
4.91;0.09917128086090088,0.0,0.0;1.0,0.0,0.0,0.0
4.92;0.09729974716901779,0.0,0.0;1.0,0.0,0.0,0.0
4.93;0.09542572498321533,0.0,0.0;1.0,0.0,0.0,0.0
4.94;0.0935499370098114,0.0,0.0;1.0,0.0,0.0,0.0
4.95;0.09167306125164032,0.0,0.0;1.0,0.0,0.0,0.0
4.96;0.08979582786560059,0.0,0.0;1.0,0.0,0.0,0.0
4.97;0.08791893720626831,0.0,0.0;1.0,0.0,0.0,0.0
4.98;0.08604314923286438,0.0,0.0;1.0,0.0,0.0,0.0
4.99;0.08416911214590073,0.0,0.0;1.0,0.0,0.0,0.0
5.0;0.08229760080575943,0.0,0.0;1.0,0.0,0.0,0.0
5.01;0.08042929321527481,0.0,0.0;1.0,0.0,0.0,0.0
5.02;0.07856490463018417,0.0,0.0;1.0,0.0,0.0,0.0
5.03;0.07670517265796661,0.0,0.0;1.0,0.0,0.0,0.0
5.04;0.07485079765319824,0.0,0.0;1.0,0.0,0.0,0.0
5.05;0.07300249487161636,0.0,0.0;1.0,0.0,0.0,0.0
5.06;0.07116099447011948,0.0,0.0;1.0,0.0,0.0,0.0
5.07;0.0693269670009613,0.0,0.0;1.0,0.0,0.0,0.0
5.08;0.06750116497278214,0.0,0.0;1.0,0.0,0.0,0.0
5.09;0.06568428874015808,0.0,0.0;1.0,0.0,0.0,0.0
5.1;0.06387705355882645,0.0,0.0;1.0,0.0,0.0,0.0
5.11;0.06208016723394394,0.0,0.0;1.0,0.0,0.0,0.0
5.12;0.06029438227415085,0.0,0.0;1.0,0.0,0.0,0.0
5.13;0.058520346879959106,0.0,0.0;1.0,0.0,0.0,0.0
5.14;0.05675884336233139,0.0,0.0;1.0,0.0,0.0,0.0
5.15;0.05501051992177963,0.0,0.0;1.0,0.0,0.0,0.0
5.16;0.053276143968105316,0.0,0.0;1.0,0.0,0.0,0.0
5.17;0.05155641585588455,0.0,0.0;1.0,0.0,0.0,0.0
5.18;0.04985203593969345,0.0,0.0;1.0,0.0,0.0,0.0
5.19;0.04816373437643051,0.0,0.0;1.0,0.0,0.0,0.0
5.2;0.046492233872413635,0.0,0.0;1.0,0.0,0.0,0.0
5.21;0.04483819752931595,0.0,0.0;1.0,0.0,0.0,0.0
5.22;0.04320240020751953,0.0,0.0;1.0,0.0,0.0,0.0
5.23;0.0415855348110199,0.0,0.0;1.0,0.0,0.0,0.0
5.24;0.03998831659555435,0.0,0.0;1.0,0.0,0.0,0.0
5.25;0.03841143846511841,0.0,0.0;1.0,0.0,0.0,0.0
5.26;0.03685563802719116,0.0,0.0;1.0,0.0,0.0,0.0
5.27;0.03532162308692932,0.0,0.0;1.0,0.0,0.0,0.0
5.28;0.033810123801231384,0.0,0.0;1.0,0.0,0.0,0.0
5.29;0.03232179582118988,0.0,0.0;1.0,0.0,0.0,0.0
5.3;0.030857443809509277,0.0,0.0;1.0,0.0,0.0,0.0
5.31;0.02941770851612091,0.0,0.0;1.0,0.0,0.0,0.0
5.32;0.028003349900245667,0.0,0.0;1.0,0.0,0.0,0.0
5.33;0.026615053415298462,0.0,0.0;1.0,0.0,0.0,0.0
5.34;0.025253519415855408,0.0,0.0;1.0,0.0,0.0,0.0
5.35;0.023919537663459778,0.0,0.0;1.0,0.0,0.0,0.0
5.36;0.02261371910572052,0.0,0.0;1.0,0.0,0.0,0.0
5.37;0.021336838603019714,0.0,0.0;1.0,0.0,0.0,0.0
5.38;0.020089611411094666,0.0,0.0;1.0,0.0,0.0,0.0
5.39;0.018872752785682678,0.0,0.0;1.0,0.0,0.0,0.0
5.4;0.017686963081359863,0.0,0.0;1.0,0.0,0.0,0.0
5.41;0.01653294265270233,0.0,0.0;1.0,0.0,0.0,0.0
5.42;0.015411436557769775,0.0,0.0;1.0,0.0,0.0,0.0
5.43;0.014323145151138306,0.0,0.0;1.0,0.0,0.0,0.0
5.44;0.013268798589706421,0.0,0.0;1.0,0.0,0.0,0.0
5.45;0.01224905252456665,0.0,0.0;1.0,0.0,0.0,0.0
5.46;0.011264696717262268,0.0,0.0;1.0,0.0,0.0,0.0
5.47;0.010316446423530579,0.0,0.0;1.0,0.0,0.0,0.0
5.48;0.00940491259098053,0.0,0.0;1.0,0.0,0.0,0.0
5.49;0.008530914783477783,0.0,0.0;1.0,0.0,0.0,0.0
5.5;0.007695123553276062,0.0,0.0;1.0,0.0,0.0,0.0
5.51;0.006898269057273865,0.0,0.0;1.0,0.0,0.0,0.0
5.52;0.006141051650047302,0.0,0.0;1.0,0.0,0.0,0.0
5.53;0.005424171686172485,0.0,0.0;1.0,0.0,0.0,0.0
5.54;0.0047483742237091064,0.0,0.0;1.0,0.0,0.0,0.0
5.55;0.0041144490242004395,0.0,0.0;1.0,0.0,0.0,0.0
5.56;0.003522932529449463,0.0,0.0;1.0,0.0,0.0,0.0
5.57;0.002974599599838257,0.0,0.0;1.0,0.0,0.0,0.0
5.58;0.0024702847003936768,0.0,0.0;1.0,0.0,0.0,0.0
5.59;0.0020105838775634766,0.0,0.0;1.0,0.0,0.0,0.0
5.6;0.001596212387084961,0.0,0.0;1.0,0.0,0.0,0.0
5.61;0.0012279152870178223,0.0,0.0;1.0,0.0,0.0,0.0
5.62;0.0009064078330993652,0.0,0.0;1.0,0.0,0.0,0.0
5.63;0.0006324350833892822,0.0,0.0;1.0,0.0,0.0,0.0
5.64;0.00040668249130249023,0.0,0.0;1.0,0.0,0.0,0.0
5.65;0.00022980570793151855,0.0,0.0;1.0,0.0,0.0,0.0
5.66;0.00010260939598083496,0.0,0.0;1.0,0.0,0.0,0.0
5.67;2.5779008865356445e-05,0.0,0.0;1.0,0.0,0.0,0.0
5.68;0.0,0.0,0.0;1.0,0.0,0.0,0.0
5.69;1.4989467672421597e-05,0.0,-2.160371332138311e-05;1.0,0.0,0.0,0.0
5.7;5.964395313640125e-05,0.0,-8.596241968916729e-05;1.0,0.0,0.0,0.0
5.71;0.00013349257642403245,0.0,-0.0001923974632518366;1.0,0.0,0.0,0.0
5.72;0.0002360645157750696,0.0,-0.0003402302390895784;1.0,0.0,0.0,0.0
5.73;0.00036688888212665915,0.0,-0.0005287820822559297;1.0,0.0,0.0,0.0
5.74;0.0005254947463981807,0.0,-0.0007573742768727243;1.0,0.0,0.0,0.0
5.75;0.0007114112377166748,0.0,-0.001025328179821372;1.0,0.0,0.0,0.0
5.76;0.0009241675143130124,0.0,-0.0013319652061909437;1.0,0.0,0.0,0.0
5.77;0.0011632926762104034,0.0,-0.0016766065964475274;1.0,0.0,0.0,0.0
5.78;0.0014283161144703627,0.0,-0.0020585739985108376;1.0,0.0,0.0,0.0
5.79;0.0017187666380777955,0.0,-0.0024771885946393013;1.0,0.0,0.0,0.0
5.8;0.002034173347055912,0.0,-0.0029317717999219894;1.0,0.0,0.0,0.0
5.81;0.0023740653414279222,0.0,-0.0034216444473713636;1.0,0.0,0.0,0.0
5.82;0.0027379721868783236,0.0,-0.00394612830132246;1.0,0.0,0.0,0.0
5.83;0.003125422867015004,0.0,-0.004504545126110315;1.0,0.0,0.0,0.0
5.84;0.0035359461326152086,0.0,-0.005096215754747391;1.0,0.0,0.0,0.0
5.85;0.0039690714329481125,0.0,-0.005720461718738079;1.0,0.0,0.0,0.0
5.86;0.00442432751879096,0.0,-0.006376603618264198;1.0,0.0,0.0,0.0
5.87;0.004901243839412928,0.0,-0.00706396484747529;1.0,0.0,0.0,0.0
5.88;0.005399350076913834,0.0,-0.007781864609569311;1.0,0.0,0.0,0.0
5.89;0.005918174050748348,0.0,-0.008529623970389366;1.0,0.0,0.0,0.0
5.9;0.006457245908677578,0.0,-0.009306566789746284;1.0,0.0,0.0,0.0
5.91;0.007016094867140055,0.0,-0.01011201273649931;1.0,0.0,0.0,0.0
5.92;0.007594248745590448,0.0,-0.010945283807814121;1.0,0.0,0.0,0.0
5.93;0.008191237226128578,0.0,-0.01180570013821125;1.0,0.0,0.0,0.0
5.94;0.008806590922176838,0.0,-0.012692583724856377;1.0,0.0,0.0,0.0
5.95;0.00943983905017376,0.0,-0.01360525656491518;1.0,0.0,0.0,0.0
5.96;0.010090507566928864,0.0,-0.014543040655553341;1.0,0.0,0.0,0.0
5.97;0.010758128017187119,0.0,-0.01550525426864624;1.0,0.0,0.0,0.0
5.98;0.011442229151725769,0.0,-0.016491219401359558;1.0,0.0,0.0,0.0
5.99;0.01214233972132206,0.0,-0.017500262707471848;1.0,0.0,0.0,0.0
6.0;0.012857988476753235,0.0,-0.01853169873356819;1.0,0.0,0.0,0.0
6.01;0.013588707894086838,0.0,-0.01958485320210457;1.0,0.0,0.0,0.0
6.02;0.014334022998809814,0.0,-0.02065904624760151;1.0,0.0,0.0,0.0
6.03;0.015093464404344559,0.0,-0.021753598004579544;1.0,0.0,0.0,0.0
6.04;0.015866560861468315,0.0,-0.022867830470204353;1.0,0.0,0.0,0.0
6.05;0.016652841120958328,0.0,-0.024001065641641617;1.0,0.0,0.0,0.0
6.06;0.017451835796236992,0.0,-0.025152623653411865;1.0,0.0,0.0,0.0
6.07;0.0182630717754364,0.0,-0.02632182650268078;1.0,0.0,0.0,0.0
6.08;0.0190860815346241,0.0,-0.027507994323968887;1.0,0.0,0.0,0.0
6.09;0.019920390099287033,0.0,-0.02871045283973217;1.0,0.0,0.0,0.0
6.1;0.020765529945492744,0.0,-0.02992851659655571;1.0,0.0,0.0,0.0
6.11;0.02162102982401848,0.0,-0.031161511316895485;1.0,0.0,0.0,0.0
6.12;0.02248641476035118,0.0,-0.032408758997917175;1.0,0.0,0.0,0.0
6.13;0.023361220955848694,0.0,-0.03366958349943161;1.0,0.0,0.0,0.0
6.14;0.024244975298643112,0.0,-0.03494329750537872;1.0,0.0,0.0,0.0
6.15;0.025137202814221382,0.0,-0.03622923046350479;1.0,0.0,0.0,0.0
6.16;0.02603743225336075,0.0,-0.037526700645685196;1.0,0.0,0.0,0.0
6.17;0.026945199817419052,0.0,-0.03883501887321472;1.0,0.0,0.0,0.0
6.18;0.02786002680659294,0.0,-0.04015352576971054;1.0,0.0,0.0,0.0
6.19;0.028781449422240257,0.0,-0.041481535881757736;1.0,0.0,0.0,0.0
6.2;0.029708988964557648,0.0,-0.04281836375594139;1.0,0.0,0.0,0.0
6.21;0.030642185360193253,0.0,-0.04416333884000778;1.0,0.0,0.0,0.0
6.22;0.03158055990934372,0.0,-0.04551577568054199;1.0,0.0,0.0,0.0
6.23;0.032523639500141144,0.0,-0.0468750074505806;1.0,0.0,0.0,0.0
6.24;0.033470962196588516,0.0,-0.04824034124612808;1.0,0.0,0.0,0.0
6.25;0.034422051161527634,0.0,-0.049611106514930725;1.0,0.0,0.0,0.0
6.26;0.03537643328309059,0.0,-0.05098661780357361;1.0,0.0,0.0,0.0
6.27;0.03633363917469978,0.0,-0.05236620455980301;1.0,0.0,0.0,0.0
6.28;0.0372932031750679,0.0,-0.05374918505549431;1.0,0.0,0.0,0.0
6.29;0.03825464844703674,0.0,-0.05513487756252289;1.0,0.0,0.0,0.0
6.3;0.039217509329319,0.0,-0.05652260035276413;1.0,0.0,0.0,0.0
6.31;0.04018130898475647,0.0,-0.05791168659925461;1.0,0.0,0.0,0.0
6.32;0.041145578026771545,0.0,-0.059301454573869705;1.0,0.0,0.0,0.0
6.33;0.04210984706878662,0.0,-0.060691215097904205;1.0,0.0,0.0,0.0
6.34;0.04307365044951439,0.0,-0.06208030506968498;1.0,0.0,0.0,0.0
6.35;0.04403650760650635,0.0,-0.06346803903579712;1.0,0.0,0.0,0.0
6.36;0.04499795660376549,0.0,-0.0648537278175354;1.0,0.0,0.0,0.0
6.37;0.045957520604133606,0.0,-0.0662367045879364;1.0,0.0,0.0,0.0
6.38;0.0469147264957428,0.0,-0.0676162838935852;1.0,0.0,0.0,0.0
6.39;0.04786910489201546,0.0,-0.06899180263280869;1.0,0.0,0.0,0.0
6.4;0.04882019758224487,0.0,-0.07036256790161133;1.0,0.0,0.0,0.0
6.41;0.04976751655340195,0.0,-0.07172790169715881;1.0,0.0,0.0,0.0
6.42;0.05071059614419937,0.0,-0.07308712601661682;1.0,0.0,0.0,0.0
6.43;0.05164896324276924,0.0,-0.07443957030773163;1.0,0.0,0.0,0.0
6.44;0.052582159638404846,0.0,-0.07578454911708832;1.0,0.0,0.0,0.0
6.45;0.053509701043367386,0.0,-0.07712137699127197;1.0,0.0,0.0,0.0
6.46;0.05443112179636955,0.0,-0.07844936847686768;1.0,0.0,0.0,0.0
6.47;0.05534595251083374,0.0,-0.07976788282394409;1.0,0.0,0.0,0.0
6.48;0.05625372380018234,0.0,-0.08107620477676392;1.0,0.0,0.0,0.0
6.49;0.05715395137667656,0.0,-0.08237367868423462;1.0,0.0,0.0,0.0
6.5;0.05804618448019028,0.0,-0.08365961909294128;1.0,0.0,0.0,0.0
6.51;0.058929938822984695,0.0,-0.084933340549469;1.0,0.0,0.0,0.0
6.52;0.05980474501848221,0.0,-0.08619415014982224;1.0,0.0,0.0,0.0
6.53;0.06067012995481491,0.0,-0.08744140714406967;1.0,0.0,0.0,0.0
6.54;0.061525631695985794,0.0,-0.0886744037270546;1.0,0.0,0.0,0.0
6.55;0.062370773404836655,0.0,-0.08989246934652328;1.0,0.0,0.0,0.0
6.56;0.06320507824420929,0.0,-0.09109491854906082;1.0,0.0,0.0,0.0
6.57;0.06402808427810669,0.0,-0.09228109568357468;1.0,0.0,0.0,0.0
6.58;0.06483931839466095,0.0,-0.09345029294490814;1.0,0.0,0.0,0.0
6.59;0.06563831865787506,0.0,-0.0946018397808075;1.0,0.0,0.0,0.0
6.6;0.06642460823059082,0.0,-0.0957350805401802;1.0,0.0,0.0,0.0
6.61;0.06719769537448883,0.0,-0.09684930741786957;1.0,0.0,0.0,0.0
6.62;0.06795713305473328,0.0,-0.09794384986162186;1.0,0.0,0.0,0.0
6.63;0.06870243698358536,0.0,-0.09901804476976395;1.0,0.0,0.0,0.0
6.64;0.06943316757678986,0.0,-0.10007122159004211;1.0,0.0,0.0,0.0
6.65;0.07014882564544678,0.0,-0.10110265761613846;1.0,0.0,0.0,0.0
6.66;0.07084894180297852,0.0,-0.10211168974637985;1.0,0.0,0.0,0.0
6.67;0.07153303921222687,0.0,-0.10309766978025436;1.0,0.0,0.0,0.0
6.68;0.07220064848661423,0.0,-0.10405988246202469;1.0,0.0,0.0,0.0
6.69;0.07285132259130478,0.0,-0.1049976646900177;1.0,0.0,0.0,0.0
6.7;0.07348456233739853,0.0,-0.10591033101081848;1.0,0.0,0.0,0.0
6.71;0.07409992069005966,0.0,-0.1067972183227539;1.0,0.0,0.0,0.0
6.72;0.07469690591096878,0.0,-0.10765762627124786;1.0,0.0,0.0,0.0
6.73;0.07527507096529007,0.0,-0.10849089920520782;1.0,0.0,0.0,0.0
6.74;0.07583392411470413,0.0,-0.10929635167121887;1.0,0.0,0.0,0.0
6.75;0.07637298852205276,0.0,-0.1100732833147049;1.0,0.0,0.0,0.0
6.76;0.07689181715250015,0.0,-0.11082105338573456;1.0,0.0,0.0,0.0
6.77;0.0773899257183075,0.0,-0.11153894662857056;1.0,0.0,0.0,0.0
6.78;0.07786683738231659,0.0,-0.11222632229328156;1.0,0.0,0.0,0.0
6.79;0.07832209765911102,0.0,-0.11288243532180786;1.0,0.0,0.0,0.0
6.8;0.0787552073597908,0.0,-0.11350668966770172;1.0,0.0,0.0,0.0
6.81;0.0791657343506813,0.0,-0.11409834027290344;1.0,0.0,0.0,0.0
6.82;0.07955318689346313,0.0,-0.11465676128864288;1.0,0.0,0.0,0.0
6.83;0.07991708815097809,0.0,-0.11518126726150513;1.0,0.0,0.0,0.0
6.84;0.08025698363780975,0.0,-0.11567114293575287;1.0,0.0,0.0,0.0
6.85;0.08057239651679993,0.0,-0.11612571775913239;1.0,0.0,0.0,0.0
6.86;0.08086283504962921,0.0,-0.11654432117938995;1.0,0.0,0.0,0.0
6.87;0.08112785220146179,0.0,-0.11692629754543304;1.0,0.0,0.0,0.0
6.88;0.08136698603630066,0.0,-0.11727094650268555;1.0,0.0,0.0,0.0
6.89;0.08157974481582642,0.0,-0.11757756769657135;1.0,0.0,0.0,0.0
6.9;0.08176565170288086,0.0,-0.11784553527832031;1.0,0.0,0.0,0.0
6.91;0.08192427456378937,0.0,-0.11807411909103394;1.0,0.0,0.0,0.0
6.92;0.08205509185791016,0.0,-0.11826266348361969;1.0,0.0,0.0,0.0
6.93;0.08215765655040741,0.0,-0.11841051280498505;1.0,0.0,0.0,0.0
6.94;0.08223152160644531,0.0,-0.1185169368982315;1.0,0.0,0.0,0.0
6.95;0.08227616548538208,0.0,-0.11858128011226654;1.0,0.0,0.0,0.0
6.96;0.08229115605354309,0.0,-0.11860290914773941;1.0,0.0,0.0,0.0
6.97;0.08228255063295364,0.0,-0.11859050393104553;1.0,0.0,0.0,0.0
6.98;0.08225685358047485,0.0,-0.11855347454547882;1.0,0.0,0.0,0.0
6.99;0.08221428841352463,0.0,-0.11849211156368256;1.0,0.0,0.0,0.0
7.0;0.08215504139661789,0.0,-0.11840672791004181;1.0,0.0,0.0,0.0
7.01;0.08207932114601135,0.0,-0.11829759925603867;1.0,0.0,0.0,0.0
7.02;0.08198735117912292,0.0,-0.1181650459766388;1.0,0.0,0.0,0.0
7.03;0.08187931030988693,0.0,-0.11800932884216309;1.0,0.0,0.0,0.0
7.04;0.08175541460514069,0.0,-0.11783076822757721;1.0,0.0,0.0,0.0
7.05;0.0816158652305603,0.0,-0.11762964725494385;1.0,0.0,0.0,0.0
7.06;0.0814608782529831,0.0,-0.11740626394748688;1.0,0.0,0.0,0.0
7.07;0.08129064738750458,0.0,-0.11716091632843018;1.0,0.0,0.0,0.0
7.08;0.08110538125038147,0.0,-0.11689390242099762;1.0,0.0,0.0,0.0
7.09;0.08090528100728989,0.0,-0.1166054978966713;1.0,0.0,0.0,0.0
7.1;0.08069054782390594,0.0,-0.11629601567983627;1.0,0.0,0.0,0.0
7.11;0.08046139776706696,0.0,-0.11596574634313583;1.0,0.0,0.0,0.0
7.12;0.08021802455186844,0.0,-0.11561498790979385;1.0,0.0,0.0,0.0
7.13;0.07996063679456711,0.0,-0.11524403095245361;1.0,0.0,0.0,0.0
7.14;0.07968944311141968,0.0,-0.11485316604375839;1.0,0.0,0.0,0.0
7.15;0.07940464466810226,0.0,-0.11444269120693207;1.0,0.0,0.0,0.0
7.16;0.07910644263029099,0.0,-0.11401291191577911;1.0,0.0,0.0,0.0
7.17;0.07879504561424255,0.0,-0.11356411129236221;1.0,0.0,0.0,0.0
7.18;0.07847066223621368,0.0,-0.11309657990932465;1.0,0.0,0.0,0.0
7.19;0.0781334862112999,0.0,-0.11261063069105148;1.0,0.0,0.0,0.0
7.2;0.0777837261557579,0.0,-0.11210653930902481;1.0,0.0,0.0,0.0
7.21;0.07742159813642502,0.0,-0.1115846112370491;1.0,0.0,0.0,0.0
7.22;0.07704729586839676,0.0,-0.11104514449834824;1.0,0.0,0.0,0.0
7.23;0.07666102051734924,0.0,-0.1104884222149849;1.0,0.0,0.0,0.0
7.24;0.07626298069953918,0.0,-0.10991474986076355;1.0,0.0,0.0,0.0
7.25;0.0758533850312233,0.0,-0.10932441055774689;1.0,0.0,0.0,0.0
7.26;0.0754324272274971,0.0,-0.10871770977973938;1.0,0.0,0.0,0.0
7.27;0.0750003308057785,0.0,-0.10809493809938431;1.0,0.0,0.0,0.0
7.28;0.07455728948116302,0.0,-0.10745639353990555;1.0,0.0,0.0,0.0
7.29;0.07410350441932678,0.0,-0.10680237412452698;1.0,0.0,0.0,0.0
7.3;0.07363917678594589,0.0,-0.10613316297531128;1.0,0.0,0.0,0.0
7.31;0.07316451519727707,0.0,-0.10544905811548233;1.0,0.0,0.0,0.0
7.32;0.07267973572015762,0.0,-0.10475035756826401;1.0,0.0,0.0,0.0
7.33;0.07218503206968307,0.0,-0.10403736680746078;1.0,0.0,0.0,0.0
7.34;0.07168061286211014,0.0,-0.10331036150455475;1.0,0.0,0.0,0.0
7.35;0.07116667926311493,0.0,-0.10256964713335037;1.0,0.0,0.0,0.0
7.36;0.07064343243837357,0.0,-0.10181552171707153;1.0,0.0,0.0,0.0
7.37;0.07011108845472336,0.0,-0.10104826837778091;1.0,0.0,0.0,0.0
7.38;0.06956983357667923,0.0,-0.10026818513870239;1.0,0.0,0.0,0.0
7.39;0.06901989132165909,0.0,-0.09947558492422104;1.0,0.0,0.0,0.0
7.4;0.06846146285533905,0.0,-0.09867073595523834;1.0,0.0,0.0,0.0
7.41;0.06789474189281464,0.0,-0.09785394370555878;1.0,0.0,0.0,0.0
7.42;0.06731994450092316,0.0,-0.09702550619840622;1.0,0.0,0.0,0.0
7.43;0.06673726439476013,0.0,-0.09618572145700455;1.0,0.0,0.0,0.0
7.44;0.06614692509174347,0.0,-0.09533488005399704;1.0,0.0,0.0,0.0
7.45;0.0655491054058075,0.0,-0.09447326511144638;1.0,0.0,0.0,0.0
7.46;0.06494402885437012,0.0,-0.09360119700431824;1.0,0.0,0.0,0.0
7.47;0.06433189660310745,0.0,-0.0927189514040947;1.0,0.0,0.0,0.0
7.48;0.06371290236711502,0.0,-0.09182682633399963;1.0,0.0,0.0,0.0
7.49;0.06308726221323013,0.0,-0.09092511981725693;1.0,0.0,0.0,0.0
7.5;0.0624551847577095,0.0,-0.09001412987709045;1.0,0.0,0.0,0.0
7.51;0.06181685999035835,0.0,-0.0890941396355629;1.0,0.0,0.0,0.0
7.52;0.061172500252723694,0.0,-0.08816545456647873;1.0,0.0,0.0,0.0
7.53;0.06052231043577194,0.0,-0.08722835779190063;1.0,0.0,0.0,0.0
7.54;0.05986649543046951,0.0,-0.08628315478563309;1.0,0.0,0.0,0.0
7.55;0.05920526012778282,0.0,-0.08533014357089996;1.0,0.0,0.0,0.0
7.56;0.058538805693387985,0.0,-0.08436960726976395;1.0,0.0,0.0,0.0
7.57;0.05786734074354172,0.0,-0.08340185135602951;1.0,0.0,0.0,0.0
7.58;0.057191066443920135,0.0,-0.08242716640233994;1.0,0.0,0.0,0.0
7.59;0.05651019141077995,0.0,-0.0814458504319191;1.0,0.0,0.0,0.0
7.6;0.05582491308450699,0.0,-0.08045818656682968;1.0,0.0,0.0,0.0
7.61;0.05513545125722885,0.0,-0.07946449518203735;1.0,0.0,0.0,0.0
7.62;0.054441988468170166,0.0,-0.07846502959728241;1.0,0.0,0.0,0.0
7.63;0.05374474078416824,0.0,-0.07746012508869171;1.0,0.0,0.0,0.0
7.64;0.053043920546770096,0.0,-0.07645005732774734;1.0,0.0,0.0,0.0
7.65;0.052339717745780945,0.0,-0.07543511688709259;1.0,0.0,0.0,0.0
7.66;0.0516323521733284,0.0,-0.07441561669111252;1.0,0.0,0.0,0.0
7.67;0.05092201381921768,0.0,-0.07339183986186981;1.0,0.0,0.0,0.0
7.68;0.050208915024995804,0.0,-0.07236407697200775;1.0,0.0,0.0,0.0
7.69;0.04949326068162918,0.0,-0.07133263349533081;1.0,0.0,0.0,0.0
7.7;0.04877524822950363,0.0,-0.07029778510332108;1.0,0.0,0.0,0.0
7.71;0.04805509373545647,0.0,-0.06925985962152481;1.0,0.0,0.0,0.0
7.72;0.047332994639873505,0.0,-0.0682191252708435;1.0,0.0,0.0,0.0
7.73;0.04660915583372116,0.0,-0.06717588007450104;1.0,0.0,0.0,0.0
7.74;0.04588378220796585,0.0,-0.06613043695688248;1.0,0.0,0.0,0.0
7.75;0.04515707492828369,0.0,-0.06508306413888931;1.0,0.0,0.0,0.0
7.76;0.04442925006151199,0.0,-0.06403407454490662;1.0,0.0,0.0,0.0
7.77;0.04370050132274628,0.0,-0.06298375129699707;1.0,0.0,0.0,0.0
7.78;0.04297102987766266,0.0,-0.061932407319545746;1.0,0.0,0.0,0.0
7.79;0.04224105179309845,0.0,-0.06088032200932503;1.0,0.0,0.0,0.0
7.8;0.04151076823472977,0.0,-0.059827789664268494;1.0,0.0,0.0,0.0
7.81;0.04078038036823273,0.0,-0.05877510830760002;1.0,0.0,0.0,0.0
7.82;0.04005010798573494,0.0,-0.05772259831428528;1.0,0.0,0.0,0.0
7.83;0.039320118725299835,0.0,-0.056670498102903366;1.0,0.0,0.0,0.0
7.84;0.03859066218137741,0.0,-0.05561915412545204;1.0,0.0,0.0,0.0
7.85;0.0378619059920311,0.0,-0.054568834602832794;1.0,0.0,0.0,0.0
7.86;0.0371340773999691,0.0,-0.0535198450088501;1.0,0.0,0.0,0.0
7.87;0.03640738129615784,0.0,-0.05247247591614723;1.0,0.0,0.0,0.0
7.88;0.03568200021982193,0.0,-0.051427025347948074;1.0,0.0,0.0,0.0
7.89;0.034958161413669586,0.0,-0.050383783876895905;1.0,0.0,0.0,0.0
7.9;0.034236058592796326,0.0,-0.0493430495262146;1.0,0.0,0.0,0.0
7.91;0.03351590782403946,0.0,-0.048305120319128036;1.0,0.0,0.0,0.0
7.92;0.03279789164662361,0.0,-0.0472702756524086;1.0,0.0,0.0,0.0
7.93;0.03208223730325699,0.0,-0.04623883217573166;1.0,0.0,0.0,0.0
7.94;0.03136913850903511,0.0,-0.0452110655605793;1.0,0.0,0.0,0.0
7.95;0.030658800154924393,0.0,-0.044187288731336594;1.0,0.0,0.0,0.0
7.96;0.029951434582471848,0.0,-0.04316779226064682;1.0,0.0,0.0,0.0
7.97;0.029247231781482697,0.0,-0.04215285927057266;1.0,0.0,0.0,0.0
7.98;0.02854641154408455,0.0,-0.0411427840590477;1.0,0.0,0.0,0.0
7.99;0.027849167585372925,0.0,-0.040137879550457;1.0,0.0,0.0,0.0
8.0;0.027155708521604538,0.0,-0.039138421416282654;1.0,0.0,0.0,0.0
8.01;0.026466235518455505,0.0,-0.038144711405038834;1.0,0.0,0.0,0.0
8.02;0.02578096091747284,0.0,-0.037157054990530014;1.0,0.0,0.0,0.0
8.03;0.025100085884332657,0.0,-0.03617572784423828;1.0,0.0,0.0,0.0
8.04;0.024423819035291672,0.0,-0.0352010503411293;1.0,0.0,0.0,0.0
8.05;0.02375234290957451,0.0,-0.034233301877975464;1.0,0.0,0.0,0.0
8.06;0.02308589220046997,0.0,-0.03327275812625885;1.0,0.0,0.0,0.0
8.07;0.022424660623073578,0.0,-0.03231975436210632;1.0,0.0,0.0,0.0
8.08;0.02176884189248085,0.0,-0.03137455880641937;1.0,0.0,0.0,0.0
8.09;0.021118659526109695,0.0,-0.030437476933002472;1.0,0.0,0.0,0.0
8.1;0.02047429233789444,0.0,-0.029508769512176514;1.0,0.0,0.0,0.0
8.11;0.019835978746414185,0.0,-0.028588786721229553;1.0,0.0,0.0,0.0
8.12;0.01920389011502266,0.0,-0.027677789330482483;1.0,0.0,0.0,0.0
8.13;0.01857824996113777,0.0,-0.02677607536315918;1.0,0.0,0.0,0.0
8.14;0.01795925945043564,0.0,-0.025883957743644714;1.0,0.0,0.0,0.0
8.15;0.017347127199172974,0.0,-0.025001712143421173;1.0,0.0,0.0,0.0
8.16;0.016742050647735596,0.0,-0.02412964403629303;1.0,0.0,0.0,0.0
8.17;0.01614423096179962,0.0,-0.02326802909374237;1.0,0.0,0.0,0.0
8.18;0.015553880482912064,0.0,-0.022417187690734863;1.0,0.0,0.0,0.0
8.19;0.014971204102039337,0.0,-0.021577395498752594;1.0,0.0,0.0,0.0
8.2;0.014396414160728455,0.0,-0.020748957991600037;1.0,0.0,0.0,0.0
8.21;0.01382969319820404,0.0,-0.019932180643081665;1.0,0.0,0.0,0.0
8.22;0.013271264731884003,0.0,-0.019127339124679565;1.0,0.0,0.0,0.0
8.23;0.012721315026283264,0.0,-0.018334724009037018;1.0,0.0,0.0,0.0
8.24;0.01218007504940033,0.0,-0.017554640769958496;1.0,0.0,0.0,0.0
8.25;0.011647723615169525,0.0,-0.01678740233182907;1.0,0.0,0.0,0.0
8.26;0.011124484241008759,0.0,-0.01603325456380844;1.0,0.0,0.0,0.0
8.27;0.010610543191432953,0.0,-0.015292555093765259;1.0,0.0,0.0,0.0
8.28;0.010106123983860016,0.0,-0.014565549790859222;1.0,0.0,0.0,0.0
8.29;0.009611420333385468,0.0,-0.013852551579475403;1.0,0.0,0.0,0.0
8.3;0.009126633405685425,0.0,-0.013153858482837677;1.0,0.0,0.0,0.0
8.31;0.008651986718177795,0.0,-0.012469761073589325;1.0,0.0,0.0,0.0
8.32;0.008187651634216309,0.0,-0.011800535023212433;1.0,0.0,0.0,0.0
8.33;0.007733874022960663,0.0,-0.01114652305841446;1.0,0.0,0.0,0.0
8.34;0.0072908177971839905,0.0,-0.0105079784989357;1.0,0.0,0.0,0.0
8.35;0.006858713924884796,0.0,-0.00988519936800003;1.0,0.0,0.0,0.0
8.36;0.006437771022319794,0.0,-0.00927850604057312;1.0,0.0,0.0,0.0
8.37;0.006028182804584503,0.0,-0.008688181638717651;1.0,0.0,0.0,0.0
8.38;0.005630135536193848,0.0,-0.008114472031593323;1.0,0.0,0.0,0.0
8.39;0.005243867635726929,0.0,-0.007557764649391174;1.0,0.0,0.0,0.0
8.4;0.004869550466537476,0.0,-0.007018297910690308;1.0,0.0,0.0,0.0
8.41;0.004507429897785187,0.0,-0.0064963698387146;1.0,0.0,0.0,0.0
8.42;0.004157669842243195,0.0,-0.005992263555526733;1.0,0.0,0.0,0.0
8.43;0.00382048636674881,0.0,-0.005506306886672974;1.0,0.0,0.0,0.0
8.44;0.003496110439300537,0.0,-0.005038797855377197;1.0,0.0,0.0,0.0
8.45;0.003184705972671509,0.0,-0.0045900046825408936;1.0,0.0,0.0,0.0
8.46;0.0028865039348602295,0.0,-0.004160210490226746;1.0,0.0,0.0,0.0
8.47;0.002601705491542816,0.0,-0.0037497282028198242;1.0,0.0,0.0,0.0
8.48;0.0023305118083953857,0.0,-0.0033588707447052;1.0,0.0,0.0,0.0
8.49;0.002073138952255249,0.0,-0.0029879212379455566;1.0,0.0,0.0,0.0
8.5;0.0018297582864761353,0.0,-0.002637147903442383;1.0,0.0,0.0,0.0
8.51;0.001600608229637146,0.0,-0.002306893467903137;1.0,0.0,0.0,0.0
8.52;0.0013858824968338013,0.0,-0.001997426152229309;1.0,0.0,0.0,0.0
8.53;0.001185774803161621,0.0,-0.0017090141773223877;1.0,0.0,0.0,0.0
8.54;0.0010005086660385132,0.0,-0.0014419853687286377;1.0,0.0,0.0,0.0
8.55;0.0008302778005599976,0.0,-0.001196637749671936;1.0,0.0,0.0,0.0
8.56;0.0006752908229827881,0.0,-0.0009732544422149658;1.0,0.0,0.0,0.0
8.57;0.0005357414484024048,0.0,-0.0007721483707427979;1.0,0.0,0.0,0.0
8.58;0.00041185319423675537,0.0,-0.0005935728549957275;1.0,0.0,0.0,0.0
8.59;0.000303804874420166,0.0,-0.0004378706216812134;1.0,0.0,0.0,0.0
8.6;0.00021182000637054443,0.0,-0.0003052949905395508;1.0,0.0,0.0,0.0
8.61;0.0001361072063446045,0.0,-0.00019618868827819824;1.0,0.0,0.0,0.0
8.62;7.687509059906006e-05,0.0,-0.00011080503463745117;1.0,0.0,0.0,0.0
8.63;3.4302473068237305e-05,0.0,-4.945695400238037e-05;1.0,0.0,0.0,0.0
8.64;8.597970008850098e-06,0.0,-1.2427568435668945e-05;1.0,0.0,0.0,0.0
8.65;0.0,0.0,0.0;1.0,0.0,0.0,0.0
8.66;0.0,0.0,0.0;1.0,0.0,0.0,0.0
8.67;0.0,0.0,0.0;1.0,0.0,0.0,0.0
8.68;0.0,0.0,0.0;1.0,0.0,0.0,0.0
8.69;0.0,0.0,0.0;1.0,0.0,0.0,0.0
8.7;0.0,0.0,0.0;1.0,0.0,0.0,0.0
8.71;0.0,0.0,0.0;1.0,0.0,0.0,0.0
8.72;0.0,0.0,0.0;1.0,0.0,0.0,0.0
8.73;0.0,0.0,0.0;1.0,0.0,0.0,0.0
8.74;0.0,0.0,0.0;1.0,0.0,0.0,0.0
8.75;0.0,0.0,0.0;1.0,0.0,0.0,0.0
8.76;0.0,0.0,0.0;1.0,0.0,0.0,0.0
8.77;0.0,0.0,0.0;1.0,0.0,0.0,0.0
8.78;0.0,0.0,0.0;1.0,0.0,0.0,0.0
8.79;0.0,0.0,0.0;1.0,0.0,0.0,0.0
8.8;0.0,0.0,0.0;1.0,0.0,0.0,0.0
8.81;0.0,0.0,0.0;1.0,0.0,0.0,0.0
8.82;0.0,0.0,0.0;1.0,0.0,0.0,0.0
8.83;0.0,0.0,0.0;1.0,0.0,0.0,0.0
8.84;0.0,0.0,0.0;1.0,0.0,0.0,0.0
8.85;0.0,0.0,0.0;1.0,0.0,0.0,0.0
8.86;0.0,0.0,0.0;1.0,0.0,0.0,0.0
8.87;0.0,0.0,0.0;1.0,0.0,0.0,0.0
8.88;0.0,0.0,0.0;1.0,0.0,0.0,0.0
8.89;0.0,0.0,0.0;1.0,0.0,0.0,0.0
8.9;0.0,0.0,0.0;1.0,0.0,0.0,0.0
8.91;0.0,0.0,0.0;1.0,0.0,0.0,0.0
8.92;0.0,0.0,0.0;1.0,0.0,0.0,0.0
8.93;0.0,0.0,0.0;1.0,0.0,0.0,0.0
8.94;0.0,0.0,0.0;1.0,0.0,0.0,0.0
8.95;0.0,0.0,0.0;1.0,0.0,0.0,0.0
8.96;0.0,0.0,0.0;1.0,0.0,0.0,0.0
8.97;0.0,0.0,0.0;1.0,0.0,0.0,0.0
8.98;0.0,0.0,0.0;1.0,0.0,0.0,0.0
8.99;0.0,0.0,0.0;1.0,0.0,0.0,0.0
9.0;0.0,0.0,0.0;1.0,0.0,0.0,0.0
9.01;0.0,0.0,0.0;1.0,0.0,0.0,0.0
9.02;0.0,0.0,0.0;1.0,0.0,0.0,0.0
9.03;0.0,0.0,0.0;1.0,0.0,0.0,0.0
9.04;0.0,0.0,0.0;1.0,0.0,0.0,0.0
9.05;0.0,0.0,0.0;1.0,0.0,0.0,0.0
9.06;0.0,0.0,0.0;1.0,0.0,0.0,0.0
9.07;0.0,0.0,0.0;1.0,0.0,0.0,0.0
9.08;0.0,0.0,0.0;1.0,0.0,0.0,0.0
9.09;0.0,0.0,0.0;1.0,0.0,0.0,0.0
9.1;0.0,0.0,0.0;1.0,0.0,0.0,0.0
9.11;0.0,0.0,0.0;1.0,0.0,0.0,0.0
9.12;0.0,0.0,0.0;1.0,0.0,0.0,0.0
9.13;0.0,0.0,0.0;1.0,0.0,0.0,0.0
9.14;0.0,0.0,0.0;1.0,0.0,0.0,0.0
9.15;0.0,0.0,0.0;1.0,0.0,0.0,0.0
9.16;0.0,0.0,0.0;1.0,0.0,0.0,0.0
9.17;0.0,0.0,0.0;1.0,0.0,0.0,0.0
9.18;0.0,0.0,0.0;1.0,0.0,0.0,0.0
9.19;0.0,0.0,0.0;1.0,0.0,0.0,0.0
9.2;0.0,0.0,0.0;1.0,0.0,0.0,0.0
9.21;0.0,0.0,0.0;1.0,0.0,0.0,0.0
9.22;0.0,0.0,0.0;1.0,0.0,0.0,0.0
9.23;0.0,0.0,0.0;1.0,0.0,0.0,0.0
9.24;0.0,0.0,0.0;1.0,0.0,0.0,0.0
9.25;0.0,0.0,0.0;1.0,0.0,0.0,0.0
9.26;0.0,0.0,0.0;1.0,0.0,0.0,0.0
9.27;0.0,0.0,0.0;1.0,0.0,0.0,0.0
9.28;0.0,0.0,0.0;1.0,0.0,0.0,0.0
9.29;0.0,0.0,0.0;1.0,0.0,0.0,0.0
9.3;0.0,0.0,0.0;1.0,0.0,0.0,0.0
9.31;0.0,0.0,0.0;1.0,0.0,0.0,0.0
9.32;0.0,0.0,0.0;1.0,0.0,0.0,0.0
9.33;0.0,0.0,0.0;1.0,0.0,0.0,0.0
9.34;0.0,0.0,0.0;1.0,0.0,0.0,0.0
9.35;0.0,0.0,0.0;1.0,0.0,0.0,0.0
9.36;0.0,0.0,0.0;1.0,0.0,0.0,0.0
9.37;0.0,0.0,0.0;1.0,0.0,0.0,0.0
9.38;0.0,0.0,0.0;1.0,0.0,0.0,0.0
9.39;0.0,0.0,0.0;1.0,0.0,0.0,0.0
9.4;0.0,0.0,0.0;1.0,0.0,0.0,0.0
9.41;0.0,0.0,0.0;1.0,0.0,0.0,0.0
9.42;0.0,0.0,0.0;1.0,0.0,0.0,0.0
9.43;0.0,0.0,0.0;1.0,0.0,0.0,0.0
9.44;0.0,0.0,0.0;1.0,0.0,0.0,0.0
9.45;0.0,0.0,0.0;1.0,0.0,0.0,0.0
9.46;0.0,0.0,0.0;1.0,0.0,0.0,0.0
9.47;0.0,0.0,0.0;1.0,0.0,0.0,0.0
9.48;0.0,0.0,0.0;1.0,0.0,0.0,0.0
9.49;0.0,0.0,0.0;1.0,0.0,0.0,0.0
9.5;0.0,0.0,0.0;1.0,0.0,0.0,0.0
9.51;0.0,0.0,0.0;1.0,0.0,0.0,0.0
9.52;0.0,0.0,0.0;1.0,0.0,0.0,0.0
9.53;0.0,0.0,0.0;1.0,0.0,0.0,0.0
9.54;0.0,0.0,0.0;1.0,0.0,0.0,0.0
9.55;0.0,0.0,0.0;1.0,0.0,0.0,0.0
9.56;0.0,0.0,0.0;1.0,0.0,0.0,0.0
9.57;0.0,0.0,0.0;1.0,0.0,0.0,0.0
9.58;0.0,0.0,0.0;1.0,0.0,0.0,0.0
9.59;0.0,0.0,0.0;1.0,0.0,0.0,0.0
9.6;0.0,0.0,0.0;1.0,0.0,0.0,0.0
9.61;0.0,0.0,0.0;1.0,0.0,0.0,0.0
9.62;0.0,0.0,0.0;1.0,0.0,0.0,0.0
9.63;1.7671482055447996e-05,0.0,0.0;1.0,0.0,0.0,0.0
9.64;7.031873246887699e-05,0.0,0.0;1.0,0.0,0.0,0.0
9.65;0.00015739095397293568,0.0,0.0;1.0,0.0,0.0,0.0
9.66;0.00027833733474835753,0.0,0.0;1.0,0.0,0.0,0.0
9.67;0.00043260707752779126,0.0,0.0;1.0,0.0,0.0,0.0
9.68;0.0006196494214236736,0.0,0.0;1.0,0.0,0.0,0.0
9.69;0.0008389135473407805,0.0,0.0;1.0,0.0,0.0,0.0
9.7;0.0010898485779762268,0.0,0.0;1.0,0.0,0.0,0.0
9.71;0.001371903927065432,0.0,0.0;1.0,0.0,0.0,0.0
9.72;0.0016845284262672067,0.0,0.0;1.0,0.0,0.0,0.0
9.73;0.002027171663939953,0.0,0.0;1.0,0.0,0.0,0.0
9.74;0.002399282529950142,0.0,0.0;1.0,0.0,0.0,0.0
9.75;0.002800310729071498,0.0,0.0;1.0,0.0,0.0,0.0
9.76;0.003229704685509205,0.0,0.0;1.0,0.0,0.0,0.0
9.77;0.0036869144532829523,0.0,0.0;1.0,0.0,0.0,0.0
9.78;0.004171387758105993,0.0,0.0;1.0,0.0,0.0,0.0
9.79;0.004682576283812523,0.0,0.0;1.0,0.0,0.0,0.0
9.8;0.005219927057623863,0.0,0.0;1.0,0.0,0.0,0.0
9.81;0.0057828896678984165,0.0,0.0;1.0,0.0,0.0,0.0
9.82;0.006370914168655872,0.0,0.0;1.0,0.0,0.0,0.0
9.83;0.006983449216932058,0.0,0.0;1.0,0.0,0.0,0.0
9.84;0.007619944401085377,0.0,0.0;1.0,0.0,0.0,0.0
9.85;0.008279846981167793,0.0,0.0;1.0,0.0,0.0,0.0
9.86;0.008962608873844147,0.0,0.0;1.0,0.0,0.0,0.0
9.87;0.009667678736150265,0.0,0.0;1.0,0.0,0.0,0.0
9.88;0.010394505225121975,0.0,0.0;1.0,0.0,0.0,0.0
9.89;0.011142535135149956,0.0,0.0;1.0,0.0,0.0,0.0
9.9;0.011911222711205482,0.0,0.0;1.0,0.0,0.0,0.0
9.91;0.012700013816356659,0.0,0.0;1.0,0.0,0.0,0.0
9.92;0.013508358970284462,0.0,0.0;1.0,0.0,0.0,0.0
9.93;0.014335704036056995,0.0,0.0;1.0,0.0,0.0,0.0
9.94;0.01518150232732296,0.0,0.0;1.0,0.0,0.0,0.0
9.95;0.01604520156979561,0.0,0.0;1.0,0.0,0.0,0.0
9.96;0.016926253214478493,0.0,0.0;1.0,0.0,0.0,0.0
9.97;0.01782410219311714,0.0,0.0;1.0,0.0,0.0,0.0
9.98;0.018738199025392532,0.0,0.0;1.0,0.0,0.0,0.0
9.99;0.019667992368340492,0.0,0.0;1.0,0.0,0.0,0.0
10.0;0.020612936466932297,0.0,0.0;1.0,0.0,0.0,0.0
10.01;0.021572476252913475,0.0,0.0;1.0,0.0,0.0,0.0
10.02;0.022546058520674706,0.0,0.0;1.0,0.0,0.0,0.0
10.03;0.023533139377832413,0.0,0.0;1.0,0.0,0.0,0.0
10.04;0.024533160030841827,0.0,0.0;1.0,0.0,0.0,0.0
10.05;0.025545574724674225,0.0,0.0;1.0,0.0,0.0,0.0
10.06;0.026569833979010582,0.0,0.0;1.0,0.0,0.0,0.0
10.07;0.02760538086295128,0.0,0.0;1.0,0.0,0.0,0.0
10.08;0.02865166962146759,0.0,0.0;1.0,0.0,0.0,0.0
10.09;0.029708147048950195,0.0,0.0;1.0,0.0,0.0,0.0
10.1;0.030774269253015518,0.0,0.0;1.0,0.0,0.0,0.0
10.11;0.03184947744011879,0.0,0.0;1.0,0.0,0.0,0.0
10.12;0.03293322026729584,0.0,0.0;1.0,0.0,0.0,0.0
10.13;0.03402495011687279,0.0,0.0;1.0,0.0,0.0,0.0
10.14;0.035124119371175766,0.0,0.0;1.0,0.0,0.0,0.0
10.15;0.036230165511369705,0.0,0.0;1.0,0.0,0.0,0.0
10.16;0.03734255209565163,0.0,0.0;1.0,0.0,0.0,0.0
10.17;0.03846072033047676,0.0,0.0;1.0,0.0,0.0,0.0
10.18;0.039584122598171234,0.0,0.0;1.0,0.0,0.0,0.0
10.19;0.040712207555770874,0.0,0.0;1.0,0.0,0.0,0.0
10.2;0.04184442013502121,0.0,0.0;1.0,0.0,0.0,0.0
10.21;0.042980216443538666,0.0,0.0;1.0,0.0,0.0,0.0
10.22;0.04411904141306877,0.0,0.0;1.0,0.0,0.0,0.0
10.23;0.045260339975357056,0.0,0.0;1.0,0.0,0.0,0.0
10.24;0.04640357196331024,0.0,0.0;1.0,0.0,0.0,0.0
10.25;0.04754818230867386,0.0,0.0;1.0,0.0,0.0,0.0
10.26;0.04869360849261284,0.0,0.0;1.0,0.0,0.0,0.0
10.27;0.0498393252491951,0.0,0.0;1.0,0.0,0.0,0.0
10.28;0.05098475515842438,0.0,0.0;1.0,0.0,0.0,0.0
10.29;0.052129365503787994,0.0,0.0;1.0,0.0,0.0,0.0
10.3;0.053272590041160583,0.0,0.0;1.0,0.0,0.0,0.0
10.31;0.05441389977931976,0.0,0.0;1.0,0.0,0.0,0.0
10.32;0.05555272102355957,0.0,0.0;1.0,0.0,0.0,0.0
10.33;0.05668851360678673,0.0,0.0;1.0,0.0,0.0,0.0
10.34;0.05782072991132736,0.0,0.0;1.0,0.0,0.0,0.0
10.35;0.058948811143636703,0.0,0.0;1.0,0.0,0.0,0.0
10.36;0.06007220596075058,0.0,0.0;1.0,0.0,0.0,0.0
10.37;0.061190374195575714,0.0,0.0;1.0,0.0,0.0,0.0
10.38;0.062302764505147934,0.0,0.0;1.0,0.0,0.0,0.0
10.39;0.06340882182121277,0.0,0.0;1.0,0.0,0.0,0.0
10.4;0.06450799107551575,0.0,0.0;1.0,0.0,0.0,0.0
10.41;0.0655997097492218,0.0,0.0;1.0,0.0,0.0,0.0
10.42;0.06668345630168915,0.0,0.0;1.0,0.0,0.0,0.0
10.43;0.06775866448879242,0.0,0.0;1.0,0.0,0.0,0.0
10.44;0.06882478296756744,0.0,0.0;1.0,0.0,0.0,0.0
10.45;0.06988126039505005,0.0,0.0;1.0,0.0,0.0,0.0
10.46;0.07092755287885666,0.0,0.0;1.0,0.0,0.0,0.0
10.47;0.07196309417486191,0.0,0.0;1.0,0.0,0.0,0.0
10.48;0.07298735529184341,0.0,0.0;1.0,0.0,0.0,0.0
10.49;0.07399977743625641,0.0,0.0;1.0,0.0,0.0,0.0
10.5;0.07499979436397552,0.0,0.0;1.0,0.0,0.0,0.0
10.51;0.07598686218261719,0.0,0.0;1.0,0.0,0.0,0.0
10.52;0.07696045935153961,0.0,0.0;1.0,0.0,0.0,0.0
10.53;0.07791998982429504,0.0,0.0;1.0,0.0,0.0,0.0
10.54;0.0788649320602417,0.0,0.0;1.0,0.0,0.0,0.0
10.55;0.0797947347164154,0.0,0.0;1.0,0.0,0.0,0.0
10.56;0.0807088240981102,0.0,0.0;1.0,0.0,0.0,0.0
10.57;0.0816066786646843,0.0,0.0;1.0,0.0,0.0,0.0
10.58;0.08248773217201233,0.0,0.0;1.0,0.0,0.0,0.0
10.59;0.08335142582654953,0.0,0.0;1.0,0.0,0.0,0.0
10.6;0.08419723063707352,0.0,0.0;1.0,0.0,0.0,0.0
10.61;0.08502458035945892,0.0,0.0;1.0,0.0,0.0,0.0
10.62;0.08583291620016098,0.0,0.0;1.0,0.0,0.0,0.0
10.63;0.0866217091679573,0.0,0.0;1.0,0.0,0.0,0.0
10.64;0.08739039301872253,0.0,0.0;1.0,0.0,0.0,0.0
10.65;0.08813843131065369,0.0,0.0;1.0,0.0,0.0,0.0
10.66;0.0888652577996254,0.0,0.0;1.0,0.0,0.0,0.0
10.67;0.08957032859325409,0.0,0.0;1.0,0.0,0.0,0.0
10.68;0.0902530774474144,0.0,0.0;1.0,0.0,0.0,0.0
10.69;0.09091297537088394,0.0,0.0;1.0,0.0,0.0,0.0
10.7;0.09154948592185974,0.0,0.0;1.0,0.0,0.0,0.0
10.71;0.09216202050447464,0.0,0.0;1.0,0.0,0.0,0.0
10.72;0.09275003522634506,0.0,0.0;1.0,0.0,0.0,0.0
10.73;0.09331300854682922,0.0,0.0;1.0,0.0,0.0,0.0
10.74;0.09385035932064056,0.0,0.0;1.0,0.0,0.0,0.0
10.75;0.09436154365539551,0.0,0.0;1.0,0.0,0.0,0.0
10.76;0.09484602510929108,0.0,0.0;1.0,0.0,0.0,0.0
10.77;0.0953032374382019,0.0,0.0;1.0,0.0,0.0,0.0
10.78;0.09573262929916382,0.0,0.0;1.0,0.0,0.0,0.0
10.79;0.09613364934921265,0.0,0.0;1.0,0.0,0.0,0.0
10.8;0.09650576114654541,0.0,0.0;1.0,0.0,0.0,0.0
10.81;0.09684841334819794,0.0,0.0;1.0,0.0,0.0,0.0
10.82;0.09716102480888367,0.0,0.0;1.0,0.0,0.0,0.0
10.83;0.09744308888912201,0.0,0.0;1.0,0.0,0.0,0.0
10.84;0.0976940244436264,0.0,0.0;1.0,0.0,0.0,0.0
10.85;0.09791328012943268,0.0,0.0;1.0,0.0,0.0,0.0
10.86;0.09810031950473785,0.0,0.0;1.0,0.0,0.0,0.0
10.87;0.09825457632541656,0.0,0.0;1.0,0.0,0.0,0.0
10.88;0.09837555885314941,0.0,0.0;1.0,0.0,0.0,0.0
10.89;0.09846261143684387,0.0,0.0;1.0,0.0,0.0,0.0
10.9;0.09851524233818054,0.0,0.0;1.0,0.0,0.0,0.0
10.91;0.09853293001651764,0.0,0.0;1.0,0.0,0.0,0.0
10.92;0.09850820153951645,0.0,0.0;1.0,0.0,0.0,0.0
10.93;0.09843462705612183,0.0,0.0;1.0,0.0,0.0,0.0
10.94;0.0983131155371666,0.0,0.0;1.0,0.0,0.0,0.0
10.95;0.09814459085464478,0.0,0.0;1.0,0.0,0.0,0.0
10.96;0.0979299545288086,0.0,0.0;1.0,0.0,0.0,0.0
10.97;0.09767012298107147,0.0,0.0;1.0,0.0,0.0,0.0
10.98;0.09736600518226624,0.0,0.0;1.0,0.0,0.0,0.0
10.99;0.0970185250043869,0.0,0.0;1.0,0.0,0.0,0.0
11.0;0.0966285914182663,0.0,0.0;1.0,0.0,0.0,0.0
11.01;0.09619710594415665,0.0,0.0;1.0,0.0,0.0,0.0
11.02;0.09572499990463257,0.0,0.0;1.0,0.0,0.0,0.0
11.03;0.09521317481994629,0.0,0.0;1.0,0.0,0.0,0.0
11.04;0.09466254711151123,0.0,0.0;1.0,0.0,0.0,0.0
11.05;0.09407401829957962,0.0,0.0;1.0,0.0,0.0,0.0
11.06;0.09344851970672607,0.0,0.0;1.0,0.0,0.0,0.0
11.07;0.09278696030378342,0.0,0.0;1.0,0.0,0.0,0.0
11.08;0.09209024161100388,0.0,0.0;1.0,0.0,0.0,0.0
11.09;0.09135929495096207,0.0,0.0;1.0,0.0,0.0,0.0
11.1;0.09059501439332962,0.0,0.0;1.0,0.0,0.0,0.0
11.11;0.08979832381010056,0.0,0.0;1.0,0.0,0.0,0.0
11.12;0.0889701321721077,0.0,0.0;1.0,0.0,0.0,0.0
11.13;0.08811135590076447,0.0,0.0;1.0,0.0,0.0,0.0
11.14;0.08722290396690369,0.0,0.0;1.0,0.0,0.0,0.0
11.15;0.08630570024251938,0.0,0.0;1.0,0.0,0.0,0.0
11.16;0.08536063879728317,0.0,0.0;1.0,0.0,0.0,0.0
11.17;0.08438865095376968,0.0,0.0;1.0,0.0,0.0,0.0
11.18;0.08339063078165054,0.0,0.0;1.0,0.0,0.0,0.0
11.19;0.08236750960350037,0.0,0.0;1.0,0.0,0.0,0.0
11.2;0.08132019639015198,0.0,0.0;1.0,0.0,0.0,0.0
11.21;0.0802496001124382,0.0,0.0;1.0,0.0,0.0,0.0
11.22;0.07915662229061127,0.0,0.0;1.0,0.0,0.0,0.0
11.23;0.07804219424724579,0.0,0.0;1.0,0.0,0.0,0.0
11.24;0.07690723240375519,0.0,0.0;1.0,0.0,0.0,0.0
11.25;0.0757526382803917,0.0,0.0;1.0,0.0,0.0,0.0
11.26;0.07457932084798813,0.0,0.0;1.0,0.0,0.0,0.0
11.27;0.07338820397853851,0.0,0.0;1.0,0.0,0.0,0.0
11.28;0.07218019664287567,0.0,0.0;1.0,0.0,0.0,0.0
11.29;0.07095620781183243,0.0,0.0;1.0,0.0,0.0,0.0
11.3;0.0697171539068222,0.0,0.0;1.0,0.0,0.0,0.0
11.31;0.06846394389867783,0.0,0.0;1.0,0.0,0.0,0.0
11.32;0.06719750165939331,0.0,0.0;1.0,0.0,0.0,0.0
11.33;0.06591873615980148,0.0,0.0;1.0,0.0,0.0,0.0
11.34;0.06462854892015457,0.0,0.0;1.0,0.0,0.0,0.0
11.35;0.06332787126302719,0.0,0.0;1.0,0.0,0.0,0.0
11.36;0.06201759725809097,0.0,0.0;1.0,0.0,0.0,0.0
11.37;0.06069865822792053,0.0,0.0;1.0,0.0,0.0,0.0
11.38;0.0593719519674778,0.0,0.0;1.0,0.0,0.0,0.0
11.39;0.05803840234875679,0.0,0.0;1.0,0.0,0.0,0.0
11.4;0.056698914617300034,0.0,0.0;1.0,0.0,0.0,0.0
11.41;0.05535440891981125,0.0,0.0;1.0,0.0,0.0,0.0
11.42;0.054005786776542664,0.0,0.0;1.0,0.0,0.0,0.0
11.43;0.05265398323535919,0.0,0.0;1.0,0.0,0.0,0.0
11.44;0.05129988491535187,0.0,0.0;1.0,0.0,0.0,0.0
11.45;0.04994441941380501,0.0,0.0;1.0,0.0,0.0,0.0
11.46;0.048588503152132034,0.0,0.0;1.0,0.0,0.0,0.0
11.47;0.04723304510116577,0.0,0.0;1.0,0.0,0.0,0.0
11.48;0.04587894678115845,0.0,0.0;1.0,0.0,0.0,0.0
11.49;0.04452712833881378,0.0,0.0;1.0,0.0,0.0,0.0
11.5;0.04317851737141609,0.0,0.0;1.0,0.0,0.0,0.0
11.51;0.041834015399217606,0.0,0.0;1.0,0.0,0.0,0.0
11.52;0.04049452394247055,0.0,0.0;1.0,0.0,0.0,0.0
11.53;0.03916097804903984,0.0,0.0;1.0,0.0,0.0,0.0
11.54;0.03783426433801651,0.0,0.0;1.0,0.0,0.0,0.0
11.55;0.03651532903313637,0.0,0.0;1.0,0.0,0.0,0.0
11.56;0.03520505502820015,0.0,0.0;1.0,0.0,0.0,0.0
11.57;0.03390437364578247,0.0,0.0;1.0,0.0,0.0,0.0
11.58;0.03261418640613556,0.0,0.0;1.0,0.0,0.0,0.0
11.59;0.03133542090654373,0.0,0.0;1.0,0.0,0.0,0.0
11.6;0.03006897121667862,0.0,0.0;1.0,0.0,0.0,0.0
11.61;0.028815772384405136,0.0,0.0;1.0,0.0,0.0,0.0
11.62;0.027576718479394913,0.0,0.0;1.0,0.0,0.0,0.0
11.63;0.026352733373641968,0.0,0.0;1.0,0.0,0.0,0.0
11.64;0.025144726037979126,0.0,0.0;1.0,0.0,0.0,0.0
11.65;0.023953597992658615,0.0,0.0;1.0,0.0,0.0,0.0
11.66;0.022780291736125946,0.0,0.0;1.0,0.0,0.0,0.0
11.67;0.021625682711601257,0.0,0.0;1.0,0.0,0.0,0.0
11.68;0.020490728318691254,0.0,0.0;1.0,0.0,0.0,0.0
11.69;0.019376292824745178,0.0,0.0;1.0,0.0,0.0,0.0
11.7;0.01828334480524063,0.0,0.0;1.0,0.0,0.0,0.0
11.71;0.01721273362636566,0.0,0.0;1.0,0.0,0.0,0.0
11.72;0.016165420413017273,0.0,0.0;1.0,0.0,0.0,0.0
11.73;0.015142291784286499,0.0,0.0;1.0,0.0,0.0,0.0
11.74;0.014144286513328552,0.0,0.0;1.0,0.0,0.0,0.0
11.75;0.013172291219234467,0.0,0.0;1.0,0.0,0.0,0.0
11.76;0.01222722977399826,0.0,0.0;1.0,0.0,0.0,0.0
11.77;0.011310018599033356,0.0,0.0;1.0,0.0,0.0,0.0
11.78;0.010421566665172577,0.0,0.0;1.0,0.0,0.0,0.0
11.79;0.009562790393829346,0.0,0.0;1.0,0.0,0.0,0.0
11.8;0.008734598755836487,0.0,0.0;1.0,0.0,0.0,0.0
11.81;0.007937915623188019,0.0,0.0;1.0,0.0,0.0,0.0
11.82;0.007173642516136169,0.0,0.0;1.0,0.0,0.0,0.0
11.83;0.0064426809549331665,0.0,0.0;1.0,0.0,0.0,0.0
11.84;0.005745969712734222,0.0,0.0;1.0,0.0,0.0,0.0
11.85;0.005084395408630371,0.0,0.0;1.0,0.0,0.0,0.0
11.86;0.004458904266357422,0.0,0.0;1.0,0.0,0.0,0.0
11.87;0.0038703978061676025,0.0,0.0;1.0,0.0,0.0,0.0
11.88;0.00331975519657135,0.0,0.0;1.0,0.0,0.0,0.0
11.89;0.002807930111885071,0.0,0.0;1.0,0.0,0.0,0.0
11.9;0.0023358166217803955,0.0,0.0;1.0,0.0,0.0,0.0
11.91;0.0019043385982513428,0.0,0.0;1.0,0.0,0.0,0.0
11.92;0.0015144050121307373,0.0,0.0;1.0,0.0,0.0,0.0
11.93;0.00116690993309021,0.0,0.0;1.0,0.0,0.0,0.0
11.94;0.000862807035446167,0.0,0.0;1.0,0.0,0.0,0.0
11.95;0.0006029903888702393,0.0,0.0;1.0,0.0,0.0,0.0
11.96;0.00038833916187286377,0.0,0.0;1.0,0.0,0.0,0.0
11.97;0.00021980702877044678,0.0,0.0;1.0,0.0,0.0,0.0
11.98;9.830296039581299e-05,0.0,0.0;1.0,0.0,0.0,0.0
11.99;2.4721026420593262e-05,0.0,0.0;1.0,0.0,0.0,0.0
