0.33471909165382385,-0.7636458873748779,0.6906993389129639
0.33471909165382385,-0.7636458873748779,0.7329953908920288
0.33471909165382385,0.009381741285324097,0.6906993389129639
0.33471909165382385,0.009381741285324097,0.7329953908920288
0.3770151436328888,-0.7636458873748779,0.6906993389129639
0.3770151436328888,-0.7636458873748779,0.7329953908920288
0.3770151436328888,0.009381741285324097,0.6906993389129639
0.3770151436328888,0.009381741285324097,0.7329953908920288
0.33471909165382385,-0.3771320581436157,0.6906993389129639
0.33471909165382385,-0.7636458873748779,0.7118474245071411
0.33471909165382385,-0.3771320581436157,0.7329953908920288
0.33471909165382385,0.009381741285324097,0.7118474245071411
0.3558671176433563,0.009381741285324097,0.6906993389129639
0.3558671176433563,0.009381741285324097,0.7329953908920288
0.3770151436328888,0.009381741285324097,0.7118474245071411
0.3770151436328888,-0.3771320581436157,0.6906993389129639
0.3770151436328888,-0.3771320581436157,0.7329953908920288
0.3770151436328888,-0.7636458873748779,0.7118474245071411
0.3558671176433563,-0.7636458873748779,0.6906993389129639
0.3558671176433563,-0.7636458873748779,0.7329953908920288
0.3558671176433563,-0.3771320581436157,0.7329953908920288
0.3558671176433563,-0.3771320581436157,0.6906993389129639
0.3558671176433563,-0.7636458873748779,0.7118474245071411
0.3770151436328888,-0.3771320581436157,0.7118474245071411
0.3558671176433563,0.009381741285324097,0.7118474245071411
0.33471909165382385,-0.3771320581436157,0.7118474245071411
0.33471909165382385,-0.5703889727592468,0.6906993389129639
0.33471909165382385,-0.7636458873748779,0.722421407699585
0.33471909165382385,-0.1838751584291458,0.7329953908920288
0.33471909165382385,0.009381741285324097,0.7012733221054077
0.3452931046485901,0.009381741285324097,0.6906993389129639
0.36644110083580017,0.009381741285324097,0.7329953908920288
0.3770151436328888,0.009381741285324097,0.7012733221054077
0.3770151436328888,-0.1838751584291458,0.6906993389129639
0.3770151436328888,-0.5703889727592468,0.7329953908920288
0.3770151436328888,-0.7636458873748779,0.7012733221054077
0.36644110083580017,-0.7636458873748779,0.6906993389129639
0.3452931046485901,-0.7636458873748779,0.7329953908920288
0.33471909165382385,-0.1838751584291458,0.6906993389129639
0.33471909165382385,-0.7636458873748779,0.7012733221054077
0.33471909165382385,-0.5703889727592468,0.7329953908920288
0.33471909165382385,0.009381741285324097,0.722421407699585
0.36644110083580017,0.009381741285324097,0.6906993389129639
0.3452931046485901,0.009381741285324097,0.7329953908920288
0.3770151436328888,0.009381741285324097,0.722421407699585
0.3770151436328888,-0.5703889727592468,0.6906993389129639
0.3770151436328888,-0.1838751584291458,0.7329953908920288
0.3770151436328888,-0.7636458873748779,0.722421407699585
0.3452931046485901,-0.7636458873748779,0.6906993389129639
0.36644110083580017,-0.7636458873748779,0.7329953908920288
0.3558671176433563,-0.5703889727592468,0.7329953908920288
0.3558671176433563,-0.1838751584291458,0.7329953908920288
0.36644110083580017,-0.3771320581436157,0.7329953908920288
0.3452931046485901,-0.3771320581436157,0.7329953908920288
0.3558671176433563,-0.5703889727592468,0.6906993389129639
0.3558671176433563,-0.1838751584291458,0.6906993389129639
0.3452931046485901,-0.3771320581436157,0.6906993389129639
0.36644110083580017,-0.3771320581436157,0.6906993389129639
0.3452931046485901,-0.7636458873748779,0.7118474245071411
0.36644110083580017,-0.7636458873748779,0.7118474245071411
0.3558671176433563,-0.7636458873748779,0.7012733221054077
0.3558671176433563,-0.7636458873748779,0.722421407699585
0.3770151436328888,-0.5703889727592468,0.7118474245071411
0.3770151436328888,-0.1838751584291458,0.7118474245071411
0.3770151436328888,-0.3771320581436157,0.7012733221054077
0.3770151436328888,-0.3771320581436157,0.722421407699585
0.36644110083580017,0.009381741285324097,0.7118474245071411
0.3452931046485901,0.009381741285324097,0.7118474245071411
0.3558671176433563,0.009381741285324097,0.7012733221054077
0.3558671176433563,0.009381741285324097,0.722421407699585
0.33471909165382385,-0.1838751584291458,0.7118474245071411
0.33471909165382385,-0.5703889727592468,0.7118474245071411
0.33471909165382385,-0.3771320581436157,0.7012733221054077
0.33471909165382385,-0.3771320581436157,0.722421407699585
0.33471909165382385,-0.5703889727592468,0.722421407699585
0.33471909165382385,-0.5703889727592468,0.7012733221054077
0.33471909165382385,-0.1838751584291458,0.7012733221054077
0.3452931046485901,0.009381741285324097,0.722421407699585
0.3452931046485901,0.009381741285324097,0.7012733221054077
0.36644110083580017,0.009381741285324097,0.7012733221054077
0.3770151436328888,-0.1838751584291458,0.722421407699585
0.3770151436328888,-0.1838751584291458,0.7012733221054077
0.3770151436328888,-0.5703889727592468,0.7012733221054077
0.36644110083580017,-0.7636458873748779,0.722421407699585
0.36644110083580017,-0.7636458873748779,0.7012733221054077
0.3452931046485901,-0.7636458873748779,0.7012733221054077
0.36644110083580017,-0.1838751584291458,0.6906993389129639
0.3452931046485901,-0.1838751584291458,0.6906993389129639
0.3452931046485901,-0.5703889727592468,0.6906993389129639
0.3452931046485901,-0.1838751584291458,0.7329953908920288
0.36644110083580017,-0.1838751584291458,0.7329953908920288
0.36644110083580017,-0.5703889727592468,0.7329953908920288
0.3452931046485901,-0.5703889727592468,0.7329953908920288
0.36644110083580017,-0.5703889727592468,0.6906993389129639
0.3452931046485901,-0.7636458873748779,0.722421407699585
0.3770151436328888,-0.5703889727592468,0.722421407699585
0.36644110083580017,0.009381741285324097,0.722421407699585
0.33471909165382385,-0.1838751584291458,0.722421407699585
0.33471909165382385,-0.66701740026474,0.6906993389129639
0.3770151436328888,-0.66701740026474,0.7329953908920288
0.3558671176433563,-0.66701740026474,0.7329953908920288
0.3558671176433563,-0.66701740026474,0.6906993389129639
0.3770151436328888,-0.66701740026474,0.7118474245071411
0.33471909165382385,-0.66701740026474,0.7329953908920288
0.3770151436328888,-0.66701740026474,0.6906993389129639
0.33471909165382385,-0.66701740026474,0.7118474245071411
0.33471909165382385,-0.66701740026474,0.722421407699585
0.33471909165382385,-0.66701740026474,0.7012733221054077
0.3770151436328888,-0.66701740026474,0.7012733221054077
0.3452931046485901,-0.66701740026474,0.6906993389129639
0.36644110083580017,-0.66701740026474,0.7329953908920288
0.3452931046485901,-0.66701740026474,0.7329953908920288
0.36644110083580017,-0.66701740026474,0.6906993389129639
0.3770151436328888,-0.66701740026474,0.722421407699585
0.33471909165382385,-0.4737604856491089,0.7329953908920288
0.3770151436328888,-0.4737604856491089,0.6906993389129639
0.33471909165382385,-0.4737604856491089,0.7118474245071411
0.33471909165382385,-0.4737604856491089,0.6906993389129639
0.3770151436328888,-0.4737604856491089,0.7329953908920288
0.3558671176433563,-0.4737604856491089,0.7329953908920288
0.3558671176433563,-0.4737604856491089,0.6906993389129639
0.3770151436328888,-0.4737604856491089,0.7118474245071411
0.33471909165382385,-0.4737604856491089,0.722421407699585
0.33471909165382385,-0.4737604856491089,0.7012733221054077
0.3770151436328888,-0.4737604856491089,0.7012733221054077
0.3452931046485901,-0.4737604856491089,0.6906993389129639
0.36644110083580017,-0.4737604856491089,0.7329953908920288
0.3452931046485901,-0.4737604856491089,0.7329953908920288
0.36644110083580017,-0.4737604856491089,0.6906993389129639
0.3770151436328888,-0.4737604856491089,0.722421407699585
0.33471909165382385,-0.28050363063812256,0.6906993389129639
0.3770151436328888,-0.28050363063812256,0.7329953908920288
0.3558671176433563,-0.28050363063812256,0.7329953908920288
0.3558671176433563,-0.28050363063812256,0.6906993389129639
0.3770151436328888,-0.28050363063812256,0.7118474245071411
0.33471909165382385,-0.28050363063812256,0.7329953908920288
0.3770151436328888,-0.28050363063812256,0.6906993389129639
0.33471909165382385,-0.28050363063812256,0.7118474245071411
0.33471909165382385,-0.28050363063812256,0.7012733221054077
0.3770151436328888,-0.28050363063812256,0.722421407699585
0.3770151436328888,-0.28050363063812256,0.7012733221054077
0.36644110083580017,-0.28050363063812256,0.6906993389129639
0.3452931046485901,-0.28050363063812256,0.6906993389129639
0.3452931046485901,-0.28050363063812256,0.7329953908920288
0.36644110083580017,-0.28050363063812256,0.7329953908920288
0.33471909165382385,-0.28050363063812256,0.722421407699585
0.33471909165382385,-0.08724671602249146,0.7329953908920288
0.3770151436328888,-0.08724671602249146,0.6906993389129639
0.33471909165382385,-0.08724671602249146,0.7118474245071411
0.33471909165382385,-0.08724671602249146,0.6906993389129639
0.3770151436328888,-0.08724671602249146,0.7329953908920288
0.3558671176433563,-0.08724671602249146,0.7329953908920288
0.3558671176433563,-0.08724671602249146,0.6906993389129639
0.3770151436328888,-0.08724671602249146,0.7118474245071411
0.33471909165382385,-0.08724671602249146,0.7012733221054077
0.3770151436328888,-0.08724671602249146,0.722421407699585
0.3770151436328888,-0.08724671602249146,0.7012733221054077
0.36644110083580017,-0.08724671602249146,0.6906993389129639
0.3452931046485901,-0.08724671602249146,0.6906993389129639
0.3452931046485901,-0.08724671602249146,0.7329953908920288
0.36644110083580017,-0.08724671602249146,0.7329953908920288
0.33471909165382385,-0.08724671602249146,0.722421407699585
