0.2986791431903839,-0.49919068813323975,0.40650230646133423
0.41700127720832825,-0.585155725479126,0.4968913197517395
0.2534849941730499,-0.6382863521575928,0.4968912601470947
0.15242521464824677,-0.49919068813323975,0.49689197540283203
0.2534849941730499,-0.3600950241088867,0.4968912601470947
0.41700127720832825,-0.4132256507873535,0.4968913197517395
0.3438732922077179,-0.6382863521575928,0.6431474089622498
0.18035700917243958,-0.585155725479126,0.643147349357605
0.18035700917243958,-0.4132256507873535,0.643147349357605
0.3438732922077179,-0.3600950241088867,0.6431474089622498
0.44493305683135986,-0.49919068813323975,0.6431466937065125
0.2986791431903839,-0.49919068813323975,0.7335363626480103
0.27211490273475647,-0.5809484124183655,0.43092283606529236
0.36822664737701416,-0.5497193336486816,0.43092286586761475
0.3416626751422882,-0.6314778923988342,0.48405227065086365
0.43777456879615784,-0.49919068813323975,0.48405253887176514
0.36822664737701416,-0.44866204261779785,0.43092286586761475
0.212713360786438,-0.49919068813323975,0.4309232831001282
0.18614844977855682,-0.5809487104415894,0.48405250906944275
0.27211490273475647,-0.4174329340457916,0.43092283606529236
0.18614844977855682,-0.41743266582489014,0.48405250906944275
0.3416626751422882,-0.36690348386764526,0.48405227065086365
0.4541932940483093,-0.549719512462616,0.5700193643569946
0.4541932940483093,-0.4486618638038635,0.5700193643569946
0.2986791431903839,-0.6627076864242554,0.5700193643569946
0.3947921097278595,-0.6314787268638611,0.5700193643569946
0.1431649774312973,-0.549719512462616,0.5700193643569946
0.20256617665290833,-0.6314787268638611,0.5700193643569946
0.20256617665290833,-0.3669026494026184,0.5700193643569946
0.1431649774312973,-0.4486618638038635,0.5700193643569946
0.3947921097278595,-0.3669026494026184,0.5700193643569946
0.2986791431903839,-0.33567366003990173,0.5700193643569946
0.4112098217010498,-0.5809487104415894,0.6559861898422241
0.2556956112384796,-0.6314778923988342,0.6559864282608032
0.15958371758460999,-0.49919068813323975,0.6559861302375793
0.2556956112384796,-0.36690348386764526,0.6559864282608032
0.4112098217010498,-0.41743266582489014,0.6559861898422241
0.32524338364601135,-0.5809484124183655,0.7091158032417297
0.38464492559432983,-0.49919068813323975,0.7091153860092163
0.22913163900375366,-0.5497193336486816,0.7091158032417297
0.22913163900375366,-0.44866204261779785,0.7091158032417297
0.32524338364601135,-0.4174329340457916,0.7091158032417297
