0.583142876625061,-0.37119191884994507,0.15941579639911652
0.583142876625061,-0.37119191884994507,0.21820257604122162
0.583142876625061,0.1478433609008789,0.15941579639911652
0.583142876625061,0.1478433609008789,0.21820257604122162
1.0784441232681274,-0.37119191884994507,0.15941579639911652
1.0784441232681274,-0.37119191884994507,0.21820257604122162
1.0784441232681274,0.1478433609008789,0.15941579639911652
1.0784441232681274,0.1478433609008789,0.21820257604122162
0.583142876625061,-0.11167428642511368,0.15941579639911652
0.583142876625061,-0.37119191884994507,0.18880918622016907
0.583142876625061,-0.11167428642511368,0.21820257604122162
0.583142876625061,0.1478433609008789,0.18880918622016907
0.8307934999465942,0.1478433609008789,0.15941579639911652
0.8307934999465942,0.1478433609008789,0.21820257604122162
1.0784441232681274,0.1478433609008789,0.18880918622016907
1.0784441232681274,-0.11167428642511368,0.15941579639911652
1.0784441232681274,-0.11167428642511368,0.21820257604122162
1.0784441232681274,-0.37119191884994507,0.18880918622016907
0.8307934999465942,-0.37119191884994507,0.15941579639911652
0.8307934999465942,-0.37119191884994507,0.21820257604122162
0.8307934999465942,-0.11167428642511368,0.21820257604122162
0.8307934999465942,-0.11167428642511368,0.15941579639911652
0.8307934999465942,-0.37119191884994507,0.18880918622016907
1.0784441232681274,-0.11167428642511368,0.18880918622016907
0.8307934999465942,0.1478433609008789,0.18880918622016907
0.583142876625061,-0.11167428642511368,0.18880918622016907
0.583142876625061,-0.24143311381340027,0.15941579639911652
0.583142876625061,-0.37119191884994507,0.20350588858127594
0.583142876625061,0.018084537237882614,0.21820257604122162
0.583142876625061,0.1478433609008789,0.1741124987602234
0.7069681882858276,0.1478433609008789,0.15941579639911652
0.9546188116073608,0.1478433609008789,0.21820257604122162
1.0784441232681274,0.1478433609008789,0.1741124987602234
1.0784441232681274,0.018084537237882614,0.15941579639911652
1.0784441232681274,-0.24143311381340027,0.21820257604122162
1.0784441232681274,-0.37119191884994507,0.1741124987602234
0.9546188116073608,-0.37119191884994507,0.15941579639911652
0.7069681882858276,-0.37119191884994507,0.21820257604122162
0.583142876625061,0.018084537237882614,0.15941579639911652
0.583142876625061,-0.37119191884994507,0.1741124987602234
0.583142876625061,-0.24143311381340027,0.21820257604122162
0.583142876625061,0.1478433609008789,0.20350588858127594
0.9546188116073608,0.1478433609008789,0.15941579639911652
0.7069681882858276,0.1478433609008789,0.21820257604122162
1.0784441232681274,0.1478433609008789,0.20350588858127594
1.0784441232681274,-0.24143311381340027,0.15941579639911652
1.0784441232681274,0.018084537237882614,0.21820257604122162
1.0784441232681274,-0.37119191884994507,0.20350588858127594
0.7069681882858276,-0.37119191884994507,0.15941579639911652
0.9546188116073608,-0.37119191884994507,0.21820257604122162
0.8307934999465942,-0.24143311381340027,0.21820257604122162
0.8307934999465942,0.018084537237882614,0.21820257604122162
0.9546188116073608,-0.11167428642511368,0.21820257604122162
0.7069681882858276,-0.11167428642511368,0.21820257604122162
0.8307934999465942,-0.24143311381340027,0.15941579639911652
0.8307934999465942,0.018084537237882614,0.15941579639911652
0.7069681882858276,-0.11167428642511368,0.15941579639911652
0.9546188116073608,-0.11167428642511368,0.15941579639911652
0.7069681882858276,-0.37119191884994507,0.18880918622016907
0.9546188116073608,-0.37119191884994507,0.18880918622016907
0.8307934999465942,-0.37119191884994507,0.1741124987602234
0.8307934999465942,-0.37119191884994507,0.20350588858127594
1.0784441232681274,-0.24143311381340027,0.18880918622016907
1.0784441232681274,0.018084537237882614,0.18880918622016907
1.0784441232681274,-0.11167428642511368,0.1741124987602234
1.0784441232681274,-0.11167428642511368,0.20350588858127594
0.9546188116073608,0.1478433609008789,0.18880918622016907
0.7069681882858276,0.1478433609008789,0.18880918622016907
0.8307934999465942,0.1478433609008789,0.1741124987602234
0.8307934999465942,0.1478433609008789,0.20350588858127594
0.583142876625061,0.018084537237882614,0.18880918622016907
0.583142876625061,-0.24143311381340027,0.18880918622016907
0.583142876625061,-0.11167428642511368,0.1741124987602234
0.583142876625061,-0.11167428642511368,0.20350588858127594
0.583142876625061,-0.24143311381340027,0.20350588858127594
0.583142876625061,-0.24143311381340027,0.1741124987602234
0.583142876625061,0.018084537237882614,0.1741124987602234
0.7069681882858276,0.1478433609008789,0.20350588858127594
0.7069681882858276,0.1478433609008789,0.1741124987602234
0.9546188116073608,0.1478433609008789,0.1741124987602234
1.0784441232681274,0.018084537237882614,0.20350588858127594
1.0784441232681274,0.018084537237882614,0.1741124987602234
1.0784441232681274,-0.24143311381340027,0.1741124987602234
0.9546188116073608,-0.37119191884994507,0.20350588858127594
0.9546188116073608,-0.37119191884994507,0.1741124987602234
0.7069681882858276,-0.37119191884994507,0.1741124987602234
0.9546188116073608,0.018084537237882614,0.15941579639911652
0.7069681882858276,0.018084537237882614,0.15941579639911652
0.7069681882858276,-0.24143311381340027,0.15941579639911652
0.7069681882858276,0.018084537237882614,0.21820257604122162
0.9546188116073608,0.018084537237882614,0.21820257604122162
0.9546188116073608,-0.24143311381340027,0.21820257604122162
0.7069681882858276,-0.24143311381340027,0.21820257604122162
0.9546188116073608,-0.24143311381340027,0.15941579639911652
0.7069681882858276,-0.37119191884994507,0.20350588858127594
1.0784441232681274,-0.24143311381340027,0.20350588858127594
0.9546188116073608,0.1478433609008789,0.20350588858127594
0.583142876625061,0.018084537237882614,0.20350588858127594
0.583142876625061,-0.3063125014305115,0.15941579639911652
0.583142876625061,-0.37119191884994507,0.21085423231124878
0.583142876625061,0.08296395093202591,0.21820257604122162
0.583142876625061,0.1478433609008789,0.16676415503025055
0.6450555324554443,0.1478433609008789,0.15941579639911652
1.0165314674377441,0.1478433609008789,0.21820257604122162
1.0784441232681274,0.1478433609008789,0.16676415503025055
1.0784441232681274,0.08296395093202591,0.15941579639911652
1.0784441232681274,-0.3063125014305115,0.21820257604122162
1.0784441232681274,-0.37119191884994507,0.16676415503025055
1.0165314674377441,-0.37119191884994507,0.15941579639911652
0.6450555324554443,-0.37119191884994507,0.21820257604122162
0.583142876625061,-0.04679487645626068,0.15941579639911652
0.583142876625061,-0.37119191884994507,0.18146084249019623
0.583142876625061,-0.17655369639396667,0.21820257604122162
0.583142876625061,0.1478433609008789,0.1961575299501419
0.8927061557769775,0.1478433609008789,0.15941579639911652
0.7688808441162109,0.1478433609008789,0.21820257604122162
1.0784441232681274,0.1478433609008789,0.1961575299501419
1.0784441232681274,-0.17655369639396667,0.15941579639911652
1.0784441232681274,-0.04679487645626068,0.21820257604122162
1.0784441232681274,-0.37119191884994507,0.1961575299501419
0.7688808441162109,-0.37119191884994507,0.15941579639911652
0.8927061557769775,-0.37119191884994507,0.21820257604122162
0.8307934999465942,-0.3063125014305115,0.21820257604122162
0.8307934999465942,-0.04679487645626068,0.21820257604122162
1.0165314674377441,-0.11167428642511368,0.21820257604122162
0.7688808441162109,-0.11167428642511368,0.21820257604122162
0.8307934999465942,-0.3063125014305115,0.15941579639911652
0.8307934999465942,-0.04679487645626068,0.15941579639911652
0.6450555324554443,-0.11167428642511368,0.15941579639911652
0.8927061557769775,-0.11167428642511368,0.15941579639911652
0.6450555324554443,-0.37119191884994507,0.18880918622016907
0.8927061557769775,-0.37119191884994507,0.18880918622016907
0.8307934999465942,-0.37119191884994507,0.16676415503025055
0.8307934999465942,-0.37119191884994507,0.1961575299501419
1.0784441232681274,-0.3063125014305115,0.18880918622016907
1.0784441232681274,-0.04679487645626068,0.18880918622016907
1.0784441232681274,-0.11167428642511368,0.16676415503025055
1.0784441232681274,-0.11167428642511368,0.1961575299501419
1.0165314674377441,0.1478433609008789,0.18880918622016907
0.7688808441162109,0.1478433609008789,0.18880918622016907
0.8307934999465942,0.1478433609008789,0.16676415503025055
0.8307934999465942,0.1478433609008789,0.1961575299501419
0.583142876625061,0.08296395093202591,0.18880918622016907
0.583142876625061,-0.17655369639396667,0.18880918622016907
0.583142876625061,-0.11167428642511368,0.16676415503025055
0.583142876625061,-0.11167428642511368,0.1961575299501419
0.583142876625061,-0.17655369639396667,0.15941579639911652
0.583142876625061,-0.37119191884994507,0.1961575299501419
0.583142876625061,-0.04679487645626068,0.21820257604122162
0.583142876625061,0.1478433609008789,0.18146084249019623
0.7688808441162109,0.1478433609008789,0.15941579639911652
0.8927061557769775,0.1478433609008789,0.21820257604122162
1.0784441232681274,0.1478433609008789,0.18146084249019623
1.0784441232681274,-0.04679487645626068,0.15941579639911652
1.0784441232681274,-0.17655369639396667,0.21820257604122162
1.0784441232681274,-0.37119191884994507,0.18146084249019623
0.8927061557769775,-0.37119191884994507,0.15941579639911652
0.7688808441162109,-0.37119191884994507,0.21820257604122162
0.583142876625061,0.08296395093202591,0.15941579639911652
0.583142876625061,-0.37119191884994507,0.16676415503025055
0.583142876625061,-0.3063125014305115,0.21820257604122162
0.583142876625061,0.1478433609008789,0.21085423231124878
1.0165314674377441,0.1478433609008789,0.15941579639911652
0.6450555324554443,0.1478433609008789,0.21820257604122162
1.0784441232681274,0.1478433609008789,0.21085423231124878
1.0784441232681274,-0.3063125014305115,0.15941579639911652
1.0784441232681274,0.08296395093202591,0.21820257604122162
1.0784441232681274,-0.37119191884994507,0.21085423231124878
0.6450555324554443,-0.37119191884994507,0.15941579639911652
1.0165314674377441,-0.37119191884994507,0.21820257604122162
0.8307934999465942,-0.17655369639396667,0.21820257604122162
0.8307934999465942,0.08296395093202591,0.21820257604122162
0.8927061557769775,-0.11167428642511368,0.21820257604122162
0.6450555324554443,-0.11167428642511368,0.21820257604122162
0.8307934999465942,-0.17655369639396667,0.15941579639911652
0.8307934999465942,0.08296395093202591,0.15941579639911652
0.7688808441162109,-0.11167428642511368,0.15941579639911652
1.0165314674377441,-0.11167428642511368,0.15941579639911652
0.7688808441162109,-0.37119191884994507,0.18880918622016907
1.0165314674377441,-0.37119191884994507,0.18880918622016907
0.8307934999465942,-0.37119191884994507,0.18146084249019623
0.8307934999465942,-0.37119191884994507,0.21085423231124878
1.0784441232681274,-0.17655369639396667,0.18880918622016907
1.0784441232681274,0.08296395093202591,0.18880918622016907
1.0784441232681274,-0.11167428642511368,0.18146084249019623
1.0784441232681274,-0.11167428642511368,0.21085423231124878
0.8927061557769775,0.1478433609008789,0.18880918622016907
0.6450555324554443,0.1478433609008789,0.18880918622016907
0.8307934999465942,0.1478433609008789,0.18146084249019623
0.8307934999465942,0.1478433609008789,0.21085423231124878
0.583142876625061,-0.04679487645626068,0.18880918622016907
0.583142876625061,-0.3063125014305115,0.18880918622016907
0.583142876625061,-0.11167428642511368,0.18146084249019623
0.583142876625061,-0.11167428642511368,0.21085423231124878
0.583142876625061,-0.17655369639396667,0.20350588858127594
0.583142876625061,-0.3063125014305115,0.20350588858127594
0.583142876625061,-0.24143311381340027,0.1961575299501419
0.583142876625061,-0.24143311381340027,0.21085423231124878
0.583142876625061,-0.17655369639396667,0.1741124987602234
0.583142876625061,-0.3063125014305115,0.1741124987602234
0.583142876625061,-0.24143311381340027,0.16676415503025055
0.583142876625061,-0.24143311381340027,0.18146084249019623
0.583142876625061,0.08296395093202591,0.1741124987602234
0.583142876625061,-0.04679487645626068,0.1741124987602234
0.583142876625061,0.018084537237882614,0.16676415503025055
0.583142876625061,0.018084537237882614,0.18146084249019623
0.7688808441162109,0.1478433609008789,0.20350588858127594
0.6450555324554443,0.1478433609008789,0.20350588858127594
0.7069681882858276,0.1478433609008789,0.1961575299501419
0.7069681882858276,0.1478433609008789,0.21085423231124878
0.7688808441162109,0.1478433609008789,0.1741124987602234
0.6450555324554443,0.1478433609008789,0.1741124987602234
0.7069681882858276,0.1478433609008789,0.16676415503025055
0.7069681882858276,0.1478433609008789,0.18146084249019623
1.0165314674377441,0.1478433609008789,0.1741124987602234
0.8927061557769775,0.1478433609008789,0.1741124987602234
0.9546188116073608,0.1478433609008789,0.16676415503025055
0.9546188116073608,0.1478433609008789,0.18146084249019623
1.0784441232681274,-0.04679487645626068,0.20350588858127594
1.0784441232681274,0.08296395093202591,0.20350588858127594
1.0784441232681274,0.018084537237882614,0.1961575299501419
1.0784441232681274,0.018084537237882614,0.21085423231124878
1.0784441232681274,-0.04679487645626068,0.1741124987602234
1.0784441232681274,0.08296395093202591,0.1741124987602234
1.0784441232681274,0.018084537237882614,0.16676415503025055
1.0784441232681274,0.018084537237882614,0.18146084249019623
1.0784441232681274,-0.3063125014305115,0.1741124987602234
1.0784441232681274,-0.17655369639396667,0.1741124987602234
1.0784441232681274,-0.24143311381340027,0.16676415503025055
1.0784441232681274,-0.24143311381340027,0.18146084249019623
0.8927061557769775,-0.37119191884994507,0.20350588858127594
1.0165314674377441,-0.37119191884994507,0.20350588858127594
0.9546188116073608,-0.37119191884994507,0.1961575299501419
0.9546188116073608,-0.37119191884994507,0.21085423231124878
0.8927061557769775,-0.37119191884994507,0.1741124987602234
1.0165314674377441,-0.37119191884994507,0.1741124987602234
0.9546188116073608,-0.37119191884994507,0.16676415503025055
0.9546188116073608,-0.37119191884994507,0.18146084249019623
0.6450555324554443,-0.37119191884994507,0.1741124987602234
0.7688808441162109,-0.37119191884994507,0.1741124987602234
0.7069681882858276,-0.37119191884994507,0.16676415503025055
0.7069681882858276,-0.37119191884994507,0.18146084249019623
0.9546188116073608,-0.04679487645626068,0.15941579639911652
0.9546188116073608,0.08296395093202591,0.15941579639911652
0.8927061557769775,0.018084537237882614,0.15941579639911652
1.0165314674377441,0.018084537237882614,0.15941579639911652
0.7069681882858276,-0.04679487645626068,0.15941579639911652
0.7069681882858276,0.08296395093202591,0.15941579639911652
0.6450555324554443,0.018084537237882614,0.15941579639911652
0.7688808441162109,0.018084537237882614,0.15941579639911652
0.7069681882858276,-0.3063125014305115,0.15941579639911652
0.7069681882858276,-0.17655369639396667,0.15941579639911652
0.6450555324554443,-0.24143311381340027,0.15941579639911652
0.7688808441162109,-0.24143311381340027,0.15941579639911652
0.7069681882858276,-0.04679487645626068,0.21820257604122162
0.7069681882858276,0.08296395093202591,0.21820257604122162
0.7688808441162109,0.018084537237882614,0.21820257604122162
0.6450555324554443,0.018084537237882614,0.21820257604122162
0.9546188116073608,-0.04679487645626068,0.21820257604122162
0.9546188116073608,0.08296395093202591,0.21820257604122162
1.0165314674377441,0.018084537237882614,0.21820257604122162
0.8927061557769775,0.018084537237882614,0.21820257604122162
0.9546188116073608,-0.3063125014305115,0.21820257604122162
0.9546188116073608,-0.17655369639396667,0.21820257604122162
1.0165314674377441,-0.24143311381340027,0.21820257604122162
0.8927061557769775,-0.24143311381340027,0.21820257604122162
0.7069681882858276,-0.3063125014305115,0.21820257604122162
0.7069681882858276,-0.17655369639396667,0.21820257604122162
0.7688808441162109,-0.24143311381340027,0.21820257604122162
0.6450555324554443,-0.24143311381340027,0.21820257604122162
0.9546188116073608,-0.3063125014305115,0.15941579639911652
0.9546188116073608,-0.17655369639396667,0.15941579639911652
0.8927061557769775,-0.24143311381340027,0.15941579639911652
1.0165314674377441,-0.24143311381340027,0.15941579639911652
0.6450555324554443,-0.37119191884994507,0.20350588858127594
0.7688808441162109,-0.37119191884994507,0.20350588858127594
0.7069681882858276,-0.37119191884994507,0.1961575299501419
0.7069681882858276,-0.37119191884994507,0.21085423231124878
1.0784441232681274,-0.3063125014305115,0.20350588858127594
1.0784441232681274,-0.17655369639396667,0.20350588858127594
1.0784441232681274,-0.24143311381340027,0.1961575299501419
1.0784441232681274,-0.24143311381340027,0.21085423231124878
1.0165314674377441,0.1478433609008789,0.20350588858127594
0.8927061557769775,0.1478433609008789,0.20350588858127594
0.9546188116073608,0.1478433609008789,0.1961575299501419
0.9546188116073608,0.1478433609008789,0.21085423231124878
0.583142876625061,0.08296395093202591,0.20350588858127594
0.583142876625061,-0.04679487645626068,0.20350588858127594
0.583142876625061,0.018084537237882614,0.1961575299501419
0.583142876625061,0.018084537237882614,0.21085423231124878
0.583142876625061,-0.04679487645626068,0.21085423231124878
0.583142876625061,-0.04679487645626068,0.1961575299501419
0.583142876625061,0.08296395093202591,0.1961575299501419
0.8927061557769775,0.1478433609008789,0.21085423231124878
0.8927061557769775,0.1478433609008789,0.1961575299501419
1.0165314674377441,0.1478433609008789,0.1961575299501419
1.0784441232681274,-0.17655369639396667,0.21085423231124878
1.0784441232681274,-0.17655369639396667,0.1961575299501419
1.0784441232681274,-0.3063125014305115,0.1961575299501419
0.7688808441162109,-0.37119191884994507,0.21085423231124878
0.7688808441162109,-0.37119191884994507,0.1961575299501419
0.6450555324554443,-0.37119191884994507,0.1961575299501419
1.0165314674377441,-0.17655369639396667,0.15941579639911652
0.8927061557769775,-0.17655369639396667,0.15941579639911652
0.8927061557769775,-0.3063125014305115,0.15941579639911652
0.6450555324554443,-0.17655369639396667,0.21820257604122162
0.7688808441162109,-0.17655369639396667,0.21820257604122162
0.7688808441162109,-0.3063125014305115,0.21820257604122162
0.8927061557769775,-0.17655369639396667,0.21820257604122162
1.0165314674377441,-0.17655369639396667,0.21820257604122162
1.0165314674377441,-0.3063125014305115,0.21820257604122162
0.8927061557769775,0.08296395093202591,0.21820257604122162
1.0165314674377441,0.08296395093202591,0.21820257604122162
1.0165314674377441,-0.04679487645626068,0.21820257604122162
0.6450555324554443,0.08296395093202591,0.21820257604122162
0.7688808441162109,0.08296395093202591,0.21820257604122162
0.7688808441162109,-0.04679487645626068,0.21820257604122162
0.7688808441162109,-0.17655369639396667,0.15941579639911652
0.6450555324554443,-0.17655369639396667,0.15941579639911652
0.6450555324554443,-0.3063125014305115,0.15941579639911652
0.7688808441162109,0.08296395093202591,0.15941579639911652
0.6450555324554443,0.08296395093202591,0.15941579639911652
0.6450555324554443,-0.04679487645626068,0.15941579639911652
1.0165314674377441,0.08296395093202591,0.15941579639911652
0.8927061557769775,0.08296395093202591,0.15941579639911652
0.8927061557769775,-0.04679487645626068,0.15941579639911652
0.7688808441162109,-0.37119191884994507,0.18146084249019623
0.7688808441162109,-0.37119191884994507,0.16676415503025055
0.6450555324554443,-0.37119191884994507,0.16676415503025055
1.0165314674377441,-0.37119191884994507,0.18146084249019623
1.0165314674377441,-0.37119191884994507,0.16676415503025055
0.8927061557769775,-0.37119191884994507,0.16676415503025055
1.0165314674377441,-0.37119191884994507,0.21085423231124878
1.0165314674377441,-0.37119191884994507,0.1961575299501419
0.8927061557769775,-0.37119191884994507,0.1961575299501419
1.0784441232681274,-0.17655369639396667,0.18146084249019623
1.0784441232681274,-0.17655369639396667,0.16676415503025055
1.0784441232681274,-0.3063125014305115,0.16676415503025055
1.0784441232681274,0.08296395093202591,0.18146084249019623
1.0784441232681274,0.08296395093202591,0.16676415503025055
1.0784441232681274,-0.04679487645626068,0.16676415503025055
1.0784441232681274,0.08296395093202591,0.21085423231124878
1.0784441232681274,0.08296395093202591,0.1961575299501419
1.0784441232681274,-0.04679487645626068,0.1961575299501419
0.8927061557769775,0.1478433609008789,0.18146084249019623
0.8927061557769775,0.1478433609008789,0.16676415503025055
1.0165314674377441,0.1478433609008789,0.16676415503025055
0.6450555324554443,0.1478433609008789,0.18146084249019623
0.6450555324554443,0.1478433609008789,0.16676415503025055
0.7688808441162109,0.1478433609008789,0.16676415503025055
0.6450555324554443,0.1478433609008789,0.21085423231124878
0.6450555324554443,0.1478433609008789,0.1961575299501419
0.7688808441162109,0.1478433609008789,0.1961575299501419
0.583142876625061,-0.04679487645626068,0.18146084249019623
0.583142876625061,-0.04679487645626068,0.16676415503025055
0.583142876625061,0.08296395093202591,0.16676415503025055
0.583142876625061,-0.3063125014305115,0.18146084249019623
0.583142876625061,-0.3063125014305115,0.16676415503025055
0.583142876625061,-0.17655369639396667,0.16676415503025055
0.583142876625061,-0.3063125014305115,0.21085423231124878
0.583142876625061,-0.3063125014305115,0.1961575299501419
0.583142876625061,-0.17655369639396667,0.1961575299501419
0.583142876625061,-0.17655369639396667,0.21085423231124878
0.583142876625061,-0.17655369639396667,0.18146084249019623
0.583142876625061,0.08296395093202591,0.18146084249019623
0.7688808441162109,0.1478433609008789,0.21085423231124878
0.7688808441162109,0.1478433609008789,0.18146084249019623
1.0165314674377441,0.1478433609008789,0.18146084249019623
1.0784441232681274,-0.04679487645626068,0.21085423231124878
1.0784441232681274,-0.04679487645626068,0.18146084249019623
1.0784441232681274,-0.3063125014305115,0.18146084249019623
0.8927061557769775,-0.37119191884994507,0.21085423231124878
0.8927061557769775,-0.37119191884994507,0.18146084249019623
0.6450555324554443,-0.37119191884994507,0.18146084249019623
1.0165314674377441,-0.04679487645626068,0.15941579639911652
0.7688808441162109,-0.04679487645626068,0.15941579639911652
0.7688808441162109,-0.3063125014305115,0.15941579639911652
0.6450555324554443,-0.04679487645626068,0.21820257604122162
0.8927061557769775,-0.04679487645626068,0.21820257604122162
0.8927061557769775,-0.3063125014305115,0.21820257604122162
0.6450555324554443,-0.3063125014305115,0.21820257604122162
1.0165314674377441,-0.3063125014305115,0.15941579639911652
0.6450555324554443,-0.37119191884994507,0.21085423231124878
1.0784441232681274,-0.3063125014305115,0.21085423231124878
1.0165314674377441,0.1478433609008789,0.21085423231124878
0.583142876625061,0.08296395093202591,0.21085423231124878
