0.0;0.0,0.0,0.0;1.0,0.0,0.0,0.0
0.01;0.0,0.0,-1.2814998626708984e-06;1.0,0.0,0.0,0.0
0.02;0.0,0.0,-5.066394805908203e-06;1.0,0.0,0.0,0.0
0.03;0.0,0.0,-1.138448715209961e-05;1.0,0.0,0.0,0.0
0.04;0.0,0.0,-2.0235776901245117e-05;1.0,0.0,0.0,0.0
0.05;0.0,0.0,-3.159046173095703e-05;1.0,0.0,0.0,0.0
0.06;0.0,0.0,-4.547834396362305e-05;1.0,0.0,0.0,0.0
0.07;0.0,0.0,-6.183981895446777e-05;1.0,0.0,0.0,0.0
0.08;0.0,0.0,-8.07046890258789e-05;1.0,0.0,0.0,0.0
0.09;0.0,0.0,-0.00010207295417785645;1.0,0.0,0.0,0.0
0.1;0.0,0.0,-0.0001259446144104004;1.0,0.0,0.0,0.0
0.11;0.0,0.0,-0.00015228986740112305;1.0,0.0,0.0,0.0
0.12;0.0,0.0,-0.00018110871315002441;1.0,0.0,0.0,0.0
0.13;0.0,0.0,-0.0002124309539794922;1.0,0.0,0.0,0.0
0.14;0.0,0.0,-0.000246196985244751;1.0,0.0,0.0,0.0
0.15;0.0,0.0,-0.0002824068069458008;1.0,0.0,0.0,0.0
0.16;0.0,0.0,-0.000321120023727417;1.0,0.0,0.0,0.0
0.17;0.0,0.0,-0.0003622770309448242;1.0,0.0,0.0,0.0
0.18;0.0,0.0,-0.00040584802627563477;1.0,0.0,0.0,0.0
0.19;0.0,0.0,-0.000451892614364624;1.0,0.0,0.0,0.0
0.2;0.0,0.0,-0.000500410795211792;1.0,0.0,0.0,0.0
0.21;0.0,0.0,-0.0005513131618499756;1.0,0.0,0.0,0.0
0.22;0.0,0.0,-0.0006046593189239502;1.0,0.0,0.0,0.0
0.23;0.0,0.0,-0.0006604492664337158;1.0,0.0,0.0,0.0
0.24;0.0,0.0,-0.0007186532020568848;1.0,0.0,0.0,0.0
0.25;0.0,0.0,-0.0007792115211486816;1.0,0.0,0.0,0.0
0.26;0.0,0.0,-0.0008422434329986572;1.0,0.0,0.0,0.0
0.27;0.0,0.0,-0.0009076595306396484;1.0,0.0,0.0,0.0
0.28;0.0,0.0,-0.000975489616394043;1.0,0.0,0.0,0.0
0.29;0.0,0.0,-0.0010457038879394531;1.0,0.0,0.0,0.0
0.3;0.0,0.0,-0.0011182725429534912;1.0,0.0,0.0,0.0
0.31;0.0,0.0,-0.0011932551860809326;1.0,0.0,0.0,0.0
0.32;0.0,0.0,-0.0012706220149993896;1.0,0.0,0.0,0.0
0.33;0.0,0.0,-0.0013503730297088623;1.0,0.0,0.0,0.0
0.34;0.0,0.0,-0.0014324486255645752;1.0,0.0,0.0,0.0
0.35;0.0,0.0,-0.0015169382095336914;1.0,0.0,0.0,0.0
0.36;0.0,0.0,-0.0016037225723266602;1.0,0.0,0.0,0.0
0.37;0.0,0.0,-0.0016929209232330322;1.0,0.0,0.0,0.0
0.38;0.0,0.0,-0.0017844438552856445;1.0,0.0,0.0,0.0
0.39;0.0,0.0,-0.0018783211708068848;1.0,0.0,0.0,0.0
0.4;0.0,0.0,-0.0019745230674743652;1.0,0.0,0.0,0.0
0.41;0.0,0.0,-0.002073049545288086;1.0,0.0,0.0,0.0
0.42;0.0,0.0,-0.0021739304065704346;1.0,0.0,0.0,0.0
0.43;0.0,0.0,-0.0022771060466766357;1.0,0.0,0.0,0.0
0.44;0.0,0.0,-0.002382636070251465;1.0,0.0,0.0,0.0
0.45;0.0,0.0,-0.002490431070327759;1.0,0.0,0.0,0.0
0.46;0.0,0.0,-0.0026005804538726807;1.0,0.0,0.0,0.0
0.47;0.0,0.0,-0.0027129650115966797;1.0,0.0,0.0,0.0
0.48;0.0,0.0,-0.0028277039527893066;1.0,0.0,0.0,0.0
0.49;0.0,0.0,-0.002944737672805786;1.0,0.0,0.0,0.0
0.5;0.0,0.0,-0.0030640363693237305;1.0,0.0,0.0,0.0
0.51;0.0,0.0,-0.0031856298446655273;1.0,0.0,0.0,0.0
0.52;0.0,0.0,-0.003309488296508789;1.0,0.0,0.0,0.0
0.53;0.0,0.0,-0.0034356117248535156;1.0,0.0,0.0,0.0
0.54;0.0,0.0,-0.003564000129699707;1.0,0.0,0.0,0.0
0.55;0.0,0.0,-0.0036946535110473633;1.0,0.0,0.0,0.0
0.56;0.0,0.0,-0.003827601671218872;1.0,0.0,0.0,0.0
0.57;0.0,0.0,-0.00396275520324707;1.0,0.0,0.0,0.0
0.58;0.0,0.0,-0.004100203514099121;1.0,0.0,0.0,0.0
0.59;0.0,0.0,-0.004239857196807861;1.0,0.0,0.0,0.0
0.6;0.0,0.0,-0.004381716251373291;1.0,0.0,0.0,0.0
0.61;0.0,0.0,-0.004525870084762573;1.0,0.0,0.0,0.0
0.62;0.0,0.0,-0.004672229290008545;1.0,0.0,0.0,0.0
0.63;0.0,0.0,-0.004820793867111206;1.0,0.0,0.0,0.0
0.64;0.0,0.0,-0.004971563816070557;1.0,0.0,0.0,0.0
0.65;0.0,0.0,-0.005124598741531372;1.0,0.0,0.0,0.0
0.66;0.0,0.0,-0.005279809236526489;1.0,0.0,0.0,0.0
0.67;0.0,0.0,-0.005437195301055908;1.0,0.0,0.0,0.0
0.68;0.0,0.0,-0.005596816539764404;1.0,0.0,0.0,0.0
0.69;0.0,0.0,-0.0057585835456848145;1.0,0.0,0.0,0.0
0.7;0.0,0.0,-0.005922585725784302;1.0,0.0,0.0,0.0
0.71;0.0,0.0,-0.006088733673095703;1.0,0.0,0.0,0.0
0.72;0.0,0.0,-0.006257086992263794;1.0,0.0,0.0,0.0
0.73;0.0,0.0,-0.006427556276321411;1.0,0.0,0.0,0.0
0.74;0.0,0.0,-0.006600230932235718;1.0,0.0,0.0,0.0
0.75;0.0,0.0,-0.006775081157684326;1.0,0.0,0.0,0.0
0.76;0.0,0.0,-0.006952077150344849;1.0,0.0,0.0,0.0
0.77;0.0,0.0,-0.0071311891078948975;1.0,0.0,0.0,0.0
0.78;0.0,0.0,-0.007312476634979248;1.0,0.0,0.0,0.0
0.79;0.0,0.0,-0.007495909929275513;1.0,0.0,0.0,0.0
0.8;0.0,0.0,-0.007681459188461304;1.0,0.0,0.0,0.0
0.81;0.0,0.0,-0.007869154214859009;1.0,0.0,0.0,0.0
0.82;0.0,0.0,-0.00805896520614624;1.0,0.0,0.0,0.0
0.83;0.0,0.0,-0.008250892162322998;1.0,0.0,0.0,0.0
0.84;0.0,0.0,-0.008444905281066895;1.0,0.0,0.0,0.0
0.85;0.0,0.0,-0.008641064167022705;1.0,0.0,0.0,0.0
0.86;0.0,0.0,-0.008839339017868042;1.0,0.0,0.0,0.0
0.87;0.0,0.0,-0.009039700031280518;1.0,0.0,0.0,0.0
0.88;0.0,0.0,-0.009242147207260132;1.0,0.0,0.0,0.0
0.89;0.0,0.0,-0.009446680545806885;1.0,0.0,0.0,0.0
0.9;0.0,0.0,-0.009653329849243164;1.0,0.0,0.0,0.0
0.91;0.0,0.0,-0.009862005710601807;1.0,0.0,0.0,0.0
0.92;0.0,0.0,-0.010072797536849976;1.0,0.0,0.0,0.0
0.93;0.0,0.0,-0.010285615921020508;1.0,0.0,0.0,0.0
0.94;0.0,0.0,-0.010500550270080566;1.0,0.0,0.0,0.0
0.95;0.0,0.0,-0.010717511177062988;1.0,0.0,0.0,0.0
0.96;0.0,0.0,-0.010936528444290161;1.0,0.0,0.0,0.0
0.97;0.0,0.0,-0.011157602071762085;1.0,0.0,0.0,0.0
0.98;0.0,0.0,-0.011380702257156372;1.0,0.0,0.0,0.0
0.99;0.0,0.0,-0.01160585880279541;1.0,0.0,0.0,0.0
1.0;0.0,0.0,-0.0118330717086792;1.0,0.0,0.0,0.0
1.01;0.0,0.0,-0.012062251567840576;1.0,0.0,0.0,0.0
1.02;0.0,0.0,-0.012293517589569092;1.0,0.0,0.0,0.0
1.03;0.0,0.0,-0.012526750564575195;1.0,0.0,0.0,0.0
1.04;0.0,0.0,-0.01276203989982605;1.0,0.0,0.0,0.0
1.05;0.0,0.0,-0.01299932599067688;1.0,0.0,0.0,0.0
1.06;0.0,0.0,-0.013238579034805298;1.0,0.0,0.0,0.0
1.07;0.0,0.0,-0.013479858636856079;1.0,0.0,0.0,0.0
1.08;0.0,0.0,-0.013723105192184448;1.0,0.0,0.0,0.0
1.09;0.0,0.0,-0.01396837830543518;1.0,0.0,0.0,0.0
1.1;0.0,0.0,-0.014215618371963501;1.0,0.0,0.0,0.0
1.11;0.0,0.0,-0.01446482539176941;1.0,0.0,0.0,0.0
1.12;0.0,0.0,-0.014715999364852905;1.0,0.0,0.0,0.0
1.13;0.0,0.0,-0.014969170093536377;1.0,0.0,0.0,0.0
1.14;0.0,0.0,-0.015224277973175049;1.0,0.0,0.0,0.0
1.15;0.0,0.0,-0.015481352806091309;1.0,0.0,0.0,0.0
1.16;0.0,0.0,-0.015740394592285156;1.0,0.0,0.0,0.0
1.17;0.0,0.0,-0.016001343727111816;1.0,0.0,0.0,0.0
1.18;0.0,0.0,-0.016264259815216064;1.0,0.0,0.0,0.0
1.19;0.0,0.0,-0.016529113054275513;1.0,0.0,0.0,0.0
1.2;0.0,0.0,-0.01679593324661255;1.0,0.0,0.0,0.0
1.21;0.0,0.0,-0.01706463098526001;1.0,0.0,0.0,0.0
1.22;0.0,0.0,-0.01733526587486267;1.0,0.0,0.0,0.0
1.23;0.0,0.0,-0.017607808113098145;1.0,0.0,0.0,0.0
1.24;0.0,0.0,-0.01788228750228882;1.0,0.0,0.0,0.0
1.25;0.0,0.0,-0.01815861463546753;1.0,0.0,0.0,0.0
1.26;0.0,0.0,-0.018436908721923828;1.0,0.0,0.0,0.0
1.27;0.0,0.0,-0.018717050552368164;1.0,0.0,0.0,0.0
1.28;0.0,0.0,-0.018999099731445312;1.0,0.0,0.0,0.0
1.29;0.0,0.0,-0.019283056259155273;1.0,0.0,0.0,0.0
1.3;0.0,0.0,-0.01956886053085327;1.0,0.0,0.0,0.0
1.31;0.0,0.0,-0.019856572151184082;1.0,0.0,0.0,0.0
1.32;0.0,0.0,-0.02014613151550293;1.0,0.0,0.0,0.0
1.33;0.0,0.0,-0.02043759822845459;1.0,0.0,0.0,0.0
1.34;0.0,0.0,-0.0207308828830719;1.0,0.0,0.0,0.0
1.35;0.0,0.0,-0.021026015281677246;1.0,0.0,0.0,0.0
1.36;0.0,0.0,-0.021323025226593018;1.0,0.0,0.0,0.0
1.37;0.0,0.0,-0.02162185311317444;1.0,0.0,0.0,0.0
1.38;0.0,0.0,-0.021922558546066284;1.0,0.0,0.0,0.0
1.39;0.0,0.0,-0.02222508192062378;1.0,0.0,0.0,0.0
1.4;0.0,0.0,-0.022529423236846924;1.0,0.0,0.0,0.0
1.41;0.0,0.0,-0.022835612297058105;1.0,0.0,0.0,0.0
1.42;0.0,0.0,-0.023143619298934937;1.0,0.0,0.0,0.0
1.43;0.0,0.0,-0.02345341444015503;1.0,0.0,0.0,0.0
1.44;0.0,0.0,-0.02376502752304077;1.0,0.0,0.0,0.0
1.45;0.0,0.0,-0.024078458547592163;1.0,0.0,0.0,0.0
1.46;0.0,0.0,-0.024393707513809204;1.0,0.0,0.0,0.0
1.47;0.0,0.0,-0.02471071481704712;1.0,0.0,0.0,0.0
1.48;0.0,0.0,-0.025029540061950684;1.0,0.0,0.0,0.0
1.49;0.0,0.0,-0.025350093841552734;1.0,0.0,0.0,0.0
1.5;0.0,0.0,-0.025672495365142822;1.0,0.0,0.0,0.0
1.51;0.0,0.0,-0.025996625423431396;1.0,0.0,0.0,0.0
1.52;0.0,0.0,-0.026322543621063232;1.0,0.0,0.0,0.0
1.53;0.0,0.0,-0.02665024995803833;1.0,0.0,0.0,0.0
1.54;0.0,0.0,-0.026979684829711914;1.0,0.0,0.0,0.0
1.55;0.0,0.0,-0.027310878038406372;1.0,0.0,0.0,0.0
1.56;0.0,0.0,-0.027643799781799316;1.0,0.0,0.0,0.0
1.57;0.0,0.0,-0.027978509664535522;1.0,0.0,0.0,0.0
1.58;0.0,0.0,-0.028314918279647827;1.0,0.0,0.0,0.0
1.59;0.0,0.0,-0.028653085231781006;1.0,0.0,0.0,0.0
1.6;0.0,0.0,-0.028992950916290283;1.0,0.0,0.0,0.0
1.61;0.0,0.0,-0.029334574937820435;1.0,0.0,0.0,0.0
1.62;0.0,0.0,-0.029677927494049072;1.0,0.0,0.0,0.0
1.63;0.0,0.0,-0.03002297878265381;1.0,0.0,0.0,0.0
1.64;0.0,0.0,-0.030369728803634644;1.0,0.0,0.0,0.0
1.65;0.0,0.0,-0.030718177556991577;1.0,0.0,0.0,0.0
1.66;0.0,0.0,-0.03106832504272461;1.0,0.0,0.0,0.0
1.67;0.0,0.0,-0.03142017126083374;1.0,0.0,0.0,0.0
1.68;0.0,0.0,-0.03177371621131897;1.0,0.0,0.0,0.0
1.69;0.0,0.0,-0.03212893009185791;1.0,0.0,0.0,0.0
1.7;0.0,0.0,-0.03248584270477295;1.0,0.0,0.0,0.0
1.71;0.0,0.0,-0.03284439444541931;1.0,0.0,0.0,0.0
1.72;0.0,0.0,-0.03320464491844177;1.0,0.0,0.0,0.0
1.73;0.0,0.0,-0.03356653451919556;1.0,0.0,0.0,0.0
1.74;0.0,0.0,-0.033930063247680664;1.0,0.0,0.0,0.0
1.75;0.0,0.0,-0.03429529070854187;1.0,0.0,0.0,0.0
1.76;0.0,0.0,-0.03466212749481201;1.0,0.0,0.0,0.0
1.77;0.0,0.0,-0.035030633211135864;1.0,0.0,0.0,0.0
1.78;0.0,0.0,-0.03540077805519104;1.0,0.0,0.0,0.0
1.79;0.0,0.0,-0.03577256202697754;1.0,0.0,0.0,0.0
1.8;0.0,0.0,-0.036145925521850586;1.0,0.0,0.0,0.0
1.81;0.0,0.0,-0.036520957946777344;1.0,0.0,0.0,0.0
1.82;0.0,0.0,-0.03689759969711304;1.0,0.0,0.0,0.0
1.83;0.0,0.0,-0.037275850772857666;1.0,0.0,0.0,0.0
1.84;0.0,0.0,-0.03765571117401123;1.0,0.0,0.0,0.0
1.85;0.0,0.0,-0.03803715109825134;1.0,0.0,0.0,0.0
1.86;0.0,0.0,-0.03842020034790039;1.0,0.0,0.0,0.0
1.87;0.0,0.0,-0.038804829120635986;1.0,0.0,0.0,0.0
1.88;0.0,0.0,-0.039191097021102905;1.0,0.0,0.0,0.0
1.89;0.0,0.0,-0.0395788848400116;1.0,0.0,0.0,0.0
1.9;0.0,0.0,-0.039968252182006836;1.0,0.0,0.0,0.0
1.91;0.0,0.0,-0.0403592586517334;1.0,0.0,0.0,0.0
1.92;0.0,0.0,-0.040751755237579346;1.0,0.0,0.0,0.0
1.93;0.0,0.0,-0.04114586114883423;1.0,0.0,0.0,0.0
1.94;0.0,0.0,-0.041541486978530884;1.0,0.0,0.0,0.0
1.95;0.0,0.0,-0.0419386625289917;1.0,0.0,0.0,0.0
1.96;0.0,0.0,-0.04233741760253906;1.0,0.0,0.0,0.0
1.97;0.0,0.0,-0.0427376925945282;1.0,0.0,0.0,0.0
1.98;0.0,0.0,-0.043139517307281494;1.0,0.0,0.0,0.0
1.99;0.0,0.0,-0.04354286193847656;1.0,0.0,0.0,0.0
2.0;0.0,0.0,-0.0439477264881134;1.0,0.0,0.0,0.0
2.01;0.0,0.0,-0.04435411095619202;1.0,0.0,0.0,0.0
2.02;0.0,0.0,-0.0447620153427124;1.0,0.0,0.0,0.0
2.03;0.0,0.0,-0.04517143964767456;1.0,0.0,0.0,0.0
2.04;0.0,0.0,-0.045582354068756104;1.0,0.0,0.0,0.0
2.05;0.0,0.0,-0.04599478840827942;1.0,0.0,0.0,0.0
2.06;0.0,0.0,-0.04640868306159973;1.0,0.0,0.0,0.0
2.07;0.0,0.0,-0.046824097633361816;1.0,0.0,0.0,0.0
2.08;0.0,0.0,-0.047241002321243286;1.0,0.0,0.0,0.0
2.09;0.0,0.0,-0.04765936732292175;1.0,0.0,0.0,0.0
2.1;0.0,0.0,-0.048079222440719604;1.0,0.0,0.0,0.0
2.11;0.0,0.0,-0.04850053787231445;1.0,0.0,0.0,0.0
2.12;0.0,0.0,-0.048923343420028687;1.0,0.0,0.0,0.0
2.13;0.0,0.0,-0.04934757947921753;1.0,0.0,0.0,0.0
2.14;0.0,0.0,-0.04977327585220337;1.0,0.0,0.0,0.0
2.15;0.0,0.0,-0.05020040273666382;1.0,0.0,0.0,0.0
2.16;0.0,0.0,-0.05062901973724365;1.0,0.0,0.0,0.0
2.17;0.0,0.0,-0.05105900764465332;1.0,0.0,0.0,0.0
2.18;0.0,0.0,-0.05149048566818237;1.0,0.0,0.0,0.0
2.19;0.0,0.0,-0.051923394203186035;1.0,0.0,0.0,0.0
2.2;0.0,0.0,-0.05235770344734192;1.0,0.0,0.0,0.0
2.21;0.0,0.0,-0.05279344320297241;1.0,0.0,0.0,0.0
2.22;0.0,0.0,-0.05323058366775513;1.0,0.0,0.0,0.0
2.23;0.0,0.0,-0.053669124841690063;1.0,0.0,0.0,0.0
2.24;0.0,0.0,-0.05410909652709961;1.0,0.0,0.0,0.0
2.25;0.0,0.0,-0.05455046892166138;1.0,0.0,0.0,0.0
2.26;0.0,0.0,-0.05499321222305298;1.0,0.0,0.0,0.0
2.27;0.0,0.0,-0.0554373562335968;1.0,0.0,0.0,0.0
2.28;0.0,0.0,-0.05588287115097046;1.0,0.0,0.0,0.0
2.29;0.0,0.0,-0.05632978677749634;1.0,0.0,0.0,0.0
2.3;0.0,0.0,-0.05677807331085205;1.0,0.0,0.0,0.0
2.31;0.0,0.0,-0.0572277307510376;1.0,0.0,0.0,0.0
2.32;0.0,0.0,-0.05767872929573059;1.0,0.0,0.0,0.0
2.33;0.0,0.0,-0.05813109874725342;1.0,0.0,0.0,0.0
2.34;0.0,0.0,-0.05858480930328369;1.0,0.0,0.0,0.0
2.35;0.0,0.0,-0.05903986096382141;1.0,0.0,0.0,0.0
2.36;0.0,0.0,-0.059496283531188965;1.0,0.0,0.0,0.0
2.37;0.0,0.0,-0.05995401740074158;1.0,0.0,0.0,0.0
2.38;0.0,0.0,-0.06041312217712402;1.0,0.0,0.0,0.0
2.39;0.0,0.0,-0.06087350845336914;1.0,0.0,0.0,0.0
2.4;0.0,0.0,-0.06133526563644409;1.0,0.0,0.0,0.0
2.41;0.0,0.0,-0.061798304319381714;1.0,0.0,0.0,0.0
2.42;0.0,0.0,-0.062262654304504395;1.0,0.0,0.0,0.0
2.43;0.0,0.0,-0.06272834539413452;1.0,0.0,0.0,0.0
2.44;0.0,0.0,-0.06319531798362732;1.0,0.0,0.0,0.0
2.45;0.0,0.0,-0.06366357207298279;1.0,0.0,0.0,0.0
2.46;0.0,0.0,-0.06413310766220093;1.0,0.0,0.0,0.0
2.47;0.0,0.0,-0.06460398435592651;1.0,0.0,0.0,0.0
2.48;0.0,0.0,-0.06507611274719238;1.0,0.0,0.0,0.0
2.49;0.0,0.0,-0.06554949283599854;1.0,0.0,0.0,0.0
2.5;0.0,0.0,-0.06602418422698975;1.0,0.0,0.0,0.0
2.51;0.0,0.0,-0.06650012731552124;1.0,0.0,0.0,0.0
2.52;0.0,0.0,-0.06697732210159302;1.0,0.0,0.0,0.0
2.53;0.0,0.0,-0.06745576858520508;1.0,0.0,0.0,0.0
2.54;0.0,0.0,-0.06793549656867981;1.0,0.0,0.0,0.0
2.55;0.0,0.0,-0.06841644644737244;1.0,0.0,0.0,0.0
2.56;0.0,0.0,-0.06889864802360535;1.0,0.0,0.0,0.0
2.57;0.0,0.0,-0.06938207149505615;1.0,0.0,0.0,0.0
2.58;0.0,0.0,-0.06986674666404724;1.0,0.0,0.0,0.0
2.59;0.0,0.0,-0.07035264372825623;1.0,0.0,0.0,0.0
2.6;0.0,0.0,-0.0708397626876831;1.0,0.0,0.0,0.0
2.61;0.0,0.0,-0.07132810354232788;1.0,0.0,0.0,0.0
2.62;0.0,0.0,-0.07181760668754578;1.0,0.0,0.0,0.0
2.63;0.0,0.0,-0.07230836153030396;1.0,0.0,0.0,0.0
2.64;0.0,0.0,-0.07280033826828003;1.0,0.0,0.0,0.0
2.65;0.0,0.0,-0.07329347729682922;1.0,0.0,0.0,0.0
2.66;0.0,0.0,-0.07378780841827393;1.0,0.0,0.0,0.0
2.67;0.0,0.0,-0.07428333163261414;1.0,0.0,0.0,0.0
2.68;0.0,0.0,-0.07478001713752747;1.0,0.0,0.0,0.0
2.69;0.0,0.0,-0.07527792453765869;1.0,0.0,0.0,0.0
2.7;0.0,0.0,-0.07577693462371826;1.0,0.0,0.0,0.0
2.71;0.0,0.0,-0.07627716660499573;1.0,0.0,0.0,0.0
2.72;0.0,0.0,-0.07677853107452393;1.0,0.0,0.0,0.0
2.73;0.0,0.0,-0.07728105783462524;1.0,0.0,0.0,0.0
2.74;0.0,0.0,-0.0777847170829773;1.0,0.0,0.0,0.0
2.75;0.0,0.0,-0.07828956842422485;1.0,0.0,0.0,0.0
2.76;0.0,0.0,-0.07879552245140076;1.0,0.0,0.0,0.0
2.77;0.0,0.0,-0.07930260896682739;1.0,0.0,0.0,0.0
2.78;0.0,0.0,-0.07981085777282715;1.0,0.0,0.0,0.0
2.79;0.0,0.0,-0.08032017946243286;1.0,0.0,0.0,0.0
2.8;0.0,0.0,-0.0808306336402893;1.0,0.0,0.0,0.0
2.81;0.0,0.0,-0.08134222030639648;1.0,0.0,0.0,0.0
2.82;0.0,0.0,-0.0818549394607544;1.0,0.0,0.0,0.0
2.83;0.0,0.0,-0.08236870169639587;1.0,0.0,0.0,0.0
2.84;0.0,0.0,-0.08288362622261047;1.0,0.0,0.0,0.0
2.85;0.0,0.0,-0.08339959383010864;1.0,0.0,0.0,0.0
2.86;0.0,0.0,-0.08391666412353516;1.0,0.0,0.0,0.0
2.87;0.0,0.0,-0.08443483710289001;1.0,0.0,0.0,0.0
2.88;0.0,0.0,-0.08495408296585083;1.0,0.0,0.0,0.0
2.89;0.0,0.0,-0.08547437191009521;1.0,0.0,0.0,0.0
2.9;0.0,0.0,-0.08599576354026794;1.0,0.0,0.0,0.0
2.91;0.0,0.0,-0.08651819825172424;1.0,0.0,0.0,0.0
2.92;0.0,0.0,-0.08704173564910889;1.0,0.0,0.0,0.0
2.93;0.0,0.0,-0.08756628632545471;1.0,0.0,0.0,0.0
2.94;0.0,0.0,-0.0880918800830841;1.0,0.0,0.0,0.0
2.95;0.0,0.0,-0.08861851692199707;1.0,0.0,0.0,0.0
2.96;0.0,0.0,-0.08914622664451599;1.0,0.0,0.0,0.0
2.97;0.0,0.0,-0.0896749496459961;1.0,0.0,0.0,0.0
2.98;0.0,0.0,-0.09020468592643738;1.0,0.0,0.0,0.0
2.99;0.0,0.0,-0.09073546528816223;1.0,0.0,0.0,0.0
3.0;0.0,0.0,-0.09126725792884827;1.0,0.0,0.0,0.0
3.01;0.0,0.0,-0.0918000340461731;1.0,0.0,0.0,0.0
3.02;0.0,0.0,-0.09233388304710388;1.0,0.0,0.0,0.0
3.03;0.0,0.0,-0.09286868572235107;1.0,0.0,0.0,0.0
3.04;0.0,0.0,-0.09340447187423706;1.0,0.0,0.0,0.0
3.05;0.0,0.0,-0.09394130110740662;1.0,0.0,0.0,0.0
3.06;0.0,0.0,-0.09447908401489258;1.0,0.0,0.0,0.0
3.07;0.0,0.0,-0.09501785039901733;1.0,0.0,0.0,0.0
3.08;0.0,0.0,-0.09555760025978088;1.0,0.0,0.0,0.0
3.09;0.0,0.0,-0.09609830379486084;1.0,0.0,0.0,0.0
3.1;0.0,0.0,-0.09664002060890198;1.0,0.0,0.0,0.0
3.11;0.0,0.0,-0.09718266129493713;1.0,0.0,0.0,0.0
3.12;0.0,0.0,-0.0977262556552887;1.0,0.0,0.0,0.0
3.13;0.0,0.0,-0.09827083349227905;1.0,0.0,0.0,0.0
3.14;0.0,0.0,-0.09881633520126343;1.0,0.0,0.0,0.0
3.15;0.0,0.0,-0.09936279058456421;1.0,0.0,0.0,0.0
3.16;0.0,0.0,-0.0999101847410202;1.0,0.0,0.0,0.0
3.17;0.0,0.0,-0.10045850276947021;1.0,0.0,0.0,0.0
3.18;0.0,0.0,-0.10100772976875305;1.0,0.0,0.0,0.0
3.19;0.0,0.0,-0.1015579104423523;1.0,0.0,0.0,0.0
3.2;0.0,0.0,-0.10210898518562317;1.0,0.0,0.0,0.0
3.21;0.0,0.0,-0.10266096889972687;1.0,0.0,0.0,0.0
3.22;0.0,0.0,-0.10321386158466339;1.0,0.0,0.0,0.0
3.23;0.0,0.0,-0.10376767814159393;1.0,0.0,0.0,0.0
3.24;0.0,0.0,-0.10432237386703491;1.0,0.0,0.0,0.0
3.25;0.0,0.0,-0.10487797856330872;1.0,0.0,0.0,0.0
3.26;0.0,0.0,-0.10543444752693176;1.0,0.0,0.0,0.0
3.27;0.0,0.0,-0.10599179565906525;1.0,0.0,0.0,0.0
3.28;0.0,0.0,-0.10655002295970917;1.0,0.0,0.0,0.0
3.29;0.0,0.0,-0.10710914433002472;1.0,0.0,0.0,0.0
3.3;0.0,0.0,-0.10766910016536713;1.0,0.0,0.0,0.0
3.31;0.0,0.0,-0.10822992026805878;1.0,0.0,0.0,0.0
3.32;0.0,0.0,-0.10879160463809967;1.0,0.0,0.0,0.0
3.33;0.0,0.0,-0.10935413837432861;1.0,0.0,0.0,0.0
3.34;0.0,0.0,-0.1099175214767456;1.0,0.0,0.0,0.0
3.35;0.0,0.0,-0.11048172414302826;1.0,0.0,0.0,0.0
3.36;0.0,0.0,-0.11104677617549896;1.0,0.0,0.0,0.0
3.37;0.0,0.0,-0.11161266267299652;1.0,0.0,0.0,0.0
3.38;0.0,0.0,-0.11217936873435974;1.0,0.0,0.0,0.0
3.39;0.0,0.0,-0.11274689435958862;1.0,0.0,0.0,0.0
3.4;0.0,0.0,-0.11331525444984436;1.0,0.0,0.0,0.0
3.41;0.0,0.0,-0.11388438940048218;1.0,0.0,0.0,0.0
3.42;0.0,0.0,-0.11445434391498566;1.0,0.0,0.0,0.0
3.43;0.0,0.0,-0.1150251030921936;1.0,0.0,0.0,0.0
3.44;0.0,0.0,-0.11559665203094482;1.0,0.0,0.0,0.0
3.45;0.0,0.0,-0.11616900563240051;1.0,0.0,0.0,0.0
3.46;0.0,0.0,-0.11674211919307709;1.0,0.0,0.0,0.0
3.47;0.0,0.0,-0.11731602251529694;1.0,0.0,0.0,0.0
3.48;0.0,0.0,-0.11789068579673767;1.0,0.0,0.0,0.0
3.49;0.0,0.0,-0.11846613883972168;1.0,0.0,0.0,0.0
3.5;0.0,0.0,-0.11904235184192657;1.0,0.0,0.0,0.0
3.51;0.0,0.0,-0.11961932480335236;1.0,0.0,0.0,0.0
3.52;0.0,0.0,-0.12019704282283783;1.0,0.0,0.0,0.0
3.53;0.0,0.0,-0.12077552080154419;1.0,0.0,0.0,0.0
3.54;0.0,0.0,-0.12135472893714905;1.0,0.0,0.0,0.0
3.55;0.0,0.0,-0.12193471193313599;1.0,0.0,0.0,0.0
3.56;0.0,0.0,-0.12251539528369904;1.0,0.0,0.0,0.0
3.57;0.0,0.0,-0.12309679388999939;1.0,0.0,0.0,0.0
3.58;0.0,0.0,-0.12367893755435944;1.0,0.0,0.0,0.0
3.59;0.0,0.0,-0.12426179647445679;1.0,0.0,0.0,0.0
3.6;0.0,0.0,-0.12484537065029144;1.0,0.0,0.0,0.0
3.61;0.0,0.0,-0.1254296600818634;1.0,0.0,0.0,0.0
3.62;0.0,0.0,-0.12601463496685028;1.0,0.0,0.0,0.0
3.63;0.0,0.0,-0.12660032510757446;1.0,0.0,0.0,0.0
3.64;0.0,0.0,-0.12718670070171356;1.0,0.0,0.0,0.0
3.65;0.0,0.0,-0.12777376174926758;1.0,0.0,0.0,0.0
3.66;0.0,0.0,-0.1283615082502365;1.0,0.0,0.0,0.0
3.67;0.0,0.0,-0.12894992530345917;1.0,0.0,0.0,0.0
3.68;0.0,0.0,-0.12953902781009674;1.0,0.0,0.0,0.0
3.69;0.0,0.0,-0.13012878596782684;1.0,0.0,0.0,0.0
3.7;0.0,0.0,-0.13071921467781067;1.0,0.0,0.0,0.0
3.71;0.0,0.0,-0.13131029903888702;1.0,0.0,0.0,0.0
3.72;0.0,0.0,-0.1319020390510559;1.0,0.0,0.0,0.0
3.73;0.0,0.0,-0.13249441981315613;1.0,0.0,0.0,0.0
3.74;0.0,0.0,-0.13308744132518768;1.0,0.0,0.0,0.0
3.75;0.0,0.0,-0.13368111848831177;1.0,0.0,0.0,0.0
3.76;0.0,0.0,-0.1342754065990448;1.0,0.0,0.0,0.0
3.77;0.0,0.0,-0.13487033545970917;1.0,0.0,0.0,0.0
3.78;0.0,0.0,-0.13546589016914368;1.0,0.0,0.0,0.0
3.79;0.0,0.0,-0.13606204092502594;1.0,0.0,0.0,0.0
3.8;0.0,0.0,-0.13665881752967834;1.0,0.0,0.0,0.0
3.81;0.0,0.0,-0.1372562050819397;1.0,0.0,0.0,0.0
3.82;0.0,0.0,-0.13785415887832642;1.0,0.0,0.0,0.0
3.83;0.0,0.0,-0.13845273852348328;1.0,0.0,0.0,0.0
3.84;0.0,0.0,-0.1390519142150879;1.0,0.0,0.0,0.0
3.85;0.0,0.0,-0.13965165615081787;1.0,0.0,0.0,0.0
3.86;0.0,0.0,-0.1402520090341568;1.0,0.0,0.0,0.0
3.87;0.0,0.0,-0.1408529132604599;1.0,0.0,0.0,0.0
3.88;0.0,0.0,-0.14145439863204956;1.0,0.0,0.0,0.0
3.89;0.0,0.0,-0.1420564502477646;1.0,0.0,0.0,0.0
3.9;0.0,0.0,-0.14265906810760498;1.0,0.0,0.0,0.0
3.91;0.0,0.0,-0.14326223731040955;1.0,0.0,0.0,0.0
3.92;0.0,0.0,-0.1438659429550171;1.0,0.0,0.0,0.0
3.93;0.0,0.0,-0.1444701999425888;1.0,0.0,0.0,0.0
3.94;0.0,0.0,-0.1450750082731247;1.0,0.0,0.0,0.0
3.95;0.0,0.0,-0.14568033814430237;1.0,0.0,0.0,0.0
3.96;0.0,0.0,-0.1462862193584442;1.0,0.0,0.0,0.0
3.97;0.0,0.0,-0.14689260721206665;1.0,0.0,0.0,0.0
3.98;0.0,0.0,-0.14749953150749207;1.0,0.0,0.0,0.0
3.99;0.0,0.0,-0.14810696244239807;1.0,0.0,0.0,0.0
4.0;0.0,0.0,-0.14871490001678467;1.0,0.0,0.0,0.0
4.01;0.0,0.0,-0.14932334423065186;1.0,0.0,0.0,0.0
4.02;0.0,0.0,-0.14993229508399963;1.0,0.0,0.0,0.0
4.03;0.0,0.0,-0.15054172277450562;1.0,0.0,0.0,0.0
4.04;0.0,0.0,-0.1511516571044922;1.0,0.0,0.0,0.0
4.05;0.0,0.0,-0.15176206827163696;1.0,0.0,0.0,0.0
4.06;0.0,0.0,-0.15237298607826233;1.0,0.0,0.0,0.0
4.07;0.0,0.0,-0.1529843509197235;1.0,0.0,0.0,0.0
4.08;0.0,0.0,-0.1535961925983429;1.0,0.0,0.0,0.0
4.09;0.0,0.0,-0.1542084813117981;1.0,0.0,0.0,0.0
4.1;0.0,0.0,-0.1548212617635727;1.0,0.0,0.0,0.0
4.11;0.0,0.0,-0.15543445944786072;1.0,0.0,0.0,0.0
4.12;0.0,0.0,-0.15604813396930695;1.0,0.0,0.0,0.0
4.13;0.0,0.0,-0.1566622406244278;1.0,0.0,0.0,0.0
4.14;0.0,0.0,-0.15727677941322327;1.0,0.0,0.0,0.0
4.15;0.0,0.0,-0.15789178013801575;1.0,0.0,0.0,0.0
4.16;0.0,0.0,-0.15850719809532166;1.0,0.0,0.0,0.0
4.17;0.0,0.0,-0.15912304818630219;1.0,0.0,0.0,0.0
4.18;0.0,0.0,-0.15973930060863495;1.0,0.0,0.0,0.0
4.19;0.0,0.0,-0.16035595536231995;1.0,0.0,0.0,0.0
4.2;0.0,0.0,-0.16097304224967957;1.0,0.0,0.0,0.0
4.21;0.0,0.0,-0.16159051656723022;1.0,0.0,0.0,0.0
4.22;0.0,0.0,-0.16220839321613312;1.0,0.0,0.0,0.0
4.23;0.0,0.0,-0.16282668709754944;1.0,0.0,0.0,0.0
4.24;0.0,0.0,-0.1634453535079956;1.0,0.0,0.0,0.0
4.25;0.0,0.0,-0.1640644073486328;1.0,0.0,0.0,0.0
4.26;0.0,0.0,-0.16468383371829987;1.0,0.0,0.0,0.0
4.27;0.0,0.0,-0.16530361771583557;1.0,0.0,0.0,0.0
4.28;0.0,0.0,-0.1659238040447235;1.0,0.0,0.0,0.0
4.29;0.0,0.0,-0.16654431819915771;1.0,0.0,0.0,0.0
4.3;0.0,0.0,-0.16716520488262177;1.0,0.0,0.0,0.0
4.31;0.0,0.0,-0.16778644919395447;1.0,0.0,0.0,0.0
4.32;0.0,0.0,-0.16840803623199463;1.0,0.0,0.0,0.0
4.33;0.0,0.0,-0.16902998089790344;1.0,0.0,0.0,0.0
4.34;0.0,0.0,-0.16965222358703613;1.0,0.0,0.0,0.0
4.35;0.0,0.0,-0.17027482390403748;1.0,0.0,0.0,0.0
4.36;0.0,0.0,-0.17089775204658508;1.0,0.0,0.0,0.0
4.37;0.0,0.0,-0.17152100801467896;1.0,0.0,0.0,0.0
4.38;0.0,0.0,-0.1721445769071579;1.0,0.0,0.0,0.0
4.39;0.0,0.0,-0.1727684587240219;1.0,0.0,0.0,0.0
4.4;0.0,0.0,-0.1733926385641098;1.0,0.0,0.0,0.0
4.41;0.0,0.0,-0.17401711642742157;1.0,0.0,0.0,0.0
4.42;0.0,0.0,-0.1746419072151184;1.0,0.0,0.0,0.0
4.43;0.0,0.0,-0.17526698112487793;1.0,0.0,0.0,0.0
4.44;0.0,0.0,-0.17589235305786133;1.0,0.0,0.0,0.0
4.45;0.0,0.0,-0.17651799321174622;1.0,0.0,0.0,0.0
4.46;0.0,0.0,-0.1771439164876938;1.0,0.0,0.0,0.0
4.47;0.0,0.0,-0.17777010798454285;1.0,0.0,0.0,0.0
4.48;0.0,0.0,-0.1783965826034546;1.0,0.0,0.0,0.0
4.49;0.0,0.0,-0.17902329564094543;1.0,0.0,0.0,0.0
4.5;0.0,0.0,-0.17965027689933777;1.0,0.0,0.0,0.0
4.51;0.0,0.0,-0.1802774965763092;1.0,0.0,0.0,0.0
4.52;0.0,0.0,-0.18090499937534332;1.0,0.0,0.0,0.0
4.53;0.0,0.0,-0.18153271079063416;1.0,0.0,0.0,0.0
4.54;0.0,0.0,-0.1821606457233429;1.0,0.0,0.0,0.0
4.55;0.0,0.0,-0.18278884887695312;1.0,0.0,0.0,0.0
4.56;0.0,0.0,-0.18341724574565887;1.0,0.0,0.0,0.0
4.57;0.0,0.0,-0.18404588103294373;1.0,0.0,0.0,0.0
4.58;0.0,0.0,-0.1846747249364853;1.0,0.0,0.0,0.0
4.59;0.0,0.0,-0.18530377745628357;1.0,0.0,0.0,0.0
4.6;0.0,0.0,-0.18593303859233856;1.0,0.0,0.0,0.0
4.61;0.0,0.0,-0.18656250834465027;1.0,0.0,0.0,0.0
4.62;0.0,0.0,-0.1871921718120575;1.0,0.0,0.0,0.0
4.63;0.0,0.0,-0.18782201409339905;1.0,0.0,0.0,0.0
4.64;0.0,0.0,-0.18845206499099731;1.0,0.0,0.0,0.0
4.65;0.0,0.0,-0.18908226490020752;1.0,0.0,0.0,0.0
4.66;0.0,0.0,-0.18971265852451324;1.0,0.0,0.0,0.0
4.67;0.0,0.0,-0.1903432309627533;1.0,0.0,0.0,0.0
4.68;0.0,0.0,-0.19097395241260529;1.0,0.0,0.0,0.0
4.69;0.0,0.0,-0.1916048377752304;1.0,0.0,0.0,0.0
4.7;0.0,0.0,-0.19223587214946747;1.0,0.0,0.0,0.0
4.71;0.0,0.0,-0.19286707043647766;1.0,0.0,0.0,0.0
4.72;0.0,0.0,-0.1934983879327774;1.0,0.0,0.0,0.0
4.73;0.0,0.0,-0.19412988424301147;1.0,0.0,0.0,0.0
4.74;0.0,0.0,-0.1947614848613739;1.0,0.0,0.0,0.0
4.75;0.0,0.0,-0.19539323449134827;1.0,0.0,0.0,0.0
4.76;0.0,0.0,-0.19602510333061218;1.0,0.0,0.0,0.0
4.77;0.0,0.0,-0.19665709137916565;1.0,0.0,0.0,0.0
4.78;0.0,0.0,-0.19728916883468628;1.0,0.0,0.0,0.0
4.79;0.0,0.0,-0.19792136549949646;1.0,0.0,0.0,0.0
4.8;0.0,0.0,-0.1985536813735962;1.0,0.0,0.0,0.0
4.81;0.0,0.0,-0.19918608665466309;1.0,0.0,0.0,0.0
4.82;0.0,0.0,-0.19981858134269714;1.0,0.0,0.0,0.0
4.83;0.0,0.0,-0.20045119524002075;1.0,0.0,0.0,0.0
4.84;0.0,0.0,-0.20108386874198914;1.0,0.0,0.0,0.0
4.85;0.0,0.0,-0.2017166018486023;1.0,0.0,0.0,0.0
4.86;0.0,0.0,-0.202349454164505;1.0,0.0,0.0,0.0
4.87;0.0,0.0,-0.2029823362827301;1.0,0.0,0.0,0.0
4.88;0.0,0.0,-0.20361530780792236;1.0,0.0,0.0,0.0
4.89;0.0,0.0,-0.2042483240365982;1.0,0.0,0.0,0.0
4.9;0.0,0.0,-0.20488139986991882;1.0,0.0,0.0,0.0
4.91;0.0,0.0,-0.20551449060440063;1.0,0.0,0.0,0.0
4.92;0.0,0.0,-0.20614765584468842;1.0,0.0,0.0,0.0
4.93;0.0,0.0,-0.20678085088729858;1.0,0.0,0.0,0.0
4.94;0.0,0.0,-0.20741412043571472;1.0,0.0,0.0,0.0
4.95;0.0,0.0,-0.20804736018180847;1.0,0.0,0.0,0.0
4.96;0.0,0.0,-0.2086806297302246;1.0,0.0,0.0,0.0
4.97;0.0,0.0,-0.20931392908096313;1.0,0.0,0.0,0.0
4.98;0.0,0.0,-0.20994725823402405;1.0,0.0,0.0,0.0
4.99;0.0,0.0,-0.21058058738708496;1.0,0.0,0.0,0.0
5.0;0.0,0.0,-0.2112138867378235;1.0,0.0,0.0,0.0
5.01;0.0,0.0,-0.2118472456932068;1.0,0.0,0.0,0.0
5.02;0.0,0.0,-0.2124805450439453;1.0,0.0,0.0,0.0
5.03;0.0,0.0,-0.21311384439468384;1.0,0.0,0.0,0.0
5.04;0.0,0.0,-0.21374711394309998;1.0,0.0,0.0,0.0
5.05;0.0,0.0,-0.2143803834915161;1.0,0.0,0.0,0.0
5.06;0.0,0.0,-0.21501362323760986;1.0,0.0,0.0,0.0
5.07;0.0,0.0,-0.21564683318138123;1.0,0.0,0.0,0.0
5.08;0.0,0.0,-0.2162799835205078;1.0,0.0,0.0,0.0
5.09;0.0,0.0,-0.21691308915615082;1.0,0.0,0.0,0.0
5.1;0.0,0.0,-0.21754619479179382;1.0,0.0,0.0,0.0
5.11;0.0,0.0,-0.21817916631698608;1.0,0.0,0.0,0.0
5.12;0.0,0.0,-0.21881213784217834;1.0,0.0,0.0,0.0
5.13;0.0,0.0,-0.21944504976272583;1.0,0.0,0.0,0.0
5.14;0.0,0.0,-0.22007788717746735;1.0,0.0,0.0,0.0
5.15;0.0,0.0,-0.2207106351852417;1.0,0.0,0.0,0.0
5.16;0.0,0.0,-0.2213432788848877;1.0,0.0,0.0,0.0
5.17;0.0,0.0,-0.2219758927822113;1.0,0.0,0.0,0.0
5.18;0.0,0.0,-0.22260838747024536;1.0,0.0,0.0,0.0
5.19;0.0,0.0,-0.22324082255363464;1.0,0.0,0.0,0.0
5.2;0.0,0.0,-0.2238730788230896;1.0,0.0,0.0,0.0
5.21;0.0,0.0,-0.22450532019138336;1.0,0.0,0.0,0.0
5.22;0.0,0.0,-0.225137397646904;1.0,0.0,0.0,0.0
5.23;0.0,0.0,-0.22576941549777985;1.0,0.0,0.0,0.0
5.24;0.0,0.0,-0.22640123963356018;1.0,0.0,0.0,0.0
5.25;0.0,0.0,-0.22703297436237335;1.0,0.0,0.0,0.0
5.26;0.0,0.0,-0.22766461968421936;1.0,0.0,0.0,0.0
5.27;0.0,0.0,-0.22829604148864746;1.0,0.0,0.0,0.0
5.28;0.0,0.0,-0.22892741858959198;1.0,0.0,0.0,0.0
5.29;0.0,0.0,-0.22955860197544098;1.0,0.0,0.0,0.0
5.3;0.0,0.0,-0.23018962144851685;1.0,0.0,0.0,0.0
5.31;0.0,0.0,-0.23082052171230316;1.0,0.0,0.0,0.0
5.32;0.0,0.0,-0.23145125806331635;1.0,0.0,0.0,0.0
5.33;0.0,0.0,-0.232081800699234;1.0,0.0,0.0,0.0
5.34;0.0,0.0,-0.23271220922470093;1.0,0.0,0.0,0.0
5.35;0.0,0.0,-0.23334240913391113;1.0,0.0,0.0,0.0
5.36;0.0,0.0,-0.233972430229187;1.0,0.0,0.0,0.0
5.37;0.0,0.0,-0.23460228741168976;1.0,0.0,0.0,0.0
5.38;0.0,0.0,-0.23523196578025818;1.0,0.0,0.0,0.0
5.39;0.0,0.0,-0.2358614206314087;1.0,0.0,0.0,0.0
5.4;0.0,0.0,-0.23649068176746368;1.0,0.0,0.0,0.0
5.41;0.0,0.0,-0.23711974918842316;1.0,0.0,0.0,0.0
5.42;0.0,0.0,-0.23774859309196472;1.0,0.0,0.0,0.0
5.43;0.0,0.0,-0.23837722837924957;1.0,0.0,0.0,0.0
5.44;0.0,0.0,-0.23900564014911652;1.0,0.0,0.0,0.0
5.45;0.0,0.0,-0.23963379859924316;1.0,0.0,0.0,0.0
5.46;0.0,0.0,-0.2402617633342743;1.0,0.0,0.0,0.0
5.47;0.0,0.0,-0.24088947474956512;1.0,0.0,0.0,0.0
5.48;0.0,0.0,-0.24151696264743805;1.0,0.0,0.0,0.0
5.49;0.0,0.0,-0.24214418232440948;1.0,0.0,0.0,0.0
5.5;0.0,0.0,-0.2427712082862854;1.0,0.0,0.0,0.0
5.51;0.0,0.0,-0.24339792132377625;1.0,0.0,0.0,0.0
5.52;0.0,0.0,-0.244024395942688;1.0,0.0,0.0,0.0
5.53;0.0,0.0,-0.24465057253837585;1.0,0.0,0.0,0.0
5.54;0.0,0.0,-0.24527651071548462;1.0,0.0,0.0,0.0
5.55;0.0,0.0,-0.2459021657705307;1.0,0.0,0.0,0.0
5.56;0.0,0.0,-0.2465275228023529;1.0,0.0,0.0,0.0
5.57;0.0,0.0,-0.24715259671211243;1.0,0.0,0.0,0.0
5.58;0.0,0.0,-0.24777740240097046;1.0,0.0,0.0,0.0
5.59;0.0,0.0,-0.24840186536312103;1.0,0.0,0.0,0.0
5.6;0.0,0.0,-0.2490260750055313;1.0,0.0,0.0,0.0
5.61;0.0,0.0,-0.24964995682239532;1.0,0.0,0.0,0.0
5.62;0.0,0.0,-0.25027352571487427;1.0,0.0,0.0,0.0
5.63;0.0,0.0,-0.25089675188064575;1.0,0.0,0.0,0.0
5.64;0.0,0.0,-0.25151968002319336;1.0,0.0,0.0,0.0
5.65;0.0,0.0,-0.2521422505378723;1.0,0.0,0.0,0.0
5.66;0.0,0.0,-0.2527645528316498;1.0,0.0,0.0,0.0
5.67;0.0,0.0,-0.2533864676952362;1.0,0.0,0.0,0.0
5.68;0.0,0.0,-0.25400805473327637;1.0,0.0,0.0,0.0
5.69;0.0,0.0,-0.25462931394577026;1.0,0.0,0.0,0.0
5.7;0.0,0.0,-0.2552501857280731;1.0,0.0,0.0,0.0
5.71;0.0,0.0,-0.2558706998825073;1.0,0.0,0.0,0.0
5.72;0.0,0.0,-0.25649088621139526;1.0,0.0,0.0,0.0
5.73;0.0,0.0,-0.25711068511009216;1.0,0.0,0.0,0.0
5.74;0.0,0.0,-0.2577301263809204;1.0,0.0,0.0,0.0
5.75;0.0,0.0,-0.25834915041923523;1.0,0.0,0.0,0.0
5.76;0.0,0.0,-0.2589678168296814;1.0,0.0,0.0,0.0
5.77;0.0,0.0,-0.2595860958099365;1.0,0.0,0.0,0.0
5.78;0.0,0.0,-0.2602039575576782;1.0,0.0,0.0,0.0
5.79;0.0,0.0,-0.26082146167755127;1.0,0.0,0.0,0.0
5.8;0.0,0.0,-0.2614385187625885;1.0,0.0,0.0,0.0
5.81;0.0,0.0,-0.2620551586151123;1.0,0.0,0.0,0.0
5.82;0.0,0.0,-0.26267141103744507;1.0,0.0,0.0,0.0
5.83;0.0,0.0,-0.2632873058319092;1.0,0.0,0.0,0.0
5.84;0.0,0.0,-0.2639027237892151;1.0,0.0,0.0,0.0
5.85;0.0,0.0,-0.26451772451400757;1.0,0.0,0.0,0.0
5.86;0.0,0.0,-0.26513224840164185;1.0,0.0,0.0,0.0
5.87;0.0,0.0,-0.2657463550567627;1.0,0.0,0.0,0.0
5.88;0.0,0.0,-0.26636001467704773;1.0,0.0,0.0,0.0
5.89;0.0,0.0,-0.26697322726249695;1.0,0.0,0.0,0.0
5.9;0.0,0.0,-0.26758599281311035;1.0,0.0,0.0,0.0
5.91;0.0,0.0,-0.26819831132888794;1.0,0.0,0.0,0.0
5.92;0.0,0.0,-0.2688101530075073;1.0,0.0,0.0,0.0
5.93;0.0,0.0,-0.2694215178489685;1.0,0.0,0.0,0.0
5.94;0.0,0.0,-0.27003243565559387;1.0,0.0,0.0,0.0
5.95;0.0,0.0,-0.27064284682273865;1.0,0.0,0.0,0.0
5.96;0.0,0.0,-0.27125275135040283;1.0,0.0,0.0,0.0
5.97;0.0,0.0,-0.2718622088432312;1.0,0.0,0.0,0.0
5.98;0.0,0.0,-0.272471159696579;1.0,0.0,0.0,0.0
5.99;0.0,0.0,-0.27307960391044617;1.0,0.0,0.0,0.0
6.0;0.0,0.0,-0.27368754148483276;1.0,0.0,0.0,0.0
6.01;0.0,0.0,-0.27429497241973877;1.0,0.0,0.0,0.0
6.02;0.0,0.0,-0.2749018669128418;1.0,0.0,0.0,0.0
6.03;0.0,0.0,-0.2755082845687866;1.0,0.0,0.0,0.0
6.04;0.0,0.0,-0.27611416578292847;1.0,0.0,0.0,0.0
6.05;0.0,0.0,-0.27671948075294495;1.0,0.0,0.0,0.0
6.06;0.0,0.0,-0.27732425928115845;1.0,0.0,0.0,0.0
6.07;0.0,0.0,-0.27792853116989136;1.0,0.0,0.0,0.0
6.08;0.0,0.0,-0.2785322368144989;1.0,0.0,0.0,0.0
6.09;0.0,0.0,-0.27913540601730347;1.0,0.0,0.0,0.0
6.1;0.0,0.0,-0.27973803877830505;1.0,0.0,0.0,0.0
6.11;0.0,0.0,-0.2803401052951813;1.0,0.0,0.0,0.0
6.12;0.0,0.0,-0.28094160556793213;1.0,0.0,0.0,0.0
6.13;0.0,0.0,-0.28154247999191284;1.0,0.0,0.0,0.0
6.14;0.0,0.0,-0.2821428179740906;1.0,0.0,0.0,0.0
6.15;0.0,0.0,-0.28274255990982056;1.0,0.0,0.0,0.0
6.16;0.0,0.0,-0.28334173560142517;1.0,0.0,0.0,0.0
6.17;0.0,0.0,-0.28394031524658203;1.0,0.0,0.0,0.0
6.18;0.0,0.0,-0.28453829884529114;1.0,0.0,0.0,0.0
6.19;0.0,0.0,-0.2851356863975525;1.0,0.0,0.0,0.0
6.2;0.0,0.0,-0.2857324481010437;1.0,0.0,0.0,0.0
6.21;0.0,0.0,-0.28632861375808716;1.0,0.0,0.0,0.0
6.22;0.0,0.0,-0.2869241535663605;1.0,0.0,0.0,0.0
6.23;0.0,0.0,-0.28751909732818604;1.0,0.0,0.0,0.0
6.24;0.0,0.0,-0.2881133556365967;1.0,0.0,0.0,0.0
6.25;0.0,0.0,-0.28870701789855957;1.0,0.0,0.0,0.0
6.26;0.0,0.0,-0.2893000841140747;1.0,0.0,0.0,0.0
6.27;0.0,0.0,-0.28989243507385254;1.0,0.0,0.0,0.0
6.28;0.0,0.0,-0.29048416018486023;1.0,0.0,0.0,0.0
6.29;0.0,0.0,-0.2910752296447754;1.0,0.0,0.0,0.0
6.3;0.0,0.0,-0.2916657030582428;1.0,0.0,0.0,0.0
6.31;0.0,0.0,-0.2922554612159729;1.0,0.0,0.0,0.0
6.32;0.0,0.0,-0.2928445339202881;1.0,0.0,0.0,0.0
6.33;0.0,0.0,-0.29343295097351074;1.0,0.0,0.0,0.0
6.34;0.0,0.0,-0.29402071237564087;1.0,0.0,0.0,0.0
6.35;0.0,0.0,-0.2946077585220337;1.0,0.0,0.0,0.0
6.36;0.0,0.0,-0.295194149017334;1.0,0.0,0.0,0.0
6.37;0.0,0.0,-0.295779824256897;1.0,0.0,0.0,0.0
6.38;0.0,0.0,-0.29636484384536743;1.0,0.0,0.0,0.0
6.39;0.0,0.0,-0.2969491183757782;1.0,0.0,0.0,0.0
6.4;0.0,0.0,-0.29753267765045166;1.0,0.0,0.0,0.0
6.41;0.0,0.0,-0.2981155514717102;1.0,0.0,0.0,0.0
6.42;0.0,0.0,-0.29869765043258667;1.0,0.0,0.0,0.0
6.43;0.0,0.0,-0.2992790937423706;1.0,0.0,0.0,0.0
6.44;0.0,0.0,-0.2998597323894501;1.0,0.0,0.0,0.0
6.45;0.0,0.0,-0.300439715385437;1.0,0.0,0.0,0.0
6.46;0.0,0.0,-0.30101898312568665;1.0,0.0,0.0,0.0
6.47;0.0,0.0,-0.3015974760055542;1.0,0.0,0.0,0.0
6.48;0.0,0.0,-0.3021751642227173;1.0,0.0,0.0,0.0
6.49;0.0,0.0,-0.30275213718414307;1.0,0.0,0.0,0.0
6.5;0.0,0.0,-0.30332836508750916;1.0,0.0,0.0,0.0
6.51;0.0,0.0,-0.30390381813049316;1.0,0.0,0.0,0.0
6.52;0.0,0.0,-0.3044785261154175;1.0,0.0,0.0,0.0
6.53;0.0,0.0,-0.30505239963531494;1.0,0.0,0.0,0.0
6.54;0.0,0.0,-0.3056254982948303;1.0,0.0,0.0,0.0
6.55;0.0,0.0,-0.3061978220939636;1.0,0.0,0.0,0.0
6.56;0.0,0.0,-0.30676937103271484;1.0,0.0,0.0,0.0
6.57;0.0,0.0,-0.307340145111084;1.0,0.0,0.0,0.0
6.58;0.0,0.0,-0.30791014432907104;1.0,0.0,0.0,0.0
6.59;0.0,0.0,-0.30847927927970886;1.0,0.0,0.0,0.0
6.6;0.0,0.0,-0.3090476393699646;1.0,0.0,0.0,0.0
6.61;0.0,0.0,-0.3096151351928711;1.0,0.0,0.0,0.0
6.62;0.0,0.0,-0.3101818263530731;1.0,0.0,0.0,0.0
6.63;0.0,0.0,-0.3107476830482483;1.0,0.0,0.0,0.0
6.64;0.0,0.0,-0.31131279468536377;1.0,0.0,0.0,0.0
6.65;0.0,0.0,-0.31187695264816284;1.0,0.0,0.0,0.0
6.66;0.0,0.0,-0.3124403953552246;1.0,0.0,0.0,0.0
6.67;0.0,0.0,-0.31300288438796997;1.0,0.0,0.0,0.0
6.68;0.0,0.0,-0.31356459856033325;1.0,0.0,0.0,0.0
6.69;0.0,0.0,-0.3141253888607025;1.0,0.0,0.0,0.0
6.7;0.0,0.0,-0.3146853744983673;1.0,0.0,0.0,0.0
6.71;0.0,0.0,-0.31524449586868286;1.0,0.0,0.0,0.0
6.72;0.0,0.0,-0.3158026933670044;1.0,0.0,0.0,0.0
6.73;0.0,0.0,-0.3163600564002991;1.0,0.0,0.0,0.0
6.74;0.0,0.0,-0.3169165253639221;1.0,0.0,0.0,0.0
6.75;0.0,0.0,-0.3174721300601959;1.0,0.0,0.0,0.0
6.76;0.0,0.0,-0.3180268406867981;1.0,0.0,0.0,0.0
6.77;0.0,0.0,-0.31858062744140625;1.0,0.0,0.0,0.0
6.78;0.0,0.0,-0.3191334903240204;1.0,0.0,0.0,0.0
6.79;0.0,0.0,-0.31968551874160767;1.0,0.0,0.0,0.0
6.8;0.0,0.0,-0.3202366232872009;1.0,0.0,0.0,0.0
6.81;0.0,0.0,-0.3207867741584778;1.0,0.0,0.0,0.0
6.82;0.0,0.0,-0.3213360011577606;1.0,0.0,0.0,0.0
6.83;0.0,0.0,-0.32188430428504944;1.0,0.0,0.0,0.0
6.84;0.0,0.0,-0.32243168354034424;1.0,0.0,0.0,0.0
6.85;0.0,0.0,-0.3229781687259674;1.0,0.0,0.0,0.0
6.86;0.0,0.0,-0.3235236704349518;1.0,0.0,0.0,0.0
6.87;0.0,0.0,-0.32406824827194214;1.0,0.0,0.0,0.0
6.88;0.0,0.0,-0.3246118426322937;1.0,0.0,0.0,0.0
6.89;0.0,0.0,-0.32515451312065125;1.0,0.0,0.0,0.0
6.9;0.0,0.0,-0.32569620013237;1.0,0.0,0.0,0.0
6.91;0.0,0.0,-0.3262368440628052;1.0,0.0,0.0,0.0
6.92;0.0,0.0,-0.3267766535282135;1.0,0.0,0.0,0.0
6.93;0.0,0.0,-0.32731541991233826;1.0,0.0,0.0,0.0
6.94;0.0,0.0,-0.3278532028198242;1.0,0.0,0.0,0.0
6.95;0.0,0.0,-0.328389972448349;1.0,0.0,0.0,0.0
6.96;0.0,0.0,-0.3289257884025574;1.0,0.0,0.0,0.0
6.97;0.0,0.0,-0.32946065068244934;1.0,0.0,0.0,0.0
6.98;0.0,0.0,-0.32999441027641296;1.0,0.0,0.0,0.0
6.99;0.0,0.0,-0.33052727580070496;1.0,0.0,0.0,0.0
7.0;0.0,0.0,-0.3310590088367462;1.0,0.0,0.0,0.0
7.01;0.0,0.0,-0.3315897583961487;1.0,0.0,0.0,0.0
7.02;0.0,0.0,-0.33211955428123474;1.0,0.0,0.0,0.0
7.03;0.0,0.0,-0.33264827728271484;1.0,0.0,0.0,0.0
7.04;0.0,0.0,-0.333175927400589;1.0,0.0,0.0,0.0
7.05;0.0,0.0,-0.33370262384414673;1.0,0.0,0.0,0.0
7.06;0.0,0.0,-0.3342282176017761;1.0,0.0,0.0,0.0
7.07;0.0,0.0,-0.33475276827812195;1.0,0.0,0.0,0.0
7.08;0.0,0.0,-0.3352762460708618;1.0,0.0,0.0,0.0
7.09;0.0,0.0,-0.3357987403869629;1.0,0.0,0.0,0.0
7.1;0.0,0.0,-0.3363201320171356;1.0,0.0,0.0,0.0
7.11;0.0,0.0,-0.33684042096138;1.0,0.0,0.0,0.0
7.12;0.0,0.0,-0.3373596966266632;1.0,0.0,0.0,0.0
7.13;0.0,0.0,-0.3378778398036957;1.0,0.0,0.0,0.0
7.14;0.0,0.0,-0.3383948802947998;1.0,0.0,0.0,0.0
7.15;0.0,0.0,-0.33891087770462036;1.0,0.0,0.0,0.0
7.16;0.0,0.0,-0.3394257426261902;1.0,0.0,0.0,0.0
7.17;0.0,0.0,-0.33993959426879883;1.0,0.0,0.0,0.0
7.18;0.0,0.0,-0.3404522240161896;1.0,0.0,0.0,0.0
7.19;0.0,0.0,-0.34096381068229675;1.0,0.0,0.0,0.0
7.2;0.0,0.0,-0.3414742946624756;1.0,0.0,0.0,0.0
7.21;0.0,0.0,-0.3419836461544037;1.0,0.0,0.0,0.0
7.22;0.0,0.0,-0.34249189496040344;1.0,0.0,0.0,0.0
7.23;0.0,0.0,-0.3429989516735077;1.0,0.0,0.0,0.0
7.24;0.0,0.0,-0.343504935503006;1.0,0.0,0.0,0.0
7.25;0.0,0.0,-0.34400972723960876;1.0,0.0,0.0,0.0
7.26;0.0,0.0,-0.344513475894928;1.0,0.0,0.0,0.0
7.27;0.0,0.0,-0.3450159728527069;1.0,0.0,0.0,0.0
7.28;0.0,0.0,-0.3455173373222351;1.0,0.0,0.0,0.0
7.29;0.0,0.0,-0.3460175096988678;1.0,0.0,0.0,0.0
7.3;0.0,0.0,-0.34651654958724976;1.0,0.0,0.0,0.0
7.31;0.0,0.0,-0.3470144271850586;1.0,0.0,0.0,0.0
7.32;0.0,0.0,-0.3475111424922943;1.0,0.0,0.0,0.0
7.33;0.0,0.0,-0.3480066657066345;1.0,0.0,0.0,0.0
7.34;0.0,0.0,-0.3485009968280792;1.0,0.0,0.0,0.0
7.35;0.0,0.0,-0.34899410605430603;1.0,0.0,0.0,0.0
7.36;0.0,0.0,-0.3494860827922821;1.0,0.0,0.0,0.0
7.37;0.0,0.0,-0.3499768078327179;1.0,0.0,0.0,0.0
7.38;0.0,0.0,-0.35046640038490295;1.0,0.0,0.0,0.0
7.39;0.0,0.0,-0.35095471143722534;1.0,0.0,0.0,0.0
7.4;0.0,0.0,-0.3514418601989746;1.0,0.0,0.0,0.0
7.41;0.0,0.0,-0.3519277274608612;1.0,0.0,0.0,0.0
7.42;0.0,0.0,-0.3524124026298523;1.0,0.0,0.0,0.0
7.43;0.0,0.0,-0.3528958261013031;1.0,0.0,0.0,0.0
7.44;0.0,0.0,-0.353378027677536;1.0,0.0,0.0,0.0
7.45;0.0,0.0,-0.35385897755622864;1.0,0.0,0.0,0.0
7.46;0.0,0.0,-0.35433870553970337;1.0,0.0,0.0,0.0
7.47;0.0,0.0,-0.35481715202331543;1.0,0.0,0.0,0.0
7.48;0.0,0.0,-0.3552943766117096;1.0,0.0,0.0,0.0
7.49;0.0,0.0,-0.3557703197002411;1.0,0.0,0.0,0.0
7.5;0.0,0.0,-0.3562449812889099;1.0,0.0,0.0,0.0
7.51;0.0,0.0,-0.35671842098236084;1.0,0.0,0.0,0.0
7.52;0.0,0.0,-0.3571905195713043;1.0,0.0,0.0,0.0
7.53;0.0,0.0,-0.35766133666038513;1.0,0.0,0.0,0.0
7.54;0.0,0.0,-0.35813096165657043;1.0,0.0,0.0,0.0
7.55;0.0,0.0,-0.3585992157459259;1.0,0.0,0.0,0.0
7.56;0.0,0.0,-0.3590661883354187;1.0,0.0,0.0,0.0
7.57;0.0,0.0,-0.35953184962272644;1.0,0.0,0.0,0.0
7.58;0.0,0.0,-0.3599961996078491;1.0,0.0,0.0,0.0
7.59;0.0,0.0,-0.36045920848846436;1.0,0.0,0.0,0.0
7.6;0.0,0.0,-0.3609209954738617;1.0,0.0,0.0,0.0
7.61;0.0,0.0,-0.3613813817501068;1.0,0.0,0.0,0.0
7.62;0.0,0.0,-0.36184051632881165;1.0,0.0,0.0,0.0
7.63;0.0,0.0,-0.3622981905937195;1.0,0.0,0.0,0.0
7.64;0.0,0.0,-0.36275458335876465;1.0,0.0,0.0,0.0
7.65;0.0,0.0,-0.36320969462394714;1.0,0.0,0.0,0.0
7.66;0.0,0.0,-0.3636634051799774;1.0,0.0,0.0,0.0
7.67;0.0,0.0,-0.36411574482917786;1.0,0.0,0.0,0.0
7.68;0.0,0.0,-0.36456677317619324;1.0,0.0,0.0,0.0
7.69;0.0,0.0,-0.3650164008140564;1.0,0.0,0.0,0.0
7.7;0.0,0.0,-0.3654646873474121;1.0,0.0,0.0,0.0
7.71;0.0,0.0,-0.365911602973938;1.0,0.0,0.0,0.0
7.72;0.0,0.0,-0.36635714769363403;1.0,0.0,0.0,0.0
7.73;0.0,0.0,-0.36680129170417786;1.0,0.0,0.0,0.0
7.74;0.0,0.0,-0.36724400520324707;1.0,0.0,0.0,0.0
7.75;0.0,0.0,-0.3676854074001312;1.0,0.0,0.0,0.0
7.76;0.0,0.0,-0.368125319480896;1.0,0.0,0.0,0.0
7.77;0.0,0.0,-0.3685638904571533;1.0,0.0,0.0,0.0
7.78;0.0,0.0,-0.3690010607242584;1.0,0.0,0.0,0.0
7.79;0.0,0.0,-0.3694368302822113;1.0,0.0,0.0,0.0
7.8;0.0,0.0,-0.3698711395263672;1.0,0.0,0.0,0.0
7.81;0.0,0.0,-0.37030401825904846;1.0,0.0,0.0,0.0
7.82;0.0,0.0,-0.3707354962825775;1.0,0.0,0.0,0.0
7.83;0.0,0.0,-0.37116551399230957;1.0,0.0,0.0,0.0
7.84;0.0,0.0,-0.371594101190567;1.0,0.0,0.0,0.0
7.85;0.0,0.0,-0.3720211982727051;1.0,0.0,0.0,0.0
7.86;0.0,0.0,-0.3724469244480133;1.0,0.0,0.0,0.0
7.87;0.0,0.0,-0.37287116050720215;1.0,0.0,0.0,0.0
7.88;0.0,0.0,-0.373293936252594;1.0,0.0,0.0,0.0
7.89;0.0,0.0,-0.37371528148651123;1.0,0.0,0.0,0.0
7.9;0.0,0.0,-0.3741350769996643;1.0,0.0,0.0,0.0
7.91;0.0,0.0,-0.3745534420013428;1.0,0.0,0.0,0.0
7.92;0.0,0.0,-0.374970406293869;1.0,0.0,0.0,0.0
7.93;0.0,0.0,-0.37538576126098633;1.0,0.0,0.0,0.0
7.94;0.0,0.0,-0.3757997155189514;1.0,0.0,0.0,0.0
7.95;0.0,0.0,-0.37621212005615234;1.0,0.0,0.0,0.0
7.96;0.0,0.0,-0.3766230344772339;1.0,0.0,0.0,0.0
7.97;0.0,0.0,-0.37703248858451843;1.0,0.0,0.0,0.0
7.98;0.0,0.0,-0.3774403929710388;1.0,0.0,0.0,0.0
7.99;0.0,0.0,-0.37784674763679504;1.0,0.0,0.0,0.0
8.0;0.0,0.0,-0.3782516121864319;1.0,0.0,0.0,0.0
8.01;0.0,0.0,-0.37865498661994934;1.0,0.0,0.0,0.0
8.02;0.0,0.0,-0.37905675172805786;1.0,0.0,0.0,0.0
8.03;0.0,0.0,-0.3794570863246918;1.0,0.0,0.0,0.0
8.04;0.0,0.0,-0.37985581159591675;1.0,0.0,0.0,0.0
8.05;0.0,0.0,-0.38025298714637756;1.0,0.0,0.0,0.0
8.06;0.0,0.0,-0.3806486129760742;1.0,0.0,0.0,0.0
8.07;0.0,0.0,-0.3810427188873291;1.0,0.0,0.0,0.0
8.08;0.0,0.0,-0.38143524527549744;1.0,0.0,0.0,0.0
8.09;0.0,0.0,-0.3818262219429016;1.0,0.0,0.0,0.0
8.1;0.0,0.0,-0.38221555948257446;1.0,0.0,0.0,0.0
8.11;0.0,0.0,-0.38260340690612793;1.0,0.0,0.0,0.0
8.12;0.0,0.0,-0.38298964500427246;1.0,0.0,0.0,0.0
8.13;0.0,0.0,-0.38337424397468567;1.0,0.0,0.0,0.0
8.14;0.0,0.0,-0.3837573528289795;1.0,0.0,0.0,0.0
8.15;0.0,0.0,-0.38413873314857483;1.0,0.0,0.0,0.0
8.16;0.0,0.0,-0.38451865315437317;1.0,0.0,0.0,0.0
8.17;0.0,0.0,-0.3848968744277954;1.0,0.0,0.0,0.0
8.18;0.0,0.0,-0.3852735161781311;1.0,0.0,0.0,0.0
8.19;0.0,0.0,-0.38564857840538025;1.0,0.0,0.0,0.0
8.2;0.0,0.0,-0.3860219419002533;1.0,0.0,0.0,0.0
8.21;0.0,0.0,-0.3863937556743622;1.0,0.0,0.0,0.0
8.22;0.0,0.0,-0.3867638111114502;1.0,0.0,0.0,0.0
8.23;0.0,0.0,-0.38713228702545166;1.0,0.0,0.0,0.0
8.24;0.0,0.0,-0.3874991834163666;1.0,0.0,0.0,0.0
8.25;0.0,0.0,-0.38786444067955017;1.0,0.0,0.0,0.0
8.26;0.0,0.0,-0.3882279396057129;1.0,0.0,0.0,0.0
8.27;0.0,0.0,-0.38858985900878906;1.0,0.0,0.0,0.0
8.28;0.0,0.0,-0.38895004987716675;1.0,0.0,0.0,0.0
8.29;0.0,0.0,-0.3893086910247803;1.0,0.0,0.0,0.0
8.3;0.0,0.0,-0.38966554403305054;1.0,0.0,0.0,0.0
8.31;0.0,0.0,-0.39002078771591187;1.0,0.0,0.0,0.0
8.32;0.0,0.0,-0.3903743326663971;1.0,0.0,0.0,0.0
8.33;0.0,0.0,-0.39072614908218384;1.0,0.0,0.0,0.0
8.34;0.0,0.0,-0.39107635617256165;1.0,0.0,0.0,0.0
8.35;0.0,0.0,-0.3914247751235962;1.0,0.0,0.0,0.0
8.36;0.0,0.0,-0.3917715549468994;1.0,0.0,0.0,0.0
8.37;0.0,0.0,-0.3921165466308594;1.0,0.0,0.0,0.0
8.38;0.0,0.0,-0.392459899187088;1.0,0.0,0.0,0.0
8.39;0.0,0.0,-0.39280152320861816;1.0,0.0,0.0,0.0
8.4;0.0,0.0,-0.39314138889312744;1.0,0.0,0.0,0.0
8.41;0.0,0.0,-0.39347952604293823;1.0,0.0,0.0,0.0
8.42;0.0,0.0,-0.3938159942626953;1.0,0.0,0.0,0.0
8.43;0.0,0.0,-0.39415061473846436;1.0,0.0,0.0,0.0
8.44;0.0,0.0,-0.3944835662841797;1.0,0.0,0.0,0.0
8.45;0.0,0.0,-0.3948148488998413;1.0,0.0,0.0,0.0
8.46;0.0,0.0,-0.3951442241668701;1.0,0.0,0.0,0.0
8.47;0.0,0.0,-0.3954719305038452;1.0,0.0,0.0,0.0
8.48;0.0,0.0,-0.3957979083061218;1.0,0.0,0.0,0.0
8.49;0.0,0.0,-0.3961220383644104;1.0,0.0,0.0,0.0
8.5;0.0,0.0,-0.3964443802833557;1.0,0.0,0.0,0.0
8.51;0.0,0.0,-0.39676499366760254;1.0,0.0,0.0,0.0
8.52;0.0,0.0,-0.3970838189125061;1.0,0.0,0.0,0.0
8.53;0.0,0.0,-0.39740073680877686;1.0,0.0,0.0,0.0
8.54;0.0,0.0,-0.3977159857749939;1.0,0.0,0.0,0.0
8.55;0.0,0.0,-0.3980294466018677;1.0,0.0,0.0,0.0
8.56;0.0,0.0,-0.3983411192893982;1.0,0.0,0.0,0.0
8.57;0.0,0.0,-0.3986508846282959;1.0,0.0,0.0,0.0
8.58;0.0,0.0,-0.39895886182785034;1.0,0.0,0.0,0.0
8.59;0.0,0.0,-0.3992650508880615;1.0,0.0,0.0,0.0
8.6;0.0,0.0,-0.39956939220428467;1.0,0.0,0.0,0.0
8.61;0.0,0.0,-0.39987194538116455;1.0,0.0,0.0,0.0
8.62;0.0,0.0,-0.4001725912094116;1.0,0.0,0.0,0.0
8.63;0.0,0.0,-0.4004715085029602;1.0,0.0,0.0,0.0
8.64;0.0,0.0,-0.4007684588432312;1.0,0.0,0.0,0.0
8.65;0.0,0.0,-0.40106362104415894;1.0,0.0,0.0,0.0
8.66;0.0,0.0,-0.40135693550109863;1.0,0.0,0.0,0.0
8.67;0.0,0.0,-0.4016483426094055;1.0,0.0,0.0,0.0
8.68;0.0,0.0,-0.40193790197372437;1.0,0.0,0.0,0.0
8.69;0.0,0.0,-0.40222567319869995;1.0,0.0,0.0,0.0
8.7;0.0,0.0,-0.4025114178657532;1.0,0.0,0.0,0.0
8.71;0.0,0.0,-0.40279537439346313;1.0,0.0,0.0,0.0
8.72;0.0,0.0,-0.4030774235725403;1.0,0.0,0.0,0.0
8.73;0.0,0.0,-0.4033576250076294;1.0,0.0,0.0,0.0
8.74;0.0,0.0,-0.4036358594894409;1.0,0.0,0.0,0.0
8.75;0.0,0.0,-0.4039122462272644;1.0,0.0,0.0,0.0
8.76;0.0,0.0,-0.4041866660118103;1.0,0.0,0.0,0.0
8.77;0.0,0.0,-0.40445923805236816;1.0,0.0,0.0,0.0
8.78;0.0,0.0,-0.4047299027442932;1.0,0.0,0.0,0.0
8.79;0.0,0.0,-0.4049985408782959;1.0,0.0,0.0,0.0
8.8;0.0,0.0,-0.40526533126831055;1.0,0.0,0.0,0.0
8.81;0.0,0.0,-0.4055302143096924;1.0,0.0,0.0,0.0
8.82;0.0,0.0,-0.40579307079315186;1.0,0.0,0.0,0.0
8.83;0.0,0.0,-0.4060540795326233;1.0,0.0,0.0,0.0
8.84;0.0,0.0,-0.40631312131881714;1.0,0.0,0.0,0.0
8.85;0.0,0.0,-0.4065701961517334;1.0,0.0,0.0,0.0
8.86;0.0,0.0,-0.40682530403137207;1.0,0.0,0.0,0.0
8.87;0.0,0.0,-0.40707850456237793;1.0,0.0,0.0,0.0
8.88;0.0,0.0,-0.4073296785354614;1.0,0.0,0.0,0.0
8.89;0.0,0.0,-0.4075789451599121;1.0,0.0,0.0,0.0
8.9;0.0,0.0,-0.40782612562179565;1.0,0.0,0.0,0.0
8.91;0.0,0.0,-0.4080713987350464;1.0,0.0,0.0,0.0
8.92;0.0,0.0,-0.40831458568573;1.0,0.0,0.0,0.0
8.93;0.0,0.0,-0.40855586528778076;1.0,0.0,0.0,0.0
8.94;0.0,0.0,-0.40879517793655396;1.0,0.0,0.0,0.0
8.95;0.0,0.0,-0.4090324640274048;1.0,0.0,0.0,0.0
8.96;0.0,0.0,-0.40926772356033325;1.0,0.0,0.0,0.0
8.97;0.0,0.0,-0.40950101613998413;1.0,0.0,0.0,0.0
8.98;0.0,0.0,-0.4097321629524231;1.0,0.0,0.0,0.0
8.99;0.0,0.0,-0.40996140241622925;1.0,0.0,0.0,0.0
9.0;0.0,0.0,-0.41018861532211304;1.0,0.0,0.0,0.0
9.01;0.0,0.0,-0.4104137420654297;1.0,0.0,0.0,0.0
9.02;0.0,0.0,-0.410636842250824;1.0,0.0,0.0,0.0
9.03;0.0,0.0,-0.4108579158782959;1.0,0.0,0.0,0.0
9.04;0.0,0.0,-0.41107702255249023;1.0,0.0,0.0,0.0
9.05;0.0,0.0,-0.4112939238548279;1.0,0.0,0.0,0.0
9.06;0.0,0.0,-0.41150885820388794;1.0,0.0,0.0,0.0
9.07;0.0,0.0,-0.4117216467857361;1.0,0.0,0.0,0.0
9.08;0.0,0.0,-0.41193240880966187;1.0,0.0,0.0,0.0
9.09;0.0,0.0,-0.41214120388031006;1.0,0.0,0.0,0.0
9.1;0.0,0.0,-0.41234785318374634;1.0,0.0,0.0,0.0
9.11;0.0,0.0,-0.4125524163246155;1.0,0.0,0.0,0.0
9.12;0.0,0.0,-0.41275477409362793;1.0,0.0,0.0,0.0
9.13;0.0,0.0,-0.4129551649093628;1.0,0.0,0.0,0.0
9.14;0.0,0.0,-0.41315340995788574;1.0,0.0,0.0,0.0
9.15;0.0,0.0,-0.4133495092391968;1.0,0.0,0.0,0.0
9.16;0.0,0.0,-0.41354358196258545;1.0,0.0,0.0,0.0
9.17;0.0,0.0,-0.4137355089187622;1.0,0.0,0.0,0.0
9.18;0.0,0.0,-0.41392529010772705;1.0,0.0,0.0,0.0
9.19;0.0,0.0,-0.41411292552948;1.0,0.0,0.0,0.0
9.2;0.0,0.0,-0.41429853439331055;1.0,0.0,0.0,0.0
9.21;0.0,0.0,-0.4144819378852844;1.0,0.0,0.0,0.0
9.22;0.0,0.0,-0.41466325521469116;1.0,0.0,0.0,0.0
9.23;0.0,0.0,-0.414842426776886;1.0,0.0,0.0,0.0
9.24;0.0,0.0,-0.4150193929672241;1.0,0.0,0.0,0.0
9.25;0.0,0.0,-0.4151942729949951;1.0,0.0,0.0,0.0
9.26;0.0,0.0,-0.4153668284416199;1.0,0.0,0.0,0.0
9.27;0.0,0.0,-0.41553741693496704;1.0,0.0,0.0,0.0
9.28;0.0,0.0,-0.4157058000564575;1.0,0.0,0.0,0.0
9.29;0.0,0.0,-0.41587191820144653;1.0,0.0,0.0,0.0
9.3;0.0,0.0,-0.41603583097457886;1.0,0.0,0.0,0.0
9.31;0.0,0.0,-0.4161977171897888;1.0,0.0,0.0,0.0
9.32;0.0,0.0,-0.41635727882385254;1.0,0.0,0.0,0.0
9.33;0.0,0.0,-0.41651463508605957;1.0,0.0,0.0,0.0
9.34;0.0,0.0,-0.41666990518569946;1.0,0.0,0.0,0.0
9.35;0.0,0.0,-0.4168229103088379;1.0,0.0,0.0,0.0
9.36;0.0,0.0,-0.41697371006011963;1.0,0.0,0.0,0.0
9.37;0.0,0.0,-0.4171222448348999;1.0,0.0,0.0,0.0
9.38;0.0,0.0,-0.41726863384246826;1.0,0.0,0.0,0.0
9.39;0.0,0.0,-0.41741281747817993;1.0,0.0,0.0,0.0
9.4;0.0,0.0,-0.4175546169281006;1.0,0.0,0.0,0.0
9.41;0.0,0.0,-0.4176942706108093;1.0,0.0,0.0,0.0
9.42;0.0,0.0,-0.41783177852630615;1.0,0.0,0.0,0.0
9.43;0.0,0.0,-0.41796690225601196;1.0,0.0,0.0,0.0
9.44;0.0,0.0,-0.4180997610092163;1.0,0.0,0.0,0.0
9.45;0.0,0.0,-0.41823041439056396;1.0,0.0,0.0,0.0
9.46;0.0,0.0,-0.4183589220046997;1.0,0.0,0.0,0.0
9.47;0.0,0.0,-0.41848504543304443;1.0,0.0,0.0,0.0
9.48;0.0,0.0,-0.4186088442802429;1.0,0.0,0.0,0.0
9.49;0.0,0.0,-0.41873037815093994;1.0,0.0,0.0,0.0
9.5;0.0,0.0,-0.41884976625442505;1.0,0.0,0.0,0.0
9.51;0.0,0.0,-0.4189668297767639;1.0,0.0,0.0,0.0
9.52;0.0,0.0,-0.41908150911331177;1.0,0.0,0.0,0.0
9.53;0.0,0.0,-0.41919392347335815;1.0,0.0,0.0,0.0
9.54;0.0,0.0,-0.4193040728569031;1.0,0.0,0.0,0.0
9.55;0.0,0.0,-0.419411838054657;1.0,0.0,0.0,0.0
9.56;0.0,0.0,-0.4195173382759094;1.0,0.0,0.0,0.0
9.57;0.0,0.0,-0.4196205139160156;1.0,0.0,0.0,0.0
9.58;0.0,0.0,-0.4197213649749756;1.0,0.0,0.0,0.0
9.59;0.0,0.0,-0.41982001066207886;1.0,0.0,0.0,0.0
9.6;0.0,0.0,-0.41991615295410156;1.0,0.0,0.0,0.0
9.61;0.0,0.0,-0.4200100302696228;1.0,0.0,0.0,0.0
9.62;0.0,0.0,-0.420101523399353;1.0,0.0,0.0,0.0
9.63;0.0,0.0,-0.4201907515525818;1.0,0.0,0.0,0.0
9.64;0.0,0.0,-0.42027753591537476;1.0,0.0,0.0,0.0
9.65;0.0,0.0,-0.4203619956970215;1.0,0.0,0.0,0.0
9.66;0.0,0.0,-0.42044419050216675;1.0,0.0,0.0,0.0
9.67;0.0,0.0,-0.42052388191223145;1.0,0.0,0.0,0.0
9.68;0.0,0.0,-0.4206012487411499;1.0,0.0,0.0,0.0
9.69;0.0,0.0,-0.42067617177963257;1.0,0.0,0.0,0.0
9.7;0.0,0.0,-0.420748770236969;1.0,0.0,0.0,0.0
9.71;0.0,0.0,-0.4208189845085144;1.0,0.0,0.0,0.0
9.72;0.0,0.0,-0.4208868741989136;1.0,0.0,0.0,0.0
9.73;0.0,0.0,-0.4209522604942322;1.0,0.0,0.0,0.0
9.74;0.0,0.0,-0.421015202999115;1.0,0.0,0.0,0.0
9.75;0.0,0.0,-0.42107588052749634;1.0,0.0,0.0,0.0
9.76;0.0,0.0,-0.4211340546607971;1.0,0.0,0.0,0.0
9.77;0.0,0.0,-0.4211897850036621;1.0,0.0,0.0,0.0
9.78;0.0,0.0,-0.42124319076538086;1.0,0.0,0.0,0.0
9.79;0.0,0.0,-0.42129403352737427;1.0,0.0,0.0,0.0
9.8;0.0,0.0,-0.4213426113128662;1.0,0.0,0.0,0.0
9.81;0.0,0.0,-0.4213886260986328;1.0,0.0,0.0,0.0
9.82;0.0,0.0,-0.4214321970939636;1.0,0.0,0.0,0.0
9.83;0.0,0.0,-0.4214734435081482;1.0,0.0,0.0,0.0
9.84;0.0,0.0,-0.42151200771331787;1.0,0.0,0.0,0.0
9.85;0.0,0.0,-0.4215483069419861;1.0,0.0,0.0,0.0
9.86;0.0,0.0,-0.4215819835662842;1.0,0.0,0.0,0.0
9.87;0.0,0.0,-0.4216134548187256;1.0,0.0,0.0,0.0
9.88;0.0,0.0,-0.4216422438621521;1.0,0.0,0.0,0.0
9.89;0.0,0.0,-0.42166852951049805;1.0,0.0,0.0,0.0
9.9;0.0,0.0,-0.4216923713684082;1.0,0.0,0.0,0.0
9.91;0.0,0.0,-0.42171376943588257;1.0,0.0,0.0,0.0
9.92;0.0,0.0,-0.4217326045036316;1.0,0.0,0.0,0.0
9.93;0.0,0.0,-0.4217490553855896;1.0,0.0,0.0,0.0
9.94;0.0,0.0,-0.4217628240585327;1.0,0.0,0.0,0.0
9.95;0.0,0.0,-0.4217742681503296;1.0,0.0,0.0,0.0
9.96;0.0,0.0,-0.42178308963775635;1.0,0.0,0.0,0.0
9.97;0.0,0.0,-0.4217894673347473;1.0,0.0,0.0,0.0
9.98;0.0,0.0,-0.42179322242736816;1.0,0.0,0.0,0.0
9.99;0.0,0.0,-0.42179447412490845;1.0,0.0,0.0,0.0
