0.0;0.0,0.0,0.0;1.0,0.0,0.0,0.0
0.01;0.0,0.0,0.0;1.0,0.0,0.0,0.0
0.02;0.0,0.0,0.0;1.0,0.0,0.0,0.0
0.03;0.0,0.0,0.0;1.0,0.0,0.0,0.0
0.04;0.0,0.0,0.0;1.0,0.0,0.0,0.0
0.05;0.0,0.0,0.0;1.0,0.0,0.0,0.0
0.06;0.0,0.0,0.0;1.0,0.0,0.0,0.0
0.07;0.0,0.0,0.0;1.0,0.0,0.0,0.0
0.08;0.0,0.0,0.0;1.0,0.0,0.0,0.0
0.09;0.0,0.0,0.0;1.0,0.0,0.0,0.0
0.1;0.0,0.0,0.0;1.0,0.0,0.0,0.0
0.11;0.0,0.0,0.0;1.0,0.0,0.0,0.0
0.12;0.0,0.0,0.0;1.0,0.0,0.0,0.0
0.13;0.0,0.0,0.0;1.0,0.0,0.0,0.0
0.14;0.0,0.0,0.0;1.0,0.0,0.0,0.0
0.15;0.0,0.0,0.0;1.0,0.0,0.0,0.0
0.16;0.0,0.0,0.0;1.0,0.0,0.0,0.0
0.17;0.0,0.0,0.0;1.0,0.0,0.0,0.0
0.18;0.0,0.0,0.0;1.0,0.0,0.0,0.0
0.19;0.0,0.0,0.0;1.0,0.0,0.0,0.0
0.2;0.0,0.0,0.0;1.0,0.0,0.0,0.0
0.21;0.0,0.0,0.0;1.0,0.0,0.0,0.0
0.22;0.0,0.0,0.0;1.0,0.0,0.0,0.0
0.23;0.0,0.0,0.0;1.0,0.0,0.0,0.0
0.24;0.0,0.0,0.0;1.0,0.0,0.0,0.0
0.25;0.0,0.0,0.0;1.0,0.0,0.0,0.0
0.26;0.0,0.0,0.0;1.0,0.0,0.0,0.0
0.27;0.0,0.0,0.0;1.0,0.0,0.0,0.0
0.28;0.0,0.0,0.0;1.0,0.0,0.0,0.0
0.29;0.0,0.0,0.0;1.0,0.0,0.0,0.0
0.3;0.0,0.0,0.0;1.0,0.0,0.0,0.0
0.31;0.0,0.0,0.0;1.0,0.0,0.0,0.0
0.32;0.0,0.0,0.0;1.0,0.0,0.0,0.0
0.33;0.0,0.0,0.0;1.0,0.0,0.0,0.0
0.34;0.0,0.0,0.0;1.0,0.0,0.0,0.0
0.35;0.0,0.0,0.0;1.0,0.0,0.0,0.0
0.36;0.0,0.0,0.0;1.0,0.0,0.0,0.0
0.37;0.0,0.0,0.0;1.0,0.0,0.0,0.0
0.38;0.0,0.0,0.0;1.0,0.0,0.0,0.0
0.39;0.0,0.0,0.0;1.0,0.0,0.0,0.0
0.4;0.0,0.0,0.0;1.0,0.0,0.0,0.0
0.41;0.0,0.0,0.0;1.0,0.0,0.0,0.0
0.42;0.0,0.0,0.0;1.0,0.0,0.0,0.0
0.43;0.0,0.0,0.0;1.0,0.0,0.0,0.0
0.44;0.0,0.0,0.0;1.0,0.0,0.0,0.0
0.45;0.0,0.0,0.0;1.0,0.0,0.0,0.0
0.46;0.0,0.0,0.0;1.0,0.0,0.0,0.0
0.47;0.0,0.0,0.0;1.0,0.0,0.0,0.0
0.48;0.0,0.0,0.0;1.0,0.0,0.0,0.0
0.49;0.0,0.0,0.0;1.0,0.0,0.0,0.0
0.5;0.0,0.0,0.0;1.0,0.0,0.0,0.0
0.51;0.0,0.0,0.0;1.0,0.0,0.0,0.0
0.52;0.0,0.0,0.0;1.0,0.0,0.0,0.0
0.53;0.0,0.0,0.0;1.0,0.0,0.0,0.0
0.54;0.0,0.0,0.0;1.0,0.0,0.0,0.0
0.55;0.0,0.0,0.0;1.0,0.0,0.0,0.0
0.56;0.0,0.0,0.0;1.0,0.0,0.0,0.0
0.57;0.0,0.0,0.0;1.0,0.0,0.0,0.0
0.58;0.0,0.0,0.0;1.0,0.0,0.0,0.0
0.59;0.0,0.0,0.0;1.0,0.0,0.0,0.0
0.6;0.0,0.0,0.0;1.0,0.0,0.0,0.0
0.61;0.0,0.0,0.0;1.0,0.0,0.0,0.0
0.62;0.0,0.0,0.0;1.0,0.0,0.0,0.0
0.63;0.0,0.0,0.0;1.0,0.0,0.0,0.0
0.64;0.0,0.0,0.0;1.0,0.0,0.0,0.0
0.65;0.0,0.0,0.0;1.0,0.0,0.0,0.0
0.66;0.0,0.0,0.0;1.0,0.0,0.0,0.0
0.67;0.0,0.0,0.0;1.0,0.0,0.0,0.0
0.68;0.0,0.0,0.0;1.0,0.0,0.0,0.0
0.69;0.0,0.0,0.0;1.0,0.0,0.0,0.0
0.7;0.0,0.0,0.0;1.0,0.0,0.0,0.0
0.71;0.0,0.0,0.0;1.0,0.0,0.0,0.0
0.72;0.0,0.0,0.0;1.0,0.0,0.0,0.0
0.73;0.0,0.0,0.0;1.0,0.0,0.0,0.0
0.74;0.0,0.0,0.0;1.0,0.0,0.0,0.0
0.75;0.0,0.0,0.0;1.0,0.0,0.0,0.0
0.76;0.0,0.0,0.0;1.0,0.0,0.0,0.0
0.77;0.0,0.0,0.0;1.0,0.0,0.0,0.0
0.78;0.0,0.0,0.0;1.0,0.0,0.0,0.0
0.79;0.0,0.0,0.0;1.0,0.0,0.0,0.0
0.8;0.0,0.0,0.0;1.0,0.0,0.0,0.0
0.81;0.0,0.0,0.0;1.0,0.0,0.0,0.0
0.82;0.0,0.0,0.0;1.0,0.0,0.0,0.0
0.83;0.0,0.0,0.0;1.0,0.0,0.0,0.0
0.84;0.0,0.0,0.0;1.0,0.0,0.0,0.0
0.85;0.0,0.0,0.0;1.0,0.0,0.0,0.0
0.86;0.0,0.0,0.0;1.0,0.0,0.0,0.0
0.87;0.0,0.0,0.0;1.0,0.0,0.0,0.0
0.88;0.0,0.0,0.0;1.0,0.0,0.0,0.0
0.89;0.0,0.0,0.0;1.0,0.0,0.0,0.0
0.9;0.0,0.0,0.0;1.0,0.0,0.0,0.0
0.91;0.0,0.0,0.0;1.0,0.0,0.0,0.0
0.92;0.0,0.0,0.0;1.0,0.0,0.0,0.0
0.93;0.0,0.0,0.0;1.0,0.0,0.0,0.0
0.94;0.0,0.0,0.0;1.0,0.0,0.0,0.0
0.95;0.0,0.0,0.0;1.0,0.0,0.0,0.0
0.96;0.0,0.0,0.0;1.0,0.0,0.0,0.0
0.97;0.0,0.0,0.0;1.0,0.0,0.0,0.0
0.98;0.0,0.0,0.0;1.0,0.0,0.0,0.0
0.99;0.0,0.0,0.0;1.0,0.0,0.0,0.0
1.0;0.0,0.0,0.0;1.0,0.0,0.0,0.0
1.01;0.0,0.0,0.0;1.0,0.0,0.0,0.0
1.02;0.0,0.0,0.0;1.0,0.0,0.0,0.0
1.03;0.0,0.0,0.0;1.0,0.0,0.0,0.0
1.04;0.0,0.0,0.0;1.0,0.0,0.0,0.0
1.05;0.0,0.0,0.0;1.0,0.0,0.0,0.0
1.06;0.0,0.0,0.0;1.0,0.0,0.0,0.0
1.07;0.0,0.0,0.0;1.0,0.0,0.0,0.0
1.08;0.0,0.0,0.0;1.0,0.0,0.0,0.0
1.09;0.0,0.0,0.0;1.0,0.0,0.0,0.0
1.1;0.0,0.0,0.0;1.0,0.0,0.0,0.0
1.11;0.0,0.0,0.0;1.0,0.0,0.0,0.0
1.12;0.0,0.0,0.0;1.0,0.0,0.0,0.0
1.13;0.0,0.0,0.0;1.0,0.0,0.0,0.0
1.14;0.0,0.0,0.0;1.0,0.0,0.0,0.0
1.15;0.0,0.0,0.0;1.0,0.0,0.0,0.0
1.16;0.0,0.0,0.0;1.0,0.0,0.0,0.0
1.17;0.0,0.0,0.0;1.0,0.0,0.0,0.0
1.18;0.0,0.0,0.0;1.0,0.0,0.0,0.0
1.19;0.0,0.0,0.0;1.0,0.0,0.0,0.0
1.2;0.0,0.0,0.0;1.0,0.0,0.0,0.0
1.21;0.0,0.0,0.0;1.0,0.0,0.0,0.0
1.22;0.0,0.0,0.0;1.0,0.0,0.0,0.0
1.23;0.0,0.0,0.0;1.0,0.0,0.0,0.0
1.24;0.0,0.0,0.0;1.0,0.0,0.0,0.0
1.25;0.0,0.0,0.0;1.0,0.0,0.0,0.0
1.26;0.0,0.0,0.0;1.0,0.0,0.0,0.0
1.27;0.0,0.0,0.0;1.0,0.0,0.0,0.0
1.28;0.0,0.0,0.0;1.0,0.0,0.0,0.0
1.29;0.0,0.0,0.0;1.0,0.0,0.0,0.0
1.3;0.0,0.0,0.0;1.0,0.0,0.0,0.0
1.31;0.0,0.0,0.0;1.0,0.0,0.0,0.0
1.32;0.0,0.0,0.0;1.0,0.0,0.0,0.0
1.33;0.0,0.0,0.0;1.0,0.0,0.0,0.0
1.34;0.0,0.0,0.0;1.0,0.0,0.0,0.0
1.35;0.0,0.0,0.0;1.0,0.0,0.0,0.0
1.36;0.0,0.0,0.0;1.0,0.0,0.0,0.0
1.37;0.0,0.0,0.0;1.0,0.0,0.0,0.0
1.38;0.0,0.0,0.0;1.0,0.0,0.0,0.0
1.39;0.0,0.0,0.0;1.0,0.0,0.0,0.0
1.4;0.0,0.0,0.0;1.0,0.0,0.0,0.0
1.41;0.0,0.0,0.0;1.0,0.0,0.0,0.0
1.42;0.0,0.0,0.0;1.0,0.0,0.0,0.0
1.43;0.0,0.0,0.0;1.0,0.0,0.0,0.0
1.44;0.0,0.0,0.0;1.0,0.0,0.0,0.0
1.45;0.0,0.0,0.0;1.0,0.0,0.0,0.0
1.46;0.0,0.0,0.0;1.0,0.0,0.0,0.0
1.47;0.0,0.0,0.0;1.0,0.0,0.0,0.0
1.48;0.0,0.0,0.0;1.0,0.0,0.0,0.0
1.49;0.0,0.0,0.0;1.0,0.0,0.0,0.0
1.5;0.0,0.0,0.0;1.0,0.0,0.0,0.0
1.51;0.0,0.0,0.0;1.0,0.0,0.0,0.0
1.52;0.0,0.0,0.0;1.0,0.0,0.0,0.0
1.53;0.0,0.0,0.0;1.0,0.0,0.0,0.0
1.54;0.0,0.0,0.0;1.0,0.0,0.0,0.0
1.55;0.0,0.0,0.0;1.0,0.0,0.0,0.0
1.56;0.0,0.0,0.0;1.0,0.0,0.0,0.0
1.57;0.0,0.0,0.0;1.0,0.0,0.0,0.0
1.58;0.0,0.0,0.0;1.0,0.0,0.0,0.0
1.59;0.0,0.0,0.0;1.0,0.0,0.0,0.0
1.6;0.0,0.0,0.0;1.0,0.0,0.0,0.0
1.61;0.0,0.0,0.0;1.0,0.0,0.0,0.0
1.62;0.0,0.0,0.0;1.0,0.0,0.0,0.0
1.63;0.0,0.0,0.0;1.0,0.0,0.0,0.0
1.64;0.0,0.0,0.0;1.0,0.0,0.0,0.0
1.65;0.0,0.0,0.0;1.0,0.0,0.0,0.0
1.66;0.0,0.0,0.0;1.0,0.0,0.0,0.0
1.67;0.0,0.0,0.0;1.0,0.0,0.0,0.0
1.68;0.0,0.0,0.0;1.0,0.0,0.0,0.0
1.69;0.0,0.0,0.0;1.0,0.0,0.0,0.0
1.7;0.0,0.0,0.0;1.0,0.0,0.0,0.0
1.71;0.0,0.0,0.0;1.0,0.0,0.0,0.0
1.72;0.0,0.0,0.0;1.0,0.0,0.0,0.0
1.73;0.0,0.0,0.0;1.0,0.0,0.0,0.0
1.74;0.0,0.0,0.0;1.0,0.0,0.0,0.0
1.75;0.0,0.0,0.0;1.0,0.0,0.0,0.0
1.76;0.0,0.0,0.0;1.0,0.0,0.0,0.0
1.77;0.0,0.0,0.0;1.0,0.0,0.0,0.0
1.78;0.0,0.0,0.0;1.0,0.0,0.0,0.0
1.79;0.0,0.0,0.0;1.0,0.0,0.0,0.0
1.8;0.0,0.0,0.0;1.0,0.0,0.0,0.0
1.81;0.0,0.0,0.0;1.0,0.0,0.0,0.0
1.82;0.0,0.0,0.0;1.0,0.0,0.0,0.0
1.83;0.0,0.0,0.0;1.0,0.0,0.0,0.0
1.84;0.0,0.0,0.0;1.0,0.0,0.0,0.0
1.85;0.0,0.0,0.0;1.0,0.0,0.0,0.0
1.86;0.0,0.0,0.0;1.0,0.0,0.0,0.0
1.87;0.0,0.0,0.0;1.0,0.0,0.0,0.0
1.88;0.0,0.0,0.0;1.0,0.0,0.0,0.0
1.89;0.0,0.0,0.0;1.0,0.0,0.0,0.0
1.9;0.0,0.0,0.0;1.0,0.0,0.0,0.0
1.91;0.0,0.0,0.0;1.0,0.0,0.0,0.0
1.92;0.0,0.0,0.0;1.0,0.0,0.0,0.0
1.93;0.0,0.0,0.0;1.0,0.0,0.0,0.0
1.94;0.0,0.0,0.0;1.0,0.0,0.0,0.0
1.95;0.0,0.0,0.0;1.0,0.0,0.0,0.0
1.96;0.0,0.0,0.0;1.0,0.0,0.0,0.0
1.97;0.0,0.0,0.0;1.0,0.0,0.0,0.0
1.98;0.0,0.0,0.0;1.0,0.0,0.0,0.0
1.99;0.0,0.0,0.0;1.0,0.0,0.0,0.0
2.0;0.0,0.0,0.0;1.0,0.0,0.0,0.0
2.01;0.0,0.0,0.0;1.0,0.0,0.0,0.0
2.02;0.0,0.0,0.0;1.0,0.0,0.0,0.0
2.03;0.0,0.0,0.0;1.0,0.0,0.0,0.0
2.04;0.0,0.0,0.0;1.0,0.0,0.0,0.0
2.05;0.0,0.0,0.0;1.0,0.0,0.0,0.0
2.06;0.0,0.0,0.0;1.0,0.0,0.0,0.0
2.07;0.0,0.0,0.0;1.0,0.0,0.0,0.0
2.08;0.0,0.0,0.0;1.0,0.0,0.0,0.0
2.09;0.0,0.0,0.0;1.0,0.0,0.0,0.0
2.1;0.0,0.0,0.0;1.0,0.0,0.0,0.0
2.11;0.0,0.0,0.0;1.0,0.0,0.0,0.0
2.12;0.0,0.0,0.0;1.0,0.0,0.0,0.0
2.13;0.0,0.0,0.0;1.0,0.0,0.0,0.0
2.14;0.0,0.0,0.0;1.0,0.0,0.0,0.0
2.15;0.0,0.0,0.0;1.0,0.0,0.0,0.0
2.16;0.0,0.0,0.0;1.0,0.0,0.0,0.0
2.17;0.0,0.0,0.0;1.0,0.0,0.0,0.0
2.18;0.0,0.0,0.0;1.0,0.0,0.0,0.0
2.19;0.0,0.0,0.0;1.0,0.0,0.0,0.0
2.2;0.0,0.0,0.0;1.0,0.0,0.0,0.0
2.21;0.0,0.0,0.0;1.0,0.0,0.0,0.0
2.22;0.0,0.0,0.0;1.0,0.0,0.0,0.0
2.23;0.0,0.0,0.0;1.0,0.0,0.0,0.0
2.24;0.0,0.0,0.0;1.0,0.0,0.0,0.0
2.25;0.0,0.0,0.0;1.0,0.0,0.0,0.0
2.26;0.0,0.0,0.0;1.0,0.0,0.0,0.0
2.27;0.0,0.0,0.0;1.0,0.0,0.0,0.0
2.28;0.0,0.0,0.0;1.0,0.0,0.0,0.0
2.29;0.0,0.0,0.0;1.0,0.0,0.0,0.0
2.3;0.0,0.0,0.0;1.0,0.0,0.0,0.0
2.31;0.0,0.0,0.0;1.0,0.0,0.0,0.0
2.32;0.0,0.0,0.0;1.0,0.0,0.0,0.0
2.33;0.0,0.0,0.0;1.0,0.0,0.0,0.0
2.34;0.0,0.0,0.0;1.0,0.0,0.0,0.0
2.35;0.0,0.0,0.0;1.0,0.0,0.0,0.0
2.36;0.0,0.0,0.0;1.0,0.0,0.0,0.0
2.37;0.0,0.0,0.0;1.0,0.0,0.0,0.0
2.38;0.0,0.0,0.0;1.0,0.0,0.0,0.0
2.39;0.0,0.0,0.0;1.0,0.0,0.0,0.0
2.4;0.0,0.0,0.0;1.0,0.0,0.0,0.0
2.41;0.0,0.0,0.0;1.0,0.0,0.0,0.0
2.42;0.0,0.0,0.0;1.0,0.0,0.0,0.0
2.43;0.0,0.0,0.0;1.0,0.0,0.0,0.0
2.44;0.0,0.0,0.0;1.0,0.0,0.0,0.0
2.45;0.0,0.0,0.0;1.0,0.0,0.0,0.0
2.46;0.0,0.0,0.0;1.0,0.0,0.0,0.0
2.47;0.0,0.0,0.0;1.0,0.0,0.0,0.0
2.48;0.0,0.0,0.0;1.0,0.0,0.0,0.0
2.49;0.0,0.0,0.0;1.0,0.0,0.0,0.0
2.5;0.0,0.0,0.0;1.0,0.0,0.0,0.0
2.51;0.0,0.0,0.0;1.0,0.0,0.0,0.0
2.52;0.0,0.0,0.0;1.0,0.0,0.0,0.0
2.53;0.0,0.0,0.0;1.0,0.0,0.0,0.0
2.54;0.0,0.0,0.0;1.0,0.0,0.0,0.0
2.55;0.0,0.0,0.0;1.0,0.0,0.0,0.0
2.56;0.0,0.0,0.0;1.0,0.0,0.0,0.0
2.57;0.0,0.0,0.0;1.0,0.0,0.0,0.0
2.58;0.0,0.0,0.0;1.0,0.0,0.0,0.0
2.59;0.0,0.0,0.0;1.0,0.0,0.0,0.0
2.6;0.0,0.0,0.0;1.0,0.0,0.0,0.0
2.61;0.0,0.0,0.0;1.0,0.0,0.0,0.0
2.62;0.0,0.0,0.0;1.0,0.0,0.0,0.0
2.63;0.0,0.0,0.0;1.0,0.0,0.0,0.0
2.64;0.0,0.0,0.0;1.0,0.0,0.0,0.0
2.65;0.0,0.0,0.0;1.0,0.0,0.0,0.0
2.66;0.0,0.0,0.0;1.0,0.0,0.0,0.0
2.67;0.0,0.0,0.0;1.0,0.0,0.0,0.0
2.68;0.0,0.0,0.0;1.0,0.0,0.0,0.0
2.69;0.0,0.0,0.0;1.0,0.0,0.0,0.0
2.7;0.0,0.0,0.0;1.0,0.0,0.0,0.0
2.71;0.0,0.0,0.0;1.0,0.0,0.0,0.0
2.72;0.0,0.0,0.0;1.0,0.0,0.0,0.0
2.73;0.0,0.0,0.0;1.0,0.0,0.0,0.0
2.74;0.0,0.0,0.0;1.0,0.0,0.0,0.0
2.75;0.0,0.0,0.0;1.0,0.0,0.0,0.0
2.76;0.0,0.0,0.0;1.0,0.0,0.0,0.0
2.77;0.0,0.0,0.0;1.0,0.0,0.0,0.0
2.78;0.0,0.0,0.0;1.0,0.0,0.0,0.0
2.79;0.0,0.0,0.0;1.0,0.0,0.0,0.0
2.8;0.0,0.0,0.0;1.0,0.0,0.0,0.0
2.81;0.0,0.0,0.0;1.0,0.0,0.0,0.0
2.82;0.0,0.0,0.0;1.0,0.0,0.0,0.0
2.83;0.0,0.0,0.0;1.0,0.0,0.0,0.0
2.84;0.0,0.0,0.0;1.0,0.0,0.0,0.0
2.85;0.0,0.0,0.0;1.0,0.0,0.0,0.0
2.86;0.0,0.0,0.0;1.0,0.0,0.0,0.0
2.87;0.0,0.0,0.0;1.0,0.0,0.0,0.0
2.88;0.0,0.0,0.0;1.0,0.0,0.0,0.0
2.89;0.0,0.0,0.0;1.0,0.0,0.0,0.0
2.9;0.0,0.0,0.0;1.0,0.0,0.0,0.0
2.91;0.0,0.0,0.0;1.0,0.0,0.0,0.0
2.92;0.0,0.0,0.0;1.0,0.0,0.0,0.0
2.93;0.0,0.0,0.0;1.0,0.0,0.0,0.0
2.94;0.0,0.0,0.0;1.0,0.0,0.0,0.0
2.95;0.0,0.0,0.0;1.0,0.0,0.0,0.0
2.96;0.0,0.0,0.0;1.0,0.0,0.0,0.0
2.97;0.0,0.0,0.0;1.0,0.0,0.0,0.0
2.98;0.0,0.0,0.0;1.0,0.0,0.0,0.0
2.99;0.0,0.0,0.0;1.0,0.0,0.0,0.0
3.0;0.0,0.0,0.0;1.0,0.0,0.0,0.0
3.01;0.0,0.0,0.0;1.0,0.0,0.0,0.0
3.02;0.0,0.0,0.0;1.0,0.0,0.0,0.0
3.03;0.0,0.0,0.0;1.0,0.0,0.0,0.0
3.04;0.0,0.0,0.0;1.0,0.0,0.0,0.0
3.05;0.0,0.0,0.0;1.0,0.0,0.0,0.0
3.06;0.0,0.0,0.0;1.0,0.0,0.0,0.0
3.07;0.0,0.0,0.0;1.0,0.0,0.0,0.0
3.08;0.0,0.0,0.0;1.0,0.0,0.0,0.0
3.09;0.0,0.0,0.0;1.0,0.0,0.0,0.0
3.1;0.0,0.0,0.0;1.0,0.0,0.0,0.0
3.11;0.0,0.0,0.0;1.0,0.0,0.0,0.0
3.12;0.0,0.0,0.0;1.0,0.0,0.0,0.0
3.13;0.0,0.0,0.0;1.0,0.0,0.0,0.0
3.14;0.0,0.0,0.0;1.0,0.0,0.0,0.0
3.15;0.0,0.0,0.0;1.0,0.0,0.0,0.0
3.16;0.0,0.0,0.0;1.0,0.0,0.0,0.0
3.17;0.0,0.0,0.0;1.0,0.0,0.0,0.0
3.18;0.0,0.0,0.0;1.0,0.0,0.0,0.0
3.19;0.0,0.0,0.0;1.0,0.0,0.0,0.0
3.2;0.0,0.0,0.0;1.0,0.0,0.0,0.0
3.21;0.0,0.0,0.0;1.0,0.0,0.0,0.0
3.22;0.0,0.0,0.0;1.0,0.0,0.0,0.0
3.23;0.0,0.0,0.0;1.0,0.0,0.0,0.0
3.24;0.0,0.0,0.0;1.0,0.0,0.0,0.0
3.25;0.0,0.0,0.0;1.0,0.0,0.0,0.0
3.26;0.0,0.0,0.0;1.0,0.0,0.0,0.0
3.27;0.0,0.0,0.0;1.0,0.0,0.0,0.0
3.28;0.0,0.0,0.0;1.0,0.0,0.0,0.0
3.29;0.0,0.0,0.0;1.0,0.0,0.0,0.0
3.3;0.0,0.0,0.0;1.0,0.0,0.0,0.0
3.31;0.0,0.0,0.0;1.0,0.0,0.0,0.0
3.32;0.0,0.0,0.0;1.0,0.0,0.0,0.0
3.33;0.0,0.0,0.0;1.0,0.0,0.0,0.0
3.34;0.0,0.0,0.0;1.0,0.0,0.0,0.0
3.35;0.0,0.0,0.0;1.0,0.0,0.0,0.0
3.36;0.0,0.0,0.0;1.0,0.0,0.0,0.0
3.37;0.0,0.0,0.0;1.0,0.0,0.0,0.0
3.38;0.0,0.0,0.0;1.0,0.0,0.0,0.0
3.39;0.0,0.0,0.0;1.0,0.0,0.0,0.0
3.4;0.0,0.0,0.0;1.0,0.0,0.0,0.0
3.41;0.0,0.0,0.0;1.0,0.0,0.0,0.0
3.42;0.0,0.0,0.0;1.0,0.0,0.0,0.0
3.43;0.0,0.0,0.0;1.0,0.0,0.0,0.0
3.44;0.0,0.0,0.0;1.0,0.0,0.0,0.0
3.45;0.0,0.0,0.0;1.0,0.0,0.0,0.0
3.46;0.0,0.0,0.0;1.0,0.0,0.0,0.0
3.47;0.0,0.0,0.0;1.0,0.0,0.0,0.0
3.48;0.0,0.0,0.0;1.0,0.0,0.0,0.0
3.49;0.0,0.0,0.0;1.0,0.0,0.0,0.0
3.5;0.0,0.0,0.0;1.0,0.0,0.0,0.0
3.51;0.0,0.0,0.0;1.0,0.0,0.0,0.0
3.52;0.0,0.0,0.0;1.0,0.0,0.0,0.0
3.53;0.0,0.0,0.0;1.0,0.0,0.0,0.0
3.54;0.0,0.0,0.0;1.0,0.0,0.0,0.0
3.55;0.0,0.0,0.0;1.0,0.0,0.0,0.0
3.56;0.0,0.0,0.0;1.0,0.0,0.0,0.0
3.57;0.0,0.0,0.0;1.0,0.0,0.0,0.0
3.58;0.0,0.0,0.0;1.0,0.0,0.0,0.0
3.59;0.0,0.0,0.0;1.0,0.0,0.0,0.0
3.6;0.0,0.0,0.0;1.0,0.0,0.0,0.0
3.61;0.0,0.0,0.0;1.0,0.0,0.0,0.0
3.62;0.0,0.0,0.0;1.0,0.0,0.0,0.0
3.63;0.0,0.0,0.0;1.0,0.0,0.0,0.0
3.64;0.0,0.0,0.0;1.0,0.0,0.0,0.0
3.65;0.0,0.0,0.0;1.0,0.0,0.0,0.0
3.66;0.0,0.0,0.0;1.0,0.0,0.0,0.0
3.67;0.0,0.0,0.0;1.0,0.0,0.0,0.0
3.68;0.0,0.0,0.0;1.0,0.0,0.0,0.0
3.69;0.0,0.0,0.0;1.0,0.0,0.0,0.0
3.7;0.0,0.0,0.0;1.0,0.0,0.0,0.0
3.71;0.0,0.0,0.0;1.0,0.0,0.0,0.0
3.72;0.0,0.0,0.0;1.0,0.0,0.0,0.0
3.73;0.0,0.0,0.0;1.0,0.0,0.0,0.0
3.74;0.0,0.0,0.0;1.0,0.0,0.0,0.0
3.75;0.0,0.0,0.0;1.0,0.0,0.0,0.0
3.76;0.0,0.0,0.0;1.0,0.0,0.0,0.0
3.77;0.0,0.0,0.0;1.0,0.0,0.0,0.0
3.78;0.0,0.0,0.0;1.0,0.0,0.0,0.0
3.79;0.0,0.0,0.0;1.0,0.0,0.0,0.0
3.8;0.0,0.0,0.0;1.0,0.0,0.0,0.0
3.81;0.0,0.0,0.0;1.0,0.0,0.0,0.0
3.82;0.0,0.0,0.0;1.0,0.0,0.0,0.0
3.83;0.0,0.0,0.0;1.0,0.0,0.0,0.0
3.84;0.0,0.0,0.0;1.0,0.0,0.0,0.0
3.85;0.0,0.0,0.0;1.0,0.0,0.0,0.0
3.86;0.0,0.0,0.0;1.0,0.0,0.0,0.0
3.87;0.0,0.0,0.0;1.0,0.0,0.0,0.0
3.88;0.0,0.0,0.0;1.0,0.0,0.0,0.0
3.89;0.0,0.0,0.0;1.0,0.0,0.0,0.0
3.9;0.0,0.0,0.0;1.0,0.0,0.0,0.0
3.91;0.0,0.0,0.0;1.0,0.0,0.0,0.0
3.92;0.0,0.0,0.0;1.0,0.0,0.0,0.0
3.93;0.0,0.0,0.0;1.0,0.0,0.0,0.0
3.94;0.0,0.0,0.0;1.0,0.0,0.0,0.0
3.95;0.0,0.0,0.0;1.0,0.0,0.0,0.0
3.96;0.0,0.0,0.0;1.0,0.0,0.0,0.0
3.97;0.0,0.0,0.0;1.0,0.0,0.0,0.0
3.98;0.0,0.0,0.0;1.0,0.0,0.0,0.0
3.99;0.0,0.0,0.0;1.0,0.0,0.0,0.0
4.0;0.0,0.0,0.0;1.0,0.0,0.0,0.0
4.01;0.0,0.0,0.0;1.0,0.0,0.0,0.0
4.02;0.0,0.0,0.0;1.0,0.0,0.0,0.0
4.03;0.0,0.0,0.0;1.0,0.0,0.0,0.0
4.04;0.0,0.0,0.0;1.0,0.0,0.0,0.0
4.05;0.0,0.0,0.0;1.0,0.0,0.0,0.0
4.06;0.0,-1.4387510418600868e-05,5.3356666285253596e-06;1.0,0.0,0.0,0.0
4.07;0.0,-5.7287852541776374e-05,2.1245432435534894e-05;1.0,0.0,0.0,0.0
4.08;0.0,-0.00012830774358008057,4.7583449486410245e-05;1.0,0.0,0.0,0.0
4.09;0.0,-0.00022705391165800393,8.420386438956484e-05;1.0,0.0,0.0,0.0
4.1;0.0,-0.0003531331312842667,0.0001309608487645164;1.0,0.0,0.0,0.0
4.11;0.0,-0.0005061519332230091,0.00018770850147120655;1.0,0.0,0.0,0.0
4.12;0.0,-0.0006857172702439129,0.00025430103414691985;1.0,0.0,0.0,0.0
4.13;0.0,-0.0008914357167668641,0.0003305925347376615;1.0,0.0,0.0,0.0
4.14;0.0,-0.001122914138250053,0.0004164372512605041;1.0,0.0,0.0,0.0
4.15;0.0,-0.0013797591673210263,0.0005116892862133682;1.0,0.0,0.0,0.0
4.16;0.0,-0.0016615771455690265,0.0006162025965750217;1.0,0.0,0.0,0.0
4.17;0.0,-0.001967975404113531,0.0007298316922970116;1.0,0.0,0.0,0.0
4.18;0.0,-0.002298560691997409,0.0008524305303581059;1.0,0.0,0.0,0.0
4.19;0.0,-0.0026529389433562756,0.0009838532423600554;1.0,0.0,0.0,0.0
4.2;0.0,-0.0030307178385555744,0.001123954076319933;1.0,0.0,0.0,0.0
4.21;0.0,-0.0034315031953155994,0.0012725868728011847;1.0,0.0,0.0,0.0
4.22;0.0,-0.0038549022283405066,0.0014296062290668488;1.0,0.0,0.0,0.0
4.23;0.0,-0.004300522152334452,0.0015948660438880324;1.0,0.0,0.0,0.0
4.24;0.0,-0.004767968785017729,0.0017682205652818084;1.0,0.0,0.0,0.0
4.25;0.0,-0.005256849341094494,0.0019495240412652493;1.0,0.0,0.0,0.0
4.26;0.0,-0.005766770336776972,0.0021386300213634968;1.0,0.0,0.0,0.0
4.27;0.0,-0.0062973378226161,0.002335393102839589;1.0,0.0,0.0,0.0
4.28;0.0,-0.006848159246146679,0.0025396677665412426;1.0,0.0,0.0,0.0
4.29;0.0,-0.007418842054903507,0.0027513077948242426;1.0,0.0,0.0,0.0
4.3;0.0,-0.008008993230760098,0.0029701674357056618;1.0,0.0,0.0,0.0
4.31;0.0,-0.008618217892944813,0.003196100937202573;1.0,0.0,0.0,0.0
4.32;0.0,-0.009246123023331165,0.003428962081670761;1.0,0.0,0.0,0.0
4.33;0.0,-0.009892314672470093,0.003668605349957943;1.0,0.0,0.0,0.0
4.34;0.0,-0.010556402616202831,0.003914884757250547;1.0,0.0,0.0,0.0
4.35;0.0,-0.011237990111112595,0.004167654551565647;1.0,0.0,0.0,0.0
4.36;0.0,-0.011936684139072895,0.00442676804959774;1.0,0.0,0.0,0.0
4.37;0.0,-0.012652094475924969,0.004692080430686474;1.0,0.0,0.0,0.0
4.38;0.0,-0.013383826240897179,0.004963445942848921;1.0,0.0,0.0,0.0
4.39;0.0,-0.014131484553217888,0.0052407183684408665;1.0,0.0,0.0,0.0
4.4;0.0,-0.014894678257405758,0.005523752421140671;1.0,0.0,0.0,0.0
4.41;0.0,-0.015673015266656876,0.0058124009519815445;1.0,0.0,0.0,0.0
4.42;0.0,-0.01646609418094158,0.006106517743319273;1.0,0.0,0.0,0.0
4.43;0.0,-0.01727353408932686,0.00640596030279994;1.0,0.0,0.0,0.0
4.44;0.0,-0.018094930797815323,0.006710578687489033;1.0,0.0,0.0,0.0
4.45;0.0,-0.018929902464151382,0.007020230870693922;1.0,0.0,0.0,0.0
4.46;0.0,-0.019778041169047356,0.0073347678408026695;1.0,0.0,0.0,0.0
4.47;0.0,-0.02063896879553795,0.007654044311493635;1.0,0.0,0.0,0.0
4.48;0.0,-0.02151227742433548,0.007977915927767754;1.0,0.0,0.0,0.0
4.49;0.0,-0.022397585213184357,0.008306235074996948;1.0,0.0,0.0,0.0
4.5;0.0,-0.023294495418667793,0.008638857863843441;1.0,0.0,0.0,0.0
4.51;0.0,-0.024202609434723854,0.008975635282695293;1.0,0.0,0.0,0.0
4.52;0.0,-0.025121547281742096,0.009316426701843739;1.0,0.0,0.0,0.0
4.53;0.0,-0.02605089545249939,0.009661081247031689;1.0,0.0,0.0,0.0
4.54;0.0,-0.026990285143256187,0.010009456425905228;1.0,0.0,0.0,0.0
4.55;0.0,-0.02793930098414421,0.010361402295529842;1.0,0.0,0.0,0.0
4.56;0.0,-0.028897561132907867,0.01071677915751934;1.0,0.0,0.0,0.0
4.57;0.0,-0.02986467257142067,0.01107543520629406;1.0,0.0,0.0,0.0
4.58;0.0,-0.030840236693620682,0.011437226086854935;1.0,0.0,0.0,0.0
4.59;0.0,-0.031823866069316864,0.01180200930684805;1.0,0.0,0.0,0.0
4.6;0.0,-0.03281515836715698,0.01216963492333889;1.0,0.0,0.0,0.0
4.61;0.0,-0.033813729882240295,0.012539959512650967;1.0,0.0,0.0,0.0
4.62;0.0,-0.03481918200850487,0.01291283592581749;1.0,0.0,0.0,0.0
4.63;0.0,-0.03583113104104996,0.013288120739161968;1.0,0.0,0.0,0.0
4.64;0.0,-0.036849167197942734,0.01366566400974989;1.0,0.0,0.0,0.0
4.65;0.0,-0.037872910499572754,0.014045323245227337;1.0,0.0,0.0,0.0
4.66;0.0,-0.03890196233987808,0.014426950365304947;1.0,0.0,0.0,0.0
4.67;0.0,-0.03993592783808708,0.01481040008366108;1.0,0.0,0.0,0.0
4.68;0.0,-0.040974415838718414,0.015195529907941818;1.0,0.0,0.0,0.0
4.69;0.0,-0.04201703518629074,0.015582187101244926;1.0,0.0,0.0,0.0
4.7;0.0,-0.04306339472532272,0.01597023382782936;1.0,0.0,0.0,0.0
4.71;0.0,-0.04411309212446213,0.016359517350792885;1.0,0.0,0.0,0.0
4.72;0.0,-0.045165739953517914,0.016749897971749306;1.0,0.0,0.0,0.0
4.73;0.0,-0.046220939606428146,0.017141222953796387;1.0,0.0,0.0,0.0
4.74;0.0,-0.04727831110358238,0.017533354461193085;1.0,0.0,0.0,0.0
4.75;0.0,-0.04833744466304779,0.017926139757037163;1.0,0.0,0.0,0.0
4.76;0.0,-0.04939796030521393,0.01831943355500698;1.0,0.0,0.0,0.0
4.77;0.0,-0.05045946314930916,0.018713094294071198;1.0,0.0,0.0,0.0
4.78;0.0,-0.05152154341340065,0.019106972962617874;1.0,0.0,0.0,0.0
4.79;0.0,-0.05258382111787796,0.01950092241168022;1.0,0.0,0.0,0.0
4.8;0.0,-0.053645916283130646,0.019894804805517197;1.0,0.0,0.0,0.0
4.81;0.0,-0.05470741540193558,0.020288465544581413;1.0,0.0,0.0,0.0
4.82;0.0,-0.055767934769392014,0.02068176493048668;1.0,0.0,0.0,0.0
4.83;0.0,-0.056827060878276825,0.02107454463839531;1.0,0.0,0.0,0.0
4.84;0.0,-0.05788443610072136,0.021466676145792007;1.0,0.0,0.0,0.0
4.85;0.0,-0.05893963947892189,0.021858002990484238;1.0,0.0,0.0,0.0
4.86;0.0,-0.05999228358268738,0.02224837988615036;1.0,0.0,0.0,0.0
4.87;0.0,-0.061041977256536484,0.022637667134404182;1.0,0.0,0.0,0.0
4.88;0.0,-0.062088336795568466,0.02302571013569832;1.0,0.0,0.0,0.0
4.89;0.0,-0.06313095986843109,0.023412369191646576;1.0,0.0,0.0,0.0
4.9;0.0,-0.06416944414377213,0.023797499015927315;1.0,0.0,0.0,0.0
4.91;0.0,-0.06520341336727142,0.024180948734283447;1.0,0.0,0.0,0.0
4.92;0.0,-0.06623246520757675,0.02456257864832878;1.0,0.0,0.0,0.0
4.93;0.0,-0.06725620478391647,0.02494223415851593;1.0,0.0,0.0,0.0
4.94;0.0,-0.06827424466609955,0.02531978115439415;1.0,0.0,0.0,0.0
4.95;0.0,-0.06928619742393494,0.025695063173770905;1.0,0.0,0.0,0.0
4.96;0.0,-0.07029164582490921,0.02606794238090515;1.0,0.0,0.0,0.0
4.97;0.0,-0.07129020988941193,0.026438260450959206;1.0,0.0,0.0,0.0
4.98;0.0,-0.07228151708841324,0.02680589072406292;1.0,0.0,0.0,0.0
4.99;0.0,-0.07326515018939972,0.02717067115008831;1.0,0.0,0.0,0.0
5.0;0.0,-0.07424071431159973,0.027532467618584633;1.0,0.0,0.0,0.0
5.01;0.0,-0.07520779967308044,0.027891119942069054;1.0,0.0,0.0,0.0
5.02;0.0,-0.0761660784482956,0.028246495872735977;1.0,0.0,0.0,0.0
5.03;0.0,-0.07711510360240936,0.028598444536328316;1.0,0.0,0.0,0.0
5.04;0.0,-0.07805447280406952,0.02894681878387928;1.0,0.0,0.0,0.0
5.05;0.0,-0.078983835875988,0.029291469603776932;1.0,0.0,0.0,0.0
5.06;0.0,-0.0799027532339096,0.029632261022925377;1.0,0.0,0.0,0.0
5.07;0.0,-0.08081088215112686,0.029969044029712677;1.0,0.0,0.0,0.0
5.08;0.0,-0.08170779794454575,0.030301662161946297;1.0,0.0,0.0,0.0
5.09;0.0,-0.08259310573339462,0.03062998503446579;1.0,0.0,0.0,0.0
5.1;0.0,-0.08346640318632126,0.030953852459788322;1.0,0.0,0.0,0.0
5.11;0.0,-0.0843273401260376,0.03127313405275345;1.0,0.0,0.0,0.0
5.12;0.0,-0.08517546951770782,0.031587667763233185;1.0,0.0,0.0,0.0
5.13;0.0,-0.08601044863462448,0.031897321343421936;1.0,0.0,0.0,0.0
5.14;0.0,-0.08683185279369354,0.032201942056417465;1.0,0.0,0.0,0.0
5.15;0.0,-0.08763927221298218,0.032501380890607834;1.0,0.0,0.0,0.0
5.16;0.0,-0.08843236416578293,0.032795500010252;1.0,0.0,0.0,0.0
5.17;0.0,-0.08921069651842117,0.03308414667844772;1.0,0.0,0.0,0.0
5.18;0.0,-0.08997388184070587,0.033367179334163666;1.0,0.0,0.0,0.0
5.19;0.0,-0.09072154015302658,0.033644452691078186;1.0,0.0,0.0,0.0
5.2;0.0,-0.09145329147577286,0.033915821462869644;1.0,0.0,0.0,0.0
5.21;0.0,-0.09216869622468948,0.0341811329126358;1.0,0.0,0.0,0.0
5.22;0.0,-0.0928673967719078,0.03444024920463562;1.0,0.0,0.0,0.0
5.23;0.0,-0.0935489758849144,0.03469301760196686;1.0,0.0,0.0,0.0
5.24;0.0,-0.09421305358409882,0.034939296543598175;1.0,0.0,0.0,0.0
5.25;0.0,-0.09485925734043121,0.03517893701791763;1.0,0.0,0.0,0.0
5.26;0.0,-0.09548716247081757,0.03541180118918419;1.0,0.0,0.0,0.0
5.27;0.0,-0.09609638899564743,0.03563773259520531;1.0,0.0,0.0,0.0
5.28;0.0,-0.09668652713298798,0.035856589674949646;1.0,0.0,0.0,0.0
5.29;0.0,-0.09725721925497055,0.036068230867385864;1.0,0.0,0.0,0.0
5.3;0.0,-0.09780803322792053,0.036272503435611725;1.0,0.0,0.0,0.0
5.31;0.0,-0.09833860397338867,0.036469269543886185;1.0,0.0,0.0,0.0
5.32;0.0,-0.09884853661060333,0.03665837645530701;1.0,0.0,0.0,0.0
5.33;0.0,-0.09933741390705109,0.03683967515826225;1.0,0.0,0.0,0.0
5.34;0.0,-0.09980486333370209,0.03701303154230118;1.0,0.0,0.0,0.0
5.35;0.0,-0.1002504825592041,0.03717828914523125;1.0,0.0,0.0,0.0
5.36;0.0,-0.10067388415336609,0.03733530640602112;1.0,0.0,0.0,0.0
5.37;0.0,-0.10107466578483582,0.03748394176363945;1.0,0.0,0.0,0.0
5.38;0.0,-0.10145245492458344,0.03762403875589371;1.0,0.0,0.0,0.0
5.39;0.0,-0.10180681943893433,0.03775547072291374;1.0,0.0,0.0,0.0
5.4;0.0,-0.10213740170001984,0.037878070026636124;1.0,0.0,0.0,0.0
5.41;0.0,-0.10244378447532654,0.03799169138073921;1.0,0.0,0.0,0.0
5.42;0.0,-0.10272562503814697,0.03809621185064316;1.0,0.0,0.0,0.0
5.43;0.0,-0.10298246145248413,0.03819146007299423;1.0,0.0,0.0,0.0
5.44;0.0,-0.10321395099163055,0.03827729821205139;1.0,0.0,0.0,0.0
5.45;0.0,-0.10341964662075043,0.03835359960794449;1.0,0.0,0.0,0.0
5.46;0.0,-0.10359922051429749,0.0384201854467392;1.0,0.0,0.0,0.0
5.47;0.0,-0.1037522405385971,0.038476936519145966;1.0,0.0,0.0,0.0
5.48;0.0,-0.10387831926345825,0.03852368891239166;1.0,0.0,0.0,0.0
5.49;0.0,-0.10397708415985107,0.03856030851602554;1.0,0.0,0.0,0.0
5.5;0.0,-0.10404810309410095,0.03858664631843567;1.0,0.0,0.0,0.0
5.51;0.0,-0.10409098863601685,0.0386025607585907;1.0,0.0,0.0,0.0
5.52;0.0,-0.1041053757071495,0.038607899099588394;1.0,0.0,0.0,0.0
5.53;0.0,-0.1040903776884079,0.03860234096646309;1.0,0.0,0.0,0.0
5.54;0.0,-0.10404568910598755,0.038585763424634933;1.0,0.0,0.0,0.0
5.55;0.0,-0.1039717048406601,0.03855832666158676;1.0,0.0,0.0,0.0
5.56;0.0,-0.10386885702610016,0.03852018341422081;1.0,0.0,0.0,0.0
5.57;0.0,-0.10373755544424057,0.038471490144729614;1.0,0.0,0.0,0.0
5.58;0.0,-0.10357822477817535,0.03841239959001541;1.0,0.0,0.0,0.0
5.59;0.0,-0.10339127480983734,0.038343071937561035;1.0,0.0,0.0,0.0
5.6;0.0,-0.10317713767290115,0.03826365992426872;1.0,0.0,0.0,0.0
5.61;0.0,-0.10293622314929962,0.03817431256175041;1.0,0.0,0.0,0.0
5.62;0.0,-0.10266894847154617,0.038075197488069534;1.0,0.0,0.0,0.0
5.63;0.0,-0.10237573832273483,0.03796645626425743;1.0,0.0,0.0,0.0
5.64;0.0,-0.10205700248479843,0.037848252803087234;1.0,0.0,0.0,0.0
5.65;0.0,-0.10171317309141159,0.03772073984146118;1.0,0.0,0.0,0.0
5.66;0.0,-0.10134465247392654,0.03758407384157181;1.0,0.0,0.0,0.0
5.67;0.0,-0.10095186531543732,0.03743840754032135;1.0,0.0,0.0,0.0
5.68;0.0,-0.10053522884845734,0.037283897399902344;1.0,0.0,0.0,0.0
5.69;0.0,-0.10009516775608063,0.037120699882507324;1.0,0.0,0.0,0.0
5.7;0.0,-0.09963209927082062,0.03694896399974823;1.0,0.0,0.0,0.0
5.71;0.0,-0.09914643317461014,0.03676885366439819;1.0,0.0,0.0,0.0
5.72;0.0,-0.09863859415054321,0.03658052161335945;1.0,0.0,0.0,0.0
5.73;0.0,-0.09810899943113327,0.03638412058353424;1.0,0.0,0.0,0.0
5.74;0.0,-0.09755806624889374,0.0361798033118248;1.0,0.0,0.0,0.0
5.75;0.0,-0.09698621928691864,0.03596772998571396;1.0,0.0,0.0,0.0
5.76;0.0,-0.09639386832714081,0.03574805334210396;1.0,0.0,0.0,0.0
5.77;0.0,-0.09578143805265427,0.03552092984318733;1.0,0.0,0.0,0.0
5.78;0.0,-0.09514933824539185,0.035286515951156616;1.0,0.0,0.0,0.0
5.79;0.0,-0.09449800103902817,0.03504496067762375;1.0,0.0,0.0,0.0
5.8;0.0,-0.09382782876491547,0.03479642793536186;1.0,0.0,0.0,0.0
5.81;0.0,-0.09313925355672836,0.034541063010692596;1.0,0.0,0.0,0.0
5.82;0.0,-0.09243268519639969,0.03427903354167938;1.0,0.0,0.0,0.0
5.83;0.0,-0.09170854091644287,0.03401048481464386;1.0,0.0,0.0,0.0
5.84;0.0,-0.09096724539995193,0.033735573291778564;1.0,0.0,0.0,0.0
5.85;0.0,-0.09020921587944031,0.03345445543527603;1.0,0.0,0.0,0.0
5.86;0.0,-0.08943487703800201,0.0331672839820385;1.0,0.0,0.0,0.0
5.87;0.0,-0.08864463120698929,0.0328742191195488;1.0,0.0,0.0,0.0
5.88;0.0,-0.08783891797065735,0.032575417309999466;1.0,0.0,0.0,0.0
5.89;0.0,-0.08701812475919724,0.03227102383971214;1.0,0.0,0.0,0.0
5.9;0.0,-0.08618269860744476,0.03196120262145996;1.0,0.0,0.0,0.0
5.91;0.0,-0.08533304929733276,0.03164610639214516;1.0,0.0,0.0,0.0
5.92;0.0,-0.08446959406137466,0.03132588788866997;1.0,0.0,0.0,0.0
5.93;0.0,-0.0835927426815033,0.031000707298517227;1.0,0.0,0.0,0.0
5.94;0.0,-0.08270292729139328,0.030670713633298874;1.0,0.0,0.0,0.0
5.95;0.0,-0.08180055767297745,0.03033606708049774;1.0,0.0,0.0,0.0
5.96;0.0,-0.08088605850934982,0.029996920377016068;1.0,0.0,0.0,0.0
5.97;0.0,-0.07995983958244324,0.029653429985046387;1.0,0.0,0.0,0.0
5.98;0.0,-0.07902232557535172,0.029305750504136086;1.0,0.0,0.0,0.0
5.99;0.0,-0.07807394117116928,0.02895403653383255;1.0,0.0,0.0,0.0
6.0;0.0,-0.07711508870124817,0.028598442673683167;1.0,0.0,0.0,0.0
6.01;0.0,-0.076146200299263,0.02823912538588047;1.0,0.0,0.0,0.0
6.02;0.0,-0.0751676931977272,0.027876242995262146;1.0,0.0,0.0,0.0
6.03;0.0,-0.07417996972799301,0.027509942650794983;1.0,0.0,0.0,0.0
6.04;0.0,-0.07318347692489624,0.027140386402606964;1.0,0.0,0.0,0.0
6.05;0.0,-0.07217860221862793,0.026767726987600327;1.0,0.0,0.0,0.0
6.06;0.0,-0.0711657851934433,0.026392117142677307;1.0,0.0,0.0,0.0
6.07;0.0,-0.07014543563127518,0.02601371705532074;1.0,0.0,0.0,0.0
6.08;0.0,-0.069117970764637,0.02563267946243286;1.0,0.0,0.0,0.0
6.09;0.0,-0.06808381527662277,0.02524915710091591;1.0,0.0,0.0,0.0
6.1;0.0,-0.06704337894916534,0.024863308295607567;1.0,0.0,0.0,0.0
6.11;0.0,-0.06599709391593933,0.02447528950870037;1.0,0.0,0.0,0.0
6.12;0.0,-0.06494536995887756,0.02408525161445141;1.0,0.0,0.0,0.0
6.13;0.0,-0.06388861685991287,0.023693351075053215;1.0,0.0,0.0,0.0
6.14;0.0,-0.06282726675271988,0.023299746215343475;1.0,0.0,0.0,0.0
6.15;0.0,-0.06176173686981201,0.022904589772224426;1.0,0.0,0.0,0.0
6.16;0.0,-0.0606924332678318,0.022508032619953156;1.0,0.0,0.0,0.0
6.17;0.0,-0.059619784355163574,0.022110238671302795;1.0,0.0,0.0,0.0
6.18;0.0,-0.05854421108961105,0.021711358800530434;1.0,0.0,0.0,0.0
6.19;0.0,-0.05746612697839737,0.021311543881893158;1.0,0.0,0.0,0.0
6.2;0.0,-0.05638594925403595,0.02091095596551895;1.0,0.0,0.0,0.0
6.21;0.0,-0.05530410259962082,0.0205097496509552;1.0,0.0,0.0,0.0
6.22;0.0,-0.05422099679708481,0.020108073949813843;1.0,0.0,0.0,0.0
6.23;0.0,-0.05313705652952194,0.019706089049577713;1.0,0.0,0.0,0.0
6.24;0.0,-0.05205268785357475,0.019303949549794197;1.0,0.0,0.0,0.0
6.25;0.0,-0.05096833407878876,0.01890181191265583;1.0,0.0,0.0,0.0
6.26;0.0,-0.049884382635354996,0.01849982514977455;1.0,0.0,0.0,0.0
6.27;0.0,-0.048801273107528687,0.018098153173923492;1.0,0.0,0.0,0.0
6.28;0.0,-0.047719426453113556,0.017696939408779144;1.0,0.0,0.0,0.0
6.29;0.0,-0.046639252454042435,0.017296355217695236;1.0,0.0,0.0,0.0
6.3;0.0,-0.045561160892248154,0.01689654216170311;1.0,0.0,0.0,0.0
6.31;0.0,-0.04448559135198593,0.016497664153575897;1.0,0.0,0.0,0.0
6.32;0.0,-0.043412938714027405,0.01609986461699009;1.0,0.0,0.0,0.0
6.33;0.0,-0.04234364256262779,0.015703311190009117;1.0,0.0,0.0,0.0
6.34;0.0,-0.04127811640501022,0.015308156609535217;1.0,0.0,0.0,0.0
6.35;0.0,-0.040216755121946335,0.01491454616189003;1.0,0.0,0.0,0.0
6.36;0.0,-0.03916000947356224,0.014522647485136986;1.0,0.0,0.0,0.0
6.37;0.0,-0.03810827434062958,0.014132609590888023;1.0,0.0,0.0,0.0
6.38;0.0,-0.037061989307403564,0.013744588941335678;1.0,0.0,0.0,0.0
6.39;0.0,-0.036021556705236435,0.013358740136027336;1.0,0.0,0.0,0.0
6.4;0.0,-0.034987401217222214,0.012975219637155533;1.0,0.0,0.0,0.0
6.41;0.0,-0.03395994007587433,0.012594180181622505;1.0,0.0,0.0,0.0
6.42;0.0,-0.032939594238996506,0.012215781956911087;1.0,0.0,0.0,0.0
6.43;0.0,-0.031926777213811874,0.011840175837278366;1.0,0.0,0.0,0.0
6.44;0.0,-0.03092190995812416,0.011467516422271729;1.0,0.0,0.0,0.0
6.45;0.0,-0.029925402253866196,0.01109795831143856;1.0,0.0,0.0,0.0
6.46;0.0,-0.028937678784132004,0.010731657966971397;1.0,0.0,0.0,0.0
6.47;0.0,-0.027959171682596207,0.010368773713707924;1.0,0.0,0.0,0.0
6.48;0.0,-0.02699027583003044,0.010009454563260078;1.0,0.0,0.0,0.0
6.49;0.0,-0.026031434535980225,0.009653862565755844;1.0,0.0,0.0,0.0
6.5;0.0,-0.025083042681217194,0.009302148595452309;1.0,0.0,0.0,0.0
6.51;0.0,-0.02414553612470627,0.008954470977187157;1.0,0.0,0.0,0.0
6.52;0.0,-0.02321932464838028,0.008610980585217476;1.0,0.0,0.0,0.0
6.53;0.0,-0.02230481058359146,0.008271833881735802;1.0,0.0,0.0,0.0
6.54;0.0,-0.021402448415756226,0.007937183603644371;1.0,0.0,0.0,0.0
6.55;0.0,-0.02051263302564621,0.0076071955263614655;1.0,0.0,0.0,0.0
6.56;0.0,-0.019635789096355438,0.007282014936208725;1.0,0.0,0.0,0.0
6.57;0.0,-0.018772318959236145,0.006961796432733536;1.0,0.0,0.0,0.0
6.58;0.0,-0.017922677099704742,0.0066466983407735825;1.0,0.0,0.0,0.0
6.59;0.0,-0.01708725094795227,0.006336871534585953;1.0,0.0,0.0,0.0
6.6;0.0,-0.016266457736492157,0.006032481789588928;1.0,0.0,0.0,0.0
6.61;0.0,-0.015460744500160217,0.0057336799800395966;1.0,0.0,0.0,0.0
6.62;0.0,-0.014670491218566895,0.005440615117549896;1.0,0.0,0.0,0.0
6.63;0.0,-0.013896159827709198,0.005153447389602661;1.0,0.0,0.0,0.0
6.64;0.0,-0.01313813030719757,0.004872329533100128;1.0,0.0,0.0,0.0
6.65;0.0,-0.012396834790706635,0.004597418010234833;1.0,0.0,0.0,0.0
6.66;0.0,-0.011672690510749817,0.004328865557909012;1.0,0.0,0.0,0.0
6.67;0.0,-0.010966122150421143,0.004066836088895798;1.0,0.0,0.0,0.0
6.68;0.0,-0.010277539491653442,0.0038114674389362335;1.0,0.0,0.0,0.0
6.69;0.0,-0.009607374668121338,0.0035629384219646454;1.0,0.0,0.0,0.0
6.7;0.0,-0.00895603746175766,0.0033213868737220764;1.0,0.0,0.0,0.0
6.71;0.0,-0.008323930203914642,0.003086969256401062;1.0,0.0,0.0,0.0
6.72;0.0,-0.007711492478847504,0.002859845757484436;1.0,0.0,0.0,0.0
6.73;0.0,-0.0071191489696502686,0.002640165388584137;1.0,0.0,0.0,0.0
6.74;0.0,-0.006547294557094574,0.002428092062473297;1.0,0.0,0.0,0.0
6.75;0.0,-0.005996368825435638,0.002223782241344452;1.0,0.0,0.0,0.0
6.76;0.0,-0.005466774106025696,0.0020273812115192413;1.0,0.0,0.0,0.0
6.77;0.0,-0.004958942532539368,0.0018390417098999023;1.0,0.0,0.0,0.0
6.78;0.0,-0.004473283886909485,0.0016589388251304626;1.0,0.0,0.0,0.0
6.79;0.0,-0.004010215401649475,0.0014872103929519653;1.0,0.0,0.0,0.0
6.8;0.0,-0.0035701394081115723,0.0013240016996860504;1.0,0.0,0.0,0.0
6.81;0.0,-0.003153502941131592,0.001169491559267044;1.0,0.0,0.0,0.0
6.82;0.0,-0.0027607232332229614,0.0010238252580165863;1.0,0.0,0.0,0.0
6.83;0.0,-0.002392217516899109,0.000887162983417511;1.0,0.0,0.0,0.0
6.84;0.0,-0.0020483732223510742,0.0007596537470817566;1.0,0.0,0.0,0.0
6.85;0.0,-0.0017296522855758667,0.0006414465606212616;1.0,0.0,0.0,0.0
6.86;0.0,-0.0014364272356033325,0.0005327016115188599;1.0,0.0,0.0,0.0
6.87;0.0,-0.001169160008430481,0.00043357908725738525;1.0,0.0,0.0,0.0
6.88;0.0,-0.000928238034248352,0.0003442317247390747;1.0,0.0,0.0,0.0
6.89;0.0,-0.0007140934467315674,0.00026482343673706055;1.0,0.0,0.0,0.0
6.9;0.0,-0.0005271583795547485,0.00019549578428268433;1.0,0.0,0.0,0.0
6.91;0.0,-0.0003678351640701294,0.0001364201307296753;1.0,0.0,0.0,0.0
6.92;0.0,-0.00023652613162994385,8.771568536758423e-05;1.0,0.0,0.0,0.0
6.93;0.0,-0.00013367831707000732,4.957616329193115e-05;1.0,0.0,0.0,0.0
6.94;0.0,-5.970895290374756e-05,2.2135674953460693e-05;1.0,0.0,0.0,0.0
6.95;0.0,-1.500546932220459e-05,5.5730342864990234e-06;1.0,0.0,0.0,0.0
6.96;0.0,0.0,0.0;1.0,0.0,0.0,0.0
6.97;0.0,0.0,0.0;1.0,0.0,0.0,0.0
6.98;0.0,0.0,0.0;1.0,0.0,0.0,0.0
6.99;0.0,0.0,0.0;1.0,0.0,0.0,0.0
7.0;0.0,0.0,0.0;1.0,0.0,0.0,0.0
7.01;0.0,0.0,0.0;1.0,0.0,0.0,0.0
7.02;0.0,0.0,0.0;1.0,0.0,0.0,0.0
7.03;0.0,0.0,0.0;1.0,0.0,0.0,0.0
7.04;0.0,0.0,0.0;1.0,0.0,0.0,0.0
7.05;0.0,0.0,0.0;1.0,0.0,0.0,0.0
7.06;0.0,0.0,0.0;1.0,0.0,0.0,0.0
7.07;0.0,0.0,0.0;1.0,0.0,0.0,0.0
7.08;0.0,0.0,0.0;1.0,0.0,0.0,0.0
7.09;0.0,0.0,0.0;1.0,0.0,0.0,0.0
7.1;0.0,0.0,0.0;1.0,0.0,0.0,0.0
7.11;0.0,0.0,0.0;1.0,0.0,0.0,0.0
7.12;0.0,0.0,0.0;1.0,0.0,0.0,0.0
7.13;0.0,0.0,0.0;1.0,0.0,0.0,0.0
7.14;0.0,0.0,0.0;1.0,0.0,0.0,0.0
7.15;0.0,0.0,0.0;1.0,0.0,0.0,0.0
7.16;0.0,0.0,0.0;1.0,0.0,0.0,0.0
7.17;0.0,0.0,0.0;1.0,0.0,0.0,0.0
7.18;0.0,0.0,0.0;1.0,0.0,0.0,0.0
7.19;0.0,0.0,0.0;1.0,0.0,0.0,0.0
7.2;0.0,0.0,0.0;1.0,0.0,0.0,0.0
7.21;0.0,0.0,0.0;1.0,0.0,0.0,0.0
7.22;0.0,0.0,0.0;1.0,0.0,0.0,0.0
7.23;0.0,0.0,0.0;1.0,0.0,0.0,0.0
7.24;0.0,0.0,0.0;1.0,0.0,0.0,0.0
7.25;0.0,0.0,0.0;1.0,0.0,0.0,0.0
7.26;0.0,0.0,0.0;1.0,0.0,0.0,0.0
7.27;0.0,0.0,0.0;1.0,0.0,0.0,0.0
7.28;0.0,0.0,0.0;1.0,0.0,0.0,0.0
7.29;0.0,0.0,0.0;1.0,0.0,0.0,0.0
7.3;0.0,0.0,0.0;1.0,0.0,0.0,0.0
7.31;0.0,0.0,0.0;1.0,0.0,0.0,0.0
7.32;0.0,0.0,0.0;1.0,0.0,0.0,0.0
7.33;0.0,0.0,0.0;1.0,0.0,0.0,0.0
7.34;0.0,0.0,0.0;1.0,0.0,0.0,0.0
7.35;0.0,0.0,0.0;1.0,0.0,0.0,0.0
7.36;0.0,0.0,0.0;1.0,0.0,0.0,0.0
7.37;0.0,0.0,0.0;1.0,0.0,0.0,0.0
7.38;0.0,0.0,0.0;1.0,0.0,0.0,0.0
7.39;0.0,0.0,0.0;1.0,0.0,0.0,0.0
7.4;0.0,0.0,0.0;1.0,0.0,0.0,0.0
7.41;0.0,0.0,0.0;1.0,0.0,0.0,0.0
7.42;0.0,0.0,0.0;1.0,0.0,0.0,0.0
7.43;0.0,0.0,0.0;1.0,0.0,0.0,0.0
7.44;0.0,0.0,0.0;1.0,0.0,0.0,0.0
7.45;0.0,0.0,0.0;1.0,0.0,0.0,0.0
7.46;0.0,0.0,0.0;1.0,0.0,0.0,0.0
7.47;0.0,0.0,0.0;1.0,0.0,0.0,0.0
7.48;0.0,0.0,0.0;1.0,0.0,0.0,0.0
7.49;0.0,0.0,0.0;1.0,0.0,0.0,0.0
7.5;0.0,0.0,0.0;1.0,0.0,0.0,0.0
7.51;0.0,0.0,0.0;1.0,0.0,0.0,0.0
7.52;0.0,0.0,0.0;1.0,0.0,0.0,0.0
7.53;0.0,0.0,0.0;1.0,0.0,0.0,0.0
7.54;0.0,0.0,0.0;1.0,0.0,0.0,0.0
7.55;0.0,0.0,0.0;1.0,0.0,0.0,0.0
7.56;0.0,0.0,0.0;1.0,0.0,0.0,0.0
7.57;0.0,0.0,0.0;1.0,0.0,0.0,0.0
7.58;0.0,0.0,0.0;1.0,0.0,0.0,0.0
7.59;0.0,0.0,0.0;1.0,0.0,0.0,0.0
7.6;0.0,0.0,0.0;1.0,0.0,0.0,0.0
7.61;0.0,0.0,0.0;1.0,0.0,0.0,0.0
7.62;0.0,0.0,0.0;1.0,0.0,0.0,0.0
7.63;0.0,0.0,0.0;1.0,0.0,0.0,0.0
7.64;0.0,0.0,0.0;1.0,0.0,0.0,0.0
7.65;0.0,0.0,0.0;1.0,0.0,0.0,0.0
7.66;0.0,0.0,0.0;1.0,0.0,0.0,0.0
7.67;0.0,0.0,0.0;1.0,0.0,0.0,0.0
7.68;0.0,0.0,0.0;1.0,0.0,0.0,0.0
7.69;0.0,0.0,0.0;1.0,0.0,0.0,0.0
7.7;0.0,0.0,0.0;1.0,0.0,0.0,0.0
7.71;0.0,0.0,0.0;1.0,0.0,0.0,0.0
7.72;0.0,0.0,0.0;1.0,0.0,0.0,0.0
7.73;0.0,0.0,0.0;1.0,0.0,0.0,0.0
7.74;0.0,0.0,0.0;1.0,0.0,0.0,0.0
7.75;0.0,0.0,0.0;1.0,0.0,0.0,0.0
7.76;0.0,0.0,0.0;1.0,0.0,0.0,0.0
7.77;0.0,0.0,0.0;1.0,0.0,0.0,0.0
7.78;0.0,0.0,0.0;1.0,0.0,0.0,0.0
7.79;0.0,0.0,0.0;1.0,0.0,0.0,0.0
7.8;0.0,0.0,0.0;1.0,0.0,0.0,0.0
7.81;0.0,0.0,0.0;1.0,0.0,0.0,0.0
7.82;0.0,0.0,0.0;1.0,0.0,0.0,0.0
7.83;0.0,0.0,0.0;1.0,0.0,0.0,0.0
7.84;0.0,0.0,0.0;1.0,0.0,0.0,0.0
7.85;0.0,0.0,0.0;1.0,0.0,0.0,0.0
7.86;0.0,0.0,0.0;1.0,0.0,0.0,0.0
7.87;0.0,0.0,0.0;1.0,0.0,0.0,0.0
7.88;0.0,0.0,0.0;1.0,0.0,0.0,0.0
7.89;0.0,0.0,0.0;1.0,0.0,0.0,0.0
7.9;0.0,0.0,0.0;1.0,0.0,0.0,0.0
7.91;0.0,0.0,0.0;1.0,0.0,0.0,0.0
7.92;0.0,0.0,0.0;1.0,0.0,0.0,0.0
7.93;0.0,0.0,0.0;1.0,0.0,0.0,0.0
7.94;0.0,0.0,0.0;1.0,0.0,0.0,0.0
7.95;0.0,0.0,0.0;1.0,0.0,0.0,0.0
7.96;0.0,0.0,0.0;1.0,0.0,0.0,0.0
7.97;0.0,0.0,0.0;1.0,0.0,0.0,0.0
7.98;0.0,0.0,0.0;1.0,0.0,0.0,0.0
7.99;0.0,0.0,0.0;1.0,0.0,0.0,0.0
8.0;0.0,0.0,0.0;1.0,0.0,0.0,0.0
8.01;0.0,0.0,0.0;1.0,0.0,0.0,0.0
8.02;0.0,0.0,0.0;1.0,0.0,0.0,0.0
8.03;0.0,0.0,0.0;1.0,0.0,0.0,0.0
8.04;0.0,0.0,0.0;1.0,0.0,0.0,0.0
8.05;0.0,0.0,0.0;1.0,0.0,0.0,0.0
8.06;0.0,0.0,0.0;1.0,0.0,0.0,0.0
8.07;0.0,0.0,0.0;1.0,0.0,0.0,0.0
8.08;0.0,0.0,0.0;1.0,0.0,0.0,0.0
8.09;0.0,0.0,0.0;1.0,0.0,0.0,0.0
8.1;0.0,0.0,0.0;1.0,0.0,0.0,0.0
8.11;0.0,0.0,0.0;1.0,0.0,0.0,0.0
8.12;0.0,0.0,0.0;1.0,0.0,0.0,0.0
8.13;0.0,0.0,0.0;1.0,0.0,0.0,0.0
8.14;0.0,0.0,0.0;1.0,0.0,0.0,0.0
8.15;0.0,0.0,0.0;1.0,0.0,0.0,0.0
8.16;4.835288109461544e-06,-3.8019763451302424e-05,-4.198827355139656e-06;1.0,0.0,0.0,0.0
8.17;1.9230315956519917e-05,-0.0001512075396021828,-1.6699061234248802e-05;1.0,0.0,0.0,0.0
8.18;4.301882290747017e-05,-0.0003382560098543763,-3.735632708412595e-05;1.0,0.0,0.0,0.0
8.19;7.603456469951198e-05,-0.0005978580447845161,-6.602625944651663e-05;1.0,0.0,0.0,0.0
8.2;0.0001181112602353096,-0.0009287061984650791,-0.00010256446694256738;1.0,0.0,0.0,0.0
8.21;0.0001690826757112518,-0.0013294932432472706,-0.0001468265982111916;1.0,0.0,0.0,0.0
8.22;0.00022878253366798162,-0.001798911951482296,-0.00019866827642545104;1.0,0.0,0.0,0.0
8.23;0.0002970446366816759,-0.002335655502974987,-0.00025794515386223793;1.0,0.0,0.0,0.0
8.24;0.0003737026418093592,-0.002938415389508009,-0.0003245128027629107;1.0,0.0,0.0,0.0
8.25;0.0004585903661791235,-0.003605885664001107,-0.00039822683902457356;1.0,0.0,0.0,0.0
8.26;0.0005515414522960782,-0.004336758051067591,-0.00047894296585582197;1.0,0.0,0.0,0.0
8.27;0.0006523898337036371,-0.005129726137965918,-0.0005665167700499296;1.0,0.0,0.0,0.0
8.28;0.0007609690073877573,-0.005983482114970684,-0.0006608039257116616;1.0,0.0,0.0,0.0
8.29;0.0008771128486841917,-0.006896718870848417,-0.0007616599905304611;1.0,0.0,0.0,0.0
8.3;0.0010006552329286933,-0.007868128828704357,-0.0008689406677149236;1.0,0.0,0.0,0.0
8.31;0.0011314298026263714,-0.00889640673995018,-0.000982501544058323;1.0,0.0,0.0,0.0
8.32;0.0012692700838670135,-0.009980241768062115,-0.0011021981481462717;1.0,0.0,0.0,0.0
8.33;0.0014140100684016943,-0.01111832819879055,-0.0012278862996026874;1.0,0.0,0.0,0.0
8.34;0.0015654832823202014,-0.012309360317885876,-0.0013594214105978608;1.0,0.0,0.0,0.0
8.35;0.0017235239502042532,-0.013552029617130756,-0.0014966592425480485;1.0,0.0,0.0,0.0
8.36;0.001887965016067028,-0.014845025725662708,-0.0016394553240388632;1.0,0.0,0.0,0.0
8.37;0.00205864105373621,-0.016187049448490143,-0.0017876655329018831;1.0,0.0,0.0,0.0
8.38;0.0022353853564709425,-0.017576783895492554,-0.001941145397722721;1.0,0.0,0.0,0.0
8.39;0.0024180319160223007,-0.019012929871678352,-0.002099750330671668;1.0,0.0,0.0,0.0
8.4;0.002606414258480072,-0.02049417421221733,-0.0022633359767496586;1.0,0.0,0.0,0.0
8.41;0.002800365909934044,-0.022019213065505028,-0.0024317584466189146;1.0,0.0,0.0,0.0
8.42;0.002999720862135291,-0.023586736992001534,-0.0026048726867884398;1.0,0.0,0.0,0.0
8.43;0.0032043131068348885,-0.025195442140102386,-0.002782534807920456;1.0,0.0,0.0,0.0
8.44;0.003413976402953267,-0.026844020932912827,-0.0029646004550158978;1.0,0.0,0.0,0.0
8.45;0.0036285442765802145,-0.028531160205602646,-0.003150925040245056;1.0,0.0,0.0,0.0
8.46;0.0038478500209748745,-0.03025555983185768,-0.0033413642086088657;1.0,0.0,0.0,0.0
8.47;0.004071728326380253,-0.032015908509492874,-0.003535773605108261;1.0,0.0,0.0,0.0
8.48;0.004300011787563562,-0.033810894936323166,-0.003734008641913533;1.0,0.0,0.0,0.0
8.49;0.004532535560429096,-0.03563922271132469,-0.00393592519685626;1.0,0.0,0.0,0.0
8.5;0.004769131541252136,-0.037499576807022095,-0.004141378682106733;1.0,0.0,0.0,0.0
8.51;0.005009635351598263,-0.039390649646520615,-0.004350225441157818;1.0,0.0,0.0,0.0
8.52;0.005253879819065332,-0.04131113737821579,-0.004562320187687874;1.0,0.0,0.0,0.0
8.53;0.005501698702573776,-0.04325973242521286,-0.004777519032359123;1.0,0.0,0.0,0.0
8.54;0.005752926226705313,-0.045235127210617065,-0.004995677620172501;1.0,0.0,0.0,0.0
8.55;0.006007395219057798,-0.04723601043224335,-0.005216651596128941;1.0,0.0,0.0,0.0
8.56;0.006264939904212952,-0.049261078238487244,-0.0054402961395680904;1.0,0.0,0.0,0.0
8.57;0.006525393575429916,-0.051309019327163696,-0.005666466895490885;1.0,0.0,0.0,0.0
8.58;0.006788591854274273,-0.05337854102253914,-0.00589502090588212;1.0,0.0,0.0,0.0
8.59;0.007054366171360016,-0.055468324571847916,-0.0061258114874362946;1.0,0.0,0.0,0.0
8.6;0.007322551682591438,-0.05757705867290497,-0.006358696147799492;1.0,0.0,0.0,0.0
8.61;0.007592981215566397,-0.059703439474105835,-0.006593530066311359;1.0,0.0,0.0,0.0
8.62;0.007865489460527897,-0.061846159398555756,-0.006830167956650257;1.0,0.0,0.0,0.0
8.63;0.008139909245073795,-0.06400392204523087,-0.007068466395139694;1.0,0.0,0.0,0.0
8.64;0.008416074328124523,-0.06617540121078491,-0.007308280095458031;1.0,0.0,0.0,0.0
8.65;0.008693819865584373,-0.06835930794477463,-0.00754946656525135;1.0,0.0,0.0,0.0
8.66;0.008972978219389915,-0.07055432349443436,-0.007791880052536726;1.0,0.0,0.0,0.0
8.67;0.009253383614122868,-0.07275913655757904,-0.008035375736653805;1.0,0.0,0.0,0.0
8.68;0.009534869343042374,-0.07497245073318481,-0.008279809728264809;1.0,0.0,0.0,0.0
8.69;0.009817268699407578,-0.07719295471906662,-0.008525037206709385;1.0,0.0,0.0,0.0
8.7;0.010100416839122772,-0.07941934466362,-0.008770915679633617;1.0,0.0,0.0,0.0
8.71;0.010384147055447102,-0.08165031671524048,-0.009017299860715866;1.0,0.0,0.0,0.0
8.72;0.01066829264163971,-0.08388453722000122,-0.009264044463634491;1.0,0.0,0.0,0.0
8.73;0.010952688753604889,-0.08612074702978134,-0.009511005133390427;1.0,0.0,0.0,0.0
8.74;0.011237168684601784,-0.0883575975894928,-0.009758038446307182;1.0,0.0,0.0,0.0
8.75;0.011521562933921814,-0.09059378504753113,-0.010004999116063118;1.0,0.0,0.0,0.0
8.76;0.011805709451436996,-0.09282802045345306,-0.010251743718981743;1.0,0.0,0.0,0.0
8.77;0.012089438736438751,-0.09505898505449295,-0.010498126968741417;1.0,0.0,0.0,0.0
8.78;0.01237258780747652,-0.09728537499904633,-0.0107440035790205;1.0,0.0,0.0,0.0
8.79;0.012654988095164299,-0.09950588643550873,-0.0109892338514328;1.0,0.0,0.0,0.0
8.8;0.012936473824083805,-0.1017192006111145,-0.01123366691172123;1.0,0.0,0.0,0.0
8.81;0.013216878287494183,-0.10392401367425919,-0.011477163061499596;1.0,0.0,0.0,0.0
8.82;0.0134960375726223,-0.10611902177333832,-0.01171957515180111;1.0,0.0,0.0,0.0
8.83;0.013773782178759575,-0.10830293595790863,-0.011960761621594429;1.0,0.0,0.0,0.0
8.84;0.014049947261810303,-0.11047442257404327,-0.01220057625323534;1.0,0.0,0.0,0.0
8.85;0.014324367046356201,-0.11263217031955719,-0.012438873760402203;1.0,0.0,0.0,0.0
8.86;0.014596876688301563,-0.11477489769458771,-0.012675512582063675;1.0,0.0,0.0,0.0
8.87;0.014867305755615234,-0.11690127849578857,-0.012910347431898117;1.0,0.0,0.0,0.0
8.88;0.015135490335524082,-0.11901001632213593,-0.01314323116093874;1.0,0.0,0.0,0.0
8.89;0.0154012655839324,-0.1210997924208641,-0.013374022208154202;1.0,0.0,0.0,0.0
8.9;0.015664462000131607,-0.12316931784152985,-0.013602576218545437;1.0,0.0,0.0,0.0
8.91;0.015924915671348572,-0.1252172589302063,-0.013828746043145657;1.0,0.0,0.0,0.0
8.92;0.016182461753487587,-0.1272423267364502,-0.014052391052246094;1.0,0.0,0.0,0.0
8.93;0.016436930745840073,-0.12924320995807648,-0.014273364096879959;1.0,0.0,0.0,0.0
8.94;0.016688156872987747,-0.13121861219406128,-0.014491522684693336;1.0,0.0,0.0,0.0
8.95;0.016935978084802628,-0.13316720724105835,-0.014706721529364586;1.0,0.0,0.0,0.0
8.96;0.017180223017930984,-0.13508768379688263,-0.014918817207217216;1.0,0.0,0.0,0.0
8.97;0.017420725896954536,-0.13697876036167145,-0.015127663500607014;1.0,0.0,0.0,0.0
8.98;0.017657320946455002,-0.13883909583091736,-0.015333117917180061;1.0,0.0,0.0,0.0
8.99;0.0178898423910141,-0.14066742360591888,-0.015535032376646996;1.0,0.0,0.0,0.0
9.0;0.018118128180503845,-0.14246241748332977,-0.015733269974589348;1.0,0.0,0.0,0.0
9.01;0.01834200695157051,-0.14422276616096497,-0.01592767983675003;1.0,0.0,0.0,0.0
9.02;0.018561311066150665,-0.1459471732378006,-0.016118118539452553;1.0,0.0,0.0,0.0
9.03;0.018775878474116325,-0.1476343274116516,-0.016304440796375275;1.0,0.0,0.0,0.0
9.04;0.01898554153740406,-0.14928287267684937,-0.016486508771777153;1.0,0.0,0.0,0.0
9.05;0.01919013448059559,-0.15089160203933716,-0.0166641678661108;1.0,0.0,0.0,0.0
9.06;0.01938948780298233,-0.15245909988880157,-0.016837283968925476;1.0,0.0,0.0,0.0
9.07;0.01958344131708145,-0.15398414433002472,-0.01700570620596409;1.0,0.0,0.0,0.0
9.08;0.019771825522184372,-0.15546539425849915,-0.017169291153550148;1.0,0.0,0.0,0.0
9.09;0.019954470917582512,-0.1569015383720398,-0.017327897250652313;1.0,0.0,0.0,0.0
9.1;0.020131215453147888,-0.1582912802696228,-0.017481377348303795;1.0,0.0,0.0,0.0
9.11;0.02030189149081707,-0.15963329374790192,-0.017629586160182953;1.0,0.0,0.0,0.0
9.12;0.020466329529881477,-0.16092631220817566,-0.017772382125258446;1.0,0.0,0.0,0.0
9.13;0.020624371245503426,-0.162168949842453,-0.017909618094563484;1.0,0.0,0.0,0.0
9.14;0.020775847136974335,-0.16336001455783844,-0.018041156232357025;1.0,0.0,0.0,0.0
9.15;0.020920587703585625,-0.16449809074401855,-0.01816684380173683;1.0,0.0,0.0,0.0
9.16;0.021058425307273865,-0.16558191180229187,-0.018286539241671562;1.0,0.0,0.0,0.0
9.17;0.02118920162320137,-0.1666102111339569,-0.018400102853775024;1.0,0.0,0.0,0.0
9.18;0.021312739700078964,-0.16758158802986145,-0.01850738190114498;1.0,0.0,0.0,0.0
9.19;0.02142888866364956,-0.16849485039710999,-0.01860824041068554;1.0,0.0,0.0,0.0
9.2;0.02153746411204338,-0.1693485975265503,-0.018702523782849312;1.0,0.0,0.0,0.0
9.21;0.02163831517100334,-0.1701415479183197,-0.018790099769830704;1.0,0.0,0.0,0.0
9.22;0.021731264889240265,-0.17087244987487793,-0.018870817497372627;1.0,0.0,0.0,0.0
9.23;0.021816149353981018,-0.17153987288475037,-0.018944526091217995;1.0,0.0,0.0,0.0
9.24;0.021892812103033066,-0.17214268445968628,-0.01901109889149666;1.0,0.0,0.0,0.0
9.25;0.021961070597171783,-0.17267939448356628,-0.019070371985435486;1.0,0.0,0.0,0.0
9.26;0.022020772099494934,-0.17314884066581726,-0.01912221685051918;1.0,0.0,0.0,0.0
9.27;0.02207174152135849,-0.173549622297287,-0.019166477024555206;1.0,0.0,0.0,0.0
9.28;0.022113822400569916,-0.1738804578781128,-0.01920301467180252;1.0,0.0,0.0,0.0
9.29;0.022146832197904587,-0.17414003610610962,-0.019231688231229782;1.0,0.0,0.0,0.0
9.3;0.022170625627040863,-0.17432710528373718,-0.019252341240644455;1.0,0.0,0.0,0.0
9.31;0.02218502014875412,-0.17444032430648804,-0.019264843314886093;1.0,0.0,0.0,0.0
9.32;0.022189855575561523,-0.17447832226753235,-0.01926904171705246;1.0,0.0,0.0,0.0
9.33;0.022185102105140686,-0.17444093525409698,-0.019264914095401764;1.0,0.0,0.0,0.0
9.34;0.02217094786465168,-0.17432965338230133,-0.01925262250006199;1.0,0.0,0.0,0.0
9.35;0.022147556766867638,-0.17414572834968567,-0.019232310354709625;1.0,0.0,0.0,0.0
9.36;0.022115088999271393,-0.17389044165611267,-0.019204117357730865;1.0,0.0,0.0,0.0
9.37;0.022073708474636078,-0.173565074801445,-0.019168183207511902;1.0,0.0,0.0,0.0
9.38;0.022023575380444527,-0.17317087948322296,-0.019124649465084076;1.0,0.0,0.0,0.0
9.39;0.02196485549211502,-0.1727091521024704,-0.01907365769147873;1.0,0.0,0.0,0.0
9.4;0.021897707134485245,-0.1721811592578888,-0.019015345722436905;1.0,0.0,0.0,0.0
9.41;0.021822290495038033,-0.17158816754817963,-0.018949858844280243;1.0,0.0,0.0,0.0
9.42;0.021738773211836815,-0.17093147337436676,-0.018877336755394936;1.0,0.0,0.0,0.0
9.43;0.021647313609719276,-0.17021234333515167,-0.018797915428876877;1.0,0.0,0.0,0.0
9.44;0.02154807560145855,-0.16943202912807465,-0.018711740151047707;1.0,0.0,0.0,0.0
9.45;0.021441221237182617,-0.16859184205532074,-0.018618950620293617;1.0,0.0,0.0,0.0
9.46;0.021326912567019463,-0.16769301891326904,-0.0185196865350008;1.0,0.0,0.0,0.0
9.47;0.02120530791580677,-0.16673685610294342,-0.0184140894562006;1.0,0.0,0.0,0.0
9.48;0.02107657678425312,-0.16572462022304535,-0.018302300944924355;1.0,0.0,0.0,0.0
9.49;0.02094087190926075,-0.1646575927734375,-0.01818445883691311;1.0,0.0,0.0,0.0
9.5;0.02079836279153824,-0.16353704035282135,-0.01806071028113365;1.0,0.0,0.0,0.0
9.51;0.02064920961856842,-0.16236424446105957,-0.01793118752539158;1.0,0.0,0.0,0.0
9.52;0.02049357257783413,-0.16114048659801483,-0.01779603771865368;1.0,0.0,0.0,0.0
9.53;0.020331615582108498,-0.15986701846122742,-0.017655398696660995;1.0,0.0,0.0,0.0
9.54;0.02016349881887436,-0.1585451364517212,-0.01750941202044487;1.0,0.0,0.0,0.0
9.55;0.019989388063549995,-0.15717609226703644,-0.017358217388391495;1.0,0.0,0.0,0.0
9.56;0.01980944164097309,-0.15576116740703583,-0.01720195822417736;1.0,0.0,0.0,0.0
9.57;0.01962382346391678,-0.15430165827274323,-0.01704077236354351;1.0,0.0,0.0,0.0
9.58;0.01943269371986389,-0.1527988165616989,-0.016874801367521286;1.0,0.0,0.0,0.0
9.59;0.019236216321587563,-0.15125392377376556,-0.01670418493449688;1.0,0.0,0.0,0.0
9.6;0.019034553319215775,-0.14966824650764465,-0.016529066488146782;1.0,0.0,0.0,0.0
9.61;0.01882786676287651,-0.14804308116436005,-0.016349585726857185;1.0,0.0,0.0,0.0
9.62;0.018616318702697754,-0.14637966454029083,-0.016165882349014282;1.0,0.0,0.0,0.0
9.63;0.018400069326162338,-0.14467930793762207,-0.015978097915649414;1.0,0.0,0.0,0.0
9.64;0.018179280683398247,-0.14294326305389404,-0.015786372125148773;1.0,0.0,0.0,0.0
9.65;0.01795411854982376,-0.14117281138896942,-0.01559084840118885;1.0,0.0,0.0,0.0
9.66;0.017724741250276566,-0.13936923444271088,-0.015391663648188114;1.0,0.0,0.0,0.0
9.67;0.017491314560174942,-0.13753379881381989,-0.01518896222114563;1.0,0.0,0.0,0.0
9.68;0.017253996804356575,-0.13566778600215912,-0.01498288195580244;1.0,0.0,0.0,0.0
9.69;0.017012951895594597,-0.13377244770526886,-0.014773566275835037;1.0,0.0,0.0,0.0
9.7;0.01676834188401699,-0.13184908032417297,-0.014561152085661888;1.0,0.0,0.0,0.0
9.71;0.01652032881975174,-0.12989896535873413,-0.014345785602927208;1.0,0.0,0.0,0.0
9.72;0.016269074752926826,-0.12792333960533142,-0.01412760280072689;1.0,0.0,0.0,0.0
9.73;0.016014738008379936,-0.1259235143661499,-0.013906745240092278;1.0,0.0,0.0,0.0
9.74;0.01575748808681965,-0.12390075623989105,-0.013683355413377285;1.0,0.0,0.0,0.0
9.75;0.015497480519115925,-0.12185633182525635,-0.013457573018968105;1.0,0.0,0.0,0.0
9.76;0.01523488201200962,-0.11979152262210846,-0.01322953961789608;1.0,0.0,0.0,0.0
9.77;0.014969849959015846,-0.11770758777856827,-0.012999393045902252;1.0,0.0,0.0,0.0
9.78;0.014702552929520607,-0.11560583114624023,-0.012767279520630836;1.0,0.0,0.0,0.0
9.79;0.014433145523071289,-0.11348748207092285,-0.012533334083855152;1.0,0.0,0.0,0.0
9.8;0.014161794446408749,-0.11135385930538177,-0.012297701090574265;1.0,0.0,0.0,0.0
9.81;0.01388865988701582,-0.10920621454715729,-0.012060518376529217;1.0,0.0,0.0,0.0
9.82;0.013613906688988209,-0.10704582929611206,-0.011821930296719074;1.0,0.0,0.0,0.0
9.83;0.013337693177163601,-0.10487396270036697,-0.01158207468688488;1.0,0.0,0.0,0.0
9.84;0.013060184195637703,-0.10269191861152649,-0.01134109403938055;1.0,0.0,0.0,0.0
9.85;0.012781539931893349,-0.10050094872713089,-0.011099127121269703;1.0,0.0,0.0,0.0
9.86;0.01250192429870367,-0.09830233454704285,-0.010856316424906254;1.0,0.0,0.0,0.0
9.87;0.012221496552228928,-0.09609734266996384,-0.010612801648676395;1.0,0.0,0.0,0.0
9.88;0.011940421536564827,-0.09388726204633713,-0.010368723422288895;1.0,0.0,0.0,0.0
9.89;0.011658860370516777,-0.091673344373703,-0.010124223306775093;1.0,0.0,0.0,0.0
9.9;0.011376976035535336,-0.08945689350366592,-0.009879443794488907;1.0,0.0,0.0,0.0
9.91;0.011094927787780762,-0.08723916113376617,-0.00963452085852623;1.0,0.0,0.0,0.0
9.92;0.010812880471348763,-0.08502142131328583,-0.009389598853886127;1.0,0.0,0.0,0.0
9.93;0.010530993342399597,-0.08280495554208755,-0.009144816547632217;1.0,0.0,0.0,0.0
9.94;0.010249434970319271,-0.08059107512235641,-0.008900320157408714;1.0,0.0,0.0,0.0
9.95;0.009968359023332596,-0.07838097214698792,-0.008656240999698639;1.0,0.0,0.0,0.0
9.96;0.009687932208180428,-0.0761759877204895,-0.00841272622346878;1.0,0.0,0.0,0.0
9.97;0.0094083147123456,-0.07397735118865967,-0.008169914595782757;1.0,0.0,0.0,0.0
9.98;0.00912967324256897,-0.07178640365600586,-0.007927948608994484;1.0,0.0,0.0,0.0
9.99;0.008852163329720497,-0.06960434466600418,-0.007686967495828867;1.0,0.0,0.0,0.0
10.0;0.008575948886573315,-0.06743249297142029,-0.007447110954672098;1.0,0.0,0.0,0.0
10.01;0.00830119475722313,-0.06527209281921387,-0.007208521943539381;1.0,0.0,0.0,0.0
10.02;0.00802806206047535,-0.06312446296215057,-0.00697134155780077;1.0,0.0,0.0,0.0
10.03;0.007756710983812809,-0.0609908252954483,-0.006735707633197308;1.0,0.0,0.0,0.0
10.04;0.0074873026460409164,-0.05887249857187271,-0.006501762196421623;1.0,0.0,0.0,0.0
10.05;0.007220003753900528,-0.05677071958780289,-0.006269646808505058;1.0,0.0,0.0,0.0
10.06;0.006954973563551903,-0.05468679964542389,-0.006039503030478954;1.0,0.0,0.0,0.0
10.07;0.006692374125123024,-0.05262197554111481,-0.00581146776676178;1.0,0.0,0.0,0.0
10.08;0.006432367488741875,-0.0505775511264801,-0.0055856853723526;1.0,0.0,0.0,0.0
10.09;0.006175114773213863,-0.048554785549640656,-0.005362295545637608;1.0,0.0,0.0,0.0
10.1;0.005920781753957272,-0.046554967761039734,-0.005141438916325569;1.0,0.0,0.0,0.0
10.11;0.0056695276871323586,-0.044579364359378815,-0.004923257976770401;1.0,0.0,0.0,0.0
10.12;0.005421513691544533,-0.04262923449277878,-0.004707888700067997;1.0,0.0,0.0,0.0
10.13;0.005176904611289501,-0.040705859661102295,-0.0044954754412174225;1.0,0.0,0.0,0.0
10.14;0.004935855977237225,-0.03881052881479263,-0.00428615789860487;1.0,0.0,0.0,0.0
10.15;0.004698541946709156,-0.036944516003131866,-0.004080081358551979;1.0,0.0,0.0,0.0
10.16;0.004465110599994659,-0.035109058022499084,-0.0038773780688643456;1.0,0.0,0.0,0.0
10.17;0.0042357370257377625,-0.03330549597740173,-0.003678194247186184;1.0,0.0,0.0,0.0
10.18;0.0040105730295181274,-0.03153502941131592,-0.003482668660581112;1.0,0.0,0.0,0.0
10.19;0.003789786249399185,-0.029798999428749084,-0.003290945664048195;1.0,0.0,0.0,0.0
10.2;0.0035735387355089188,-0.028098642826080322,-0.0031031593680381775;1.0,0.0,0.0,0.0
10.21;0.003361988812685013,-0.02643522620201111,-0.0029194578528404236;1.0,0.0,0.0,0.0
10.22;0.003155302256345749,-0.024810045957565308,-0.0027399733662605286;1.0,0.0,0.0,0.0
10.23;0.0029536373913288116,-0.023224368691444397,-0.00256485678255558;1.0,0.0,0.0,0.0
10.24;0.002757163718342781,-0.021679505705833435,-0.002394242212176323;1.0,0.0,0.0,0.0
10.25;0.0025660358369350433,-0.020176663994789124,-0.0022282712161540985;1.0,0.0,0.0,0.0
10.26;0.002380412071943283,-0.018717125058174133,-0.002067083492875099;1.0,0.0,0.0,0.0
10.27;0.002200465649366379,-0.01730223000049591,-0.0019108224660158157;1.0,0.0,0.0,0.0
10.28;0.0020263567566871643,-0.01593320071697235,-0.001759631559252739;1.0,0.0,0.0,0.0
10.29;0.0018582399934530258,-0.014611318707466125,-0.0016136430203914642;1.0,0.0,0.0,0.0
10.3;0.0016962811350822449,-0.013337820768356323,-0.0014730021357536316;1.0,0.0,0.0,0.0
10.31;0.0015406478196382523,-0.012114077806472778,-0.0013378523290157318;1.0,0.0,0.0,0.0
10.32;0.001391492784023285,-0.010941267013549805,-0.001208331435918808;1.0,0.0,0.0,0.0
10.33;0.0012489818036556244,-0.009820729494094849,-0.0010845810174942017;1.0,0.0,0.0,0.0
10.34;0.0011132806539535522,-0.008753702044487,-0.0009667407721281052;1.0,0.0,0.0,0.0
10.35;0.0009845439344644547,-0.007741451263427734,-0.0008549541234970093;1.0,0.0,0.0,0.0
10.36;0.0008629430085420609,-0.006785303354263306,-0.0007493533194065094;1.0,0.0,0.0,0.0
10.37;0.0007486343383789062,-0.005886480212211609,-0.0006500910967588425;1.0,0.0,0.0,0.0
10.38;0.0006417781114578247,-0.005046278238296509,-0.0005573015660047531;1.0,0.0,0.0,0.0
10.39;0.0005425401031970978,-0.004265964031219482,-0.00047112442553043365;1.0,0.0,0.0,0.0
10.4;0.0004510842263698578,-0.0035468339920043945,-0.00039170682430267334;1.0,0.0,0.0,0.0
10.41;0.0003675632178783417,-0.0028901398181915283,-0.00031918101012706757;1.0,0.0,0.0,0.0
10.42;0.0002921484410762787,-0.0022971630096435547,-0.0002536941319704056;1.0,0.0,0.0,0.0
10.43;0.00022500008344650269,-0.0017691552639007568,-0.00019538402557373047;1.0,0.0,0.0,0.0
10.44;0.00016627833247184753,-0.001307457685470581,-0.00014438852667808533;1.0,0.0,0.0,0.0
10.45;0.0001161433756351471,-0.0009132623672485352,-0.00010085850954055786;1.0,0.0,0.0,0.0
10.46;7.476657629013062e-05,-0.0005878806114196777,-6.492435932159424e-05;1.0,0.0,0.0,0.0
10.47;4.229694604873657e-05,-0.0003326237201690674,-3.673136234283447e-05;1.0,0.0,0.0,0.0
10.48;1.8909573554992676e-05,-0.00014868378639221191,-1.6421079635620117e-05;1.0,0.0,0.0,0.0
10.49;4.753470420837402e-06,-3.737211227416992e-05,-4.127621650695801e-06;1.0,0.0,0.0,0.0
10.5;0.0,0.0,0.0;1.0,0.0,0.0,0.0
10.51;0.0,0.0,0.0;1.0,0.0,0.0,0.0
10.52;0.0,0.0,0.0;1.0,0.0,0.0,0.0
10.53;0.0,0.0,0.0;1.0,0.0,0.0,0.0
10.54;0.0,0.0,0.0;1.0,0.0,0.0,0.0
10.55;0.0,0.0,0.0;1.0,0.0,0.0,0.0
10.56;0.0,0.0,0.0;1.0,0.0,0.0,0.0
10.57;0.0,0.0,0.0;1.0,0.0,0.0,0.0
10.58;0.0,0.0,0.0;1.0,0.0,0.0,0.0
10.59;0.0,0.0,0.0;1.0,0.0,0.0,0.0
10.6;0.0,0.0,0.0;1.0,0.0,0.0,0.0
10.61;0.0,0.0,0.0;1.0,0.0,0.0,0.0
10.62;0.0,0.0,0.0;1.0,0.0,0.0,0.0
10.63;0.0,0.0,0.0;1.0,0.0,0.0,0.0
10.64;0.0,0.0,0.0;1.0,0.0,0.0,0.0
10.65;0.0,0.0,0.0;1.0,0.0,0.0,0.0
10.66;0.0,0.0,0.0;1.0,0.0,0.0,0.0
10.67;0.0,0.0,0.0;1.0,0.0,0.0,0.0
10.68;0.0,0.0,0.0;1.0,0.0,0.0,0.0
10.69;0.0,0.0,0.0;1.0,0.0,0.0,0.0
10.7;0.0,0.0,0.0;1.0,0.0,0.0,0.0
10.71;0.0,0.0,0.0;1.0,0.0,0.0,0.0
10.72;0.0,0.0,0.0;1.0,0.0,0.0,0.0
10.73;0.0,0.0,0.0;1.0,0.0,0.0,0.0
10.74;0.0,0.0,0.0;1.0,0.0,0.0,0.0
10.75;0.0,0.0,0.0;1.0,0.0,0.0,0.0
10.76;0.0,0.0,0.0;1.0,0.0,0.0,0.0
10.77;0.0,0.0,0.0;1.0,0.0,0.0,0.0
10.78;0.0,0.0,0.0;1.0,0.0,0.0,0.0
10.79;0.0,0.0,0.0;1.0,0.0,0.0,0.0
10.8;0.0,0.0,0.0;1.0,0.0,0.0,0.0
10.81;0.0,0.0,0.0;1.0,0.0,0.0,0.0
10.82;0.0,0.0,0.0;1.0,0.0,0.0,0.0
10.83;0.0,0.0,0.0;1.0,0.0,0.0,0.0
10.84;0.0,0.0,0.0;1.0,0.0,0.0,0.0
10.85;0.0,0.0,0.0;1.0,0.0,0.0,0.0
10.86;0.0,0.0,0.0;1.0,0.0,0.0,0.0
10.87;0.0,0.0,0.0;1.0,0.0,0.0,0.0
10.88;0.0,0.0,0.0;1.0,0.0,0.0,0.0
10.89;0.0,0.0,0.0;1.0,0.0,0.0,0.0
10.9;0.0,0.0,0.0;1.0,0.0,0.0,0.0
10.91;0.0,0.0,0.0;1.0,0.0,0.0,0.0
10.92;0.0,0.0,0.0;1.0,0.0,0.0,0.0
10.93;0.0,0.0,0.0;1.0,0.0,0.0,0.0
10.94;0.0,0.0,0.0;1.0,0.0,0.0,0.0
10.95;0.0,0.0,0.0;1.0,0.0,0.0,0.0
10.96;0.0,0.0,0.0;1.0,0.0,0.0,0.0
10.97;0.0,0.0,0.0;1.0,0.0,0.0,0.0
10.98;0.0,0.0,0.0;1.0,0.0,0.0,0.0
10.99;0.0,0.0,0.0;1.0,0.0,0.0,0.0
11.0;0.0,0.0,0.0;1.0,0.0,0.0,0.0
11.01;0.0,0.0,0.0;1.0,0.0,0.0,0.0
11.02;0.0,0.0,0.0;1.0,0.0,0.0,0.0
11.03;0.0,0.0,0.0;1.0,0.0,0.0,0.0
11.04;0.0,0.0,0.0;1.0,0.0,0.0,0.0
11.05;0.0,0.0,0.0;1.0,0.0,0.0,0.0
11.06;0.0,0.0,0.0;1.0,0.0,0.0,0.0
11.07;0.0,0.0,0.0;1.0,0.0,0.0,0.0
11.08;0.0,0.0,0.0;1.0,0.0,0.0,0.0
11.09;0.0,0.0,0.0;1.0,0.0,0.0,0.0
11.1;0.0,0.0,0.0;1.0,0.0,0.0,0.0
11.11;0.0,0.0,0.0;1.0,0.0,0.0,0.0
11.12;0.0,0.0,0.0;1.0,0.0,0.0,0.0
11.13;0.0,0.0,0.0;1.0,0.0,0.0,0.0
11.14;0.0,0.0,0.0;1.0,0.0,0.0,0.0
11.15;0.0,0.0,0.0;1.0,0.0,0.0,0.0
11.16;0.0,0.0,0.0;1.0,0.0,0.0,0.0
11.17;0.0,0.0,0.0;1.0,0.0,0.0,0.0
11.18;0.0,0.0,0.0;1.0,0.0,0.0,0.0
11.19;0.0,0.0,0.0;1.0,0.0,0.0,0.0
11.2;0.0,0.0,0.0;1.0,0.0,0.0,0.0
11.21;0.0,0.0,0.0;1.0,0.0,0.0,0.0
11.22;0.0,0.0,0.0;1.0,0.0,0.0,0.0
11.23;0.0,0.0,0.0;1.0,0.0,0.0,0.0
11.24;0.0,0.0,0.0;1.0,0.0,0.0,0.0
11.25;0.0,0.0,0.0;1.0,0.0,0.0,0.0
11.26;0.0,0.0,0.0;1.0,0.0,0.0,0.0
11.27;0.0,0.0,0.0;1.0,0.0,0.0,0.0
11.28;0.0,0.0,0.0;1.0,0.0,0.0,0.0
11.29;0.0,0.0,0.0;1.0,0.0,0.0,0.0
11.3;0.0,0.0,0.0;1.0,0.0,0.0,0.0
11.31;0.0,0.0,0.0;1.0,0.0,0.0,0.0
11.32;0.0,0.0,0.0;1.0,0.0,0.0,0.0
11.33;0.0,0.0,0.0;1.0,0.0,0.0,0.0
11.34;0.0,0.0,0.0;1.0,0.0,0.0,0.0
11.35;0.0,0.0,0.0;1.0,0.0,0.0,0.0
11.36;0.0,0.0,0.0;1.0,0.0,0.0,0.0
11.37;0.0,0.0,0.0;1.0,0.0,0.0,0.0
11.38;0.0,0.0,0.0;1.0,0.0,0.0,0.0
11.39;0.0,0.0,0.0;1.0,0.0,0.0,0.0
11.4;0.0,0.0,0.0;1.0,0.0,0.0,0.0
11.41;0.0,0.0,0.0;1.0,0.0,0.0,0.0
11.42;0.0,0.0,0.0;1.0,0.0,0.0,0.0
11.43;0.0,0.0,0.0;1.0,0.0,0.0,0.0
11.44;0.0,0.0,0.0;1.0,0.0,0.0,0.0
11.45;0.0,0.0,0.0;1.0,0.0,0.0,0.0
11.46;0.0,0.0,0.0;1.0,0.0,0.0,0.0
11.47;0.0,0.0,0.0;1.0,0.0,0.0,0.0
11.48;0.0,0.0,0.0;1.0,0.0,0.0,0.0
11.49;0.0,0.0,0.0;1.0,0.0,0.0,0.0
11.5;0.0,0.0,0.0;1.0,0.0,0.0,0.0
11.51;0.0,0.0,0.0;1.0,0.0,0.0,0.0
11.52;0.0,0.0,0.0;1.0,0.0,0.0,0.0
11.53;0.0,0.0,0.0;1.0,0.0,0.0,0.0
11.54;0.0,0.0,0.0;1.0,0.0,0.0,0.0
11.55;0.0,0.0,0.0;1.0,0.0,0.0,0.0
11.56;0.0,0.0,0.0;1.0,0.0,0.0,0.0
11.57;0.0,0.0,0.0;1.0,0.0,0.0,0.0
11.58;0.0,0.0,0.0;1.0,0.0,0.0,0.0
11.59;0.0,0.0,0.0;1.0,0.0,0.0,0.0
11.6;0.0,0.0,0.0;1.0,0.0,0.0,0.0
11.61;0.0,0.0,0.0;1.0,0.0,0.0,0.0
11.62;0.0,0.0,0.0;1.0,0.0,0.0,0.0
11.63;0.0,0.0,0.0;1.0,0.0,0.0,0.0
11.64;0.0,0.0,0.0;1.0,0.0,0.0,0.0
11.65;0.0,0.0,0.0;1.0,0.0,0.0,0.0
11.66;0.0,0.0,0.0;1.0,0.0,0.0,0.0
11.67;0.0,0.0,0.0;1.0,0.0,0.0,0.0
11.68;0.0,0.0,0.0;1.0,0.0,0.0,0.0
11.69;0.0,0.0,0.0;1.0,0.0,0.0,0.0
11.7;0.0,0.0,0.0;1.0,0.0,0.0,0.0
11.71;0.0,0.0,0.0;1.0,0.0,0.0,0.0
11.72;0.0,0.0,0.0;1.0,0.0,0.0,0.0
11.73;0.0,0.0,0.0;1.0,0.0,0.0,0.0
11.74;0.0,0.0,0.0;1.0,0.0,0.0,0.0
11.75;0.0,0.0,0.0;1.0,0.0,0.0,0.0
11.76;0.0,0.0,0.0;1.0,0.0,0.0,0.0
11.77;0.0,0.0,0.0;1.0,0.0,0.0,0.0
11.78;0.0,0.0,0.0;1.0,0.0,0.0,0.0
11.79;0.0,0.0,0.0;1.0,0.0,0.0,0.0
11.8;0.0,0.0,0.0;1.0,0.0,0.0,0.0
11.81;0.0,0.0,0.0;1.0,0.0,0.0,0.0
11.82;0.0,0.0,0.0;1.0,0.0,0.0,0.0
11.83;0.0,0.0,0.0;1.0,0.0,0.0,0.0
11.84;0.0,0.0,0.0;1.0,0.0,0.0,0.0
11.85;0.0,0.0,0.0;1.0,0.0,0.0,0.0
11.86;0.0,0.0,0.0;1.0,0.0,0.0,0.0
11.87;0.0,0.0,0.0;1.0,0.0,0.0,0.0
11.88;0.0,0.0,0.0;1.0,0.0,0.0,0.0
11.89;0.0,0.0,0.0;1.0,0.0,0.0,0.0
11.9;0.0,0.0,0.0;1.0,0.0,0.0,0.0
11.91;0.0,0.0,0.0;1.0,0.0,0.0,0.0
11.92;0.0,0.0,0.0;1.0,0.0,0.0,0.0
11.93;0.0,0.0,0.0;1.0,0.0,0.0,0.0
11.94;0.0,0.0,0.0;1.0,0.0,0.0,0.0
11.95;0.0,0.0,0.0;1.0,0.0,0.0,0.0
11.96;0.0,0.0,0.0;1.0,0.0,0.0,0.0
11.97;0.0,0.0,0.0;1.0,0.0,0.0,0.0
11.98;0.0,0.0,0.0;1.0,0.0,0.0,0.0
11.99;0.0,0.0,0.0;1.0,0.0,0.0,0.0
