0.0;0.0,0.0,0.0;1.0,0.0,0.0,0.0
0.01;0.0,0.0,0.0;1.0,0.0,0.0,0.0
0.02;0.0,0.0,0.0;1.0,0.0,0.0,0.0
0.03;0.0,0.0,0.0;1.0,0.0,0.0,0.0
0.04;0.0,0.0,0.0;1.0,0.0,0.0,0.0
0.05;0.0,0.0,0.0;1.0,0.0,0.0,0.0
0.06;0.0,0.0,0.0;1.0,0.0,0.0,0.0
0.07;0.0,0.0,0.0;1.0,0.0,0.0,0.0
0.08;0.0,0.0,0.0;1.0,0.0,0.0,0.0
0.09;0.0,0.0,0.0;1.0,0.0,0.0,0.0
0.1;0.0,0.0,0.0;1.0,0.0,0.0,0.0
0.11;0.0,0.0,0.0;1.0,0.0,0.0,0.0
0.12;0.0,0.0,0.0;1.0,0.0,0.0,0.0
0.13;0.0,0.0,0.0;1.0,0.0,0.0,0.0
0.14;0.0,0.0,0.0;1.0,0.0,0.0,0.0
0.15;0.0,0.0,0.0;1.0,0.0,0.0,0.0
0.16;0.0,0.0,0.0;1.0,0.0,0.0,0.0
0.17;0.0,0.0,0.0;1.0,0.0,0.0,0.0
0.18;0.0,0.0,0.0;1.0,0.0,0.0,0.0
0.19;0.0,0.0,0.0;1.0,0.0,0.0,0.0
0.2;0.0,0.0,0.0;1.0,0.0,0.0,0.0
0.21;0.0,0.0,0.0;1.0,0.0,0.0,0.0
0.22;0.0,0.0,0.0;1.0,0.0,0.0,0.0
0.23;0.0,0.0,0.0;1.0,0.0,0.0,0.0
0.24;0.0,0.0,0.0;1.0,0.0,0.0,0.0
0.25;0.0,0.0,0.0;1.0,0.0,0.0,0.0
0.26;0.0,0.0,0.0;1.0,0.0,0.0,0.0
0.27;0.0,0.0,0.0;1.0,0.0,0.0,0.0
0.28;0.0,0.0,0.0;1.0,0.0,0.0,0.0
0.29;0.0,0.0,0.0;1.0,0.0,0.0,0.0
0.3;0.0,0.0,0.0;1.0,0.0,0.0,0.0
0.31;0.0,0.0,0.0;1.0,0.0,0.0,0.0
0.32;0.0,0.0,0.0;1.0,0.0,0.0,0.0
0.33;0.0,0.0,0.0;1.0,0.0,0.0,0.0
0.34;0.0,0.0,0.0;1.0,0.0,0.0,0.0
0.35;0.0,0.0,0.0;1.0,0.0,0.0,0.0
0.36;0.0,0.0,0.0;1.0,0.0,0.0,0.0
0.37;0.0,0.0,0.0;1.0,0.0,0.0,0.0
0.38;0.0,0.0,0.0;1.0,0.0,0.0,0.0
0.39;0.0,0.0,0.0;1.0,0.0,0.0,0.0
0.4;0.0,0.0,0.0;1.0,0.0,0.0,0.0
0.41;0.0,0.0,0.0;1.0,0.0,0.0,0.0
0.42;0.0,0.0,0.0;1.0,0.0,0.0,0.0
0.43;0.0,0.0,0.0;1.0,0.0,0.0,0.0
0.44;0.0,0.0,0.0;1.0,0.0,0.0,0.0
0.45;0.0,0.0,0.0;1.0,0.0,0.0,0.0
0.46;0.0,0.0,0.0;1.0,0.0,0.0,0.0
0.47;0.0,0.0,0.0;1.0,0.0,0.0,0.0
0.48;0.0,0.0,0.0;1.0,0.0,0.0,0.0
0.49;0.0,0.0,0.0;1.0,0.0,0.0,0.0
0.5;0.0,0.0,0.0;1.0,0.0,0.0,0.0
0.51;0.0,0.0,0.0;1.0,0.0,0.0,0.0
0.52;0.0,0.0,0.0;1.0,0.0,0.0,0.0
0.53;0.0,0.0,0.0;1.0,0.0,0.0,0.0
0.54;0.0,0.0,0.0;1.0,0.0,0.0,0.0
0.55;0.0,0.0,0.0;1.0,0.0,0.0,0.0
0.56;0.0,1.204824548040051e-05,-9.317927833762951e-06;1.0,0.0,0.0,0.0
0.57;0.0,4.8024179704952985e-05,-3.714116246555932e-05;1.0,0.0,0.0,0.0
0.58;0.0,0.00010767460480565205,-8.327388786710799e-05;1.0,0.0,0.0,0.0
0.59;0.0,0.0001907463010866195,-0.00014752025890629739;1.0,0.0,0.0,0.0
0.6;0.0,0.00029698607977479696,-0.00022968447592575103;1.0,0.0,0.0,0.0
0.61;0.0,0.0004261407593730837,-0.000329570728354156;1.0,0.0,0.0,0.0
0.62;0.0,0.0005779570783488452,-0.00044698314741253853;1.0,0.0,0.0,0.0
0.63;0.0,0.0007521818624809384,-0.0005817259079776704;1.0,0.0,0.0,0.0
0.64;0.0,0.0009485619375482202,-0.0007336032576858997;1.0,0.0,0.0,0.0
0.65;0.0,0.001166844042018056,-0.0009024193277582526;1.0,0.0,0.0,0.0
0.66;0.0,0.0014067752053961158,-0.001087978365831077;1.0,0.0,0.0,0.0
0.67;0.0,0.0016681018751114607,-0.0012900843285024166;1.0,0.0,0.0,0.0
0.68;0.0,0.0019505706150084734,-0.001508541638031602;1.0,0.0,0.0,0.0
0.69;0.0,0.0022539293859153986,-0.0017431542510166764;1.0,0.0,0.0,0.0
0.7;0.0,0.0025779239367693663,-0.0019937269389629364;1.0,0.0,0.0,0.0
0.71;0.0,0.002922300947830081,-0.002260062610730529;1.0,0.0,0.0,0.0
0.72;0.0,0.003286808030679822,-0.0025419669691473246;1.0,0.0,0.0,0.0
0.73;0.0,0.003671190934255719,-0.0028392430394887924;1.0,0.0,0.0,0.0
0.74;0.0,0.004075197968631983,-0.0031516957096755505;1.0,0.0,0.0,0.0
0.75;0.0,0.004498574882745743,-0.003479128936305642;1.0,0.0,0.0,0.0
0.76;0.0,0.00494106812402606,-0.003821346443146467;1.0,0.0,0.0,0.0
0.77;0.0,0.005402425304055214,-0.004178152885288;1.0,0.0,0.0,0.0
0.78;0.0,0.0058823926374316216,-0.004549352452158928;1.0,0.0,0.0,0.0
0.79;0.0,0.006380717270076275,-0.004934749100357294;1.0,0.0,0.0,0.0
0.8;0.0,0.006897145416587591,-0.005334146320819855;1.0,0.0,0.0,0.0
0.81;0.0,0.007431426085531712,-0.0057473513297736645;1.0,0.0,0.0,0.0
0.82;0.0,0.00798330269753933,-0.006174164358526468;1.0,0.0,0.0,0.0
0.83;0.0,0.008552524261176586,-0.0066143907606601715;1.0,0.0,0.0,0.0
0.84;0.0,0.009138836525380611,-0.0070678358897566795;1.0,0.0,0.0,0.0
0.85;0.0,0.009741988964378834,-0.00753430463373661;1.0,0.0,0.0,0.0
0.86;0.0,0.01036172453314066,-0.008013599552214146;1.0,0.0,0.0,0.0
0.87;0.0,0.010997790843248367,-0.008505522273480892;1.0,0.0,0.0,0.0
0.88;0.0,0.011649936437606812,-0.009009882807731628;1.0,0.0,0.0,0.0
0.89;0.0,0.012317907065153122,-0.009526480920612812;1.0,0.0,0.0,0.0
0.9;0.0,0.013001450337469578,-0.010055122897028923;1.0,0.0,0.0,0.0
0.91;0.0,0.013700312003493309,-0.010595612227916718;1.0,0.0,0.0,0.0
0.92;0.0,0.014414239674806595,-0.011147752404212952;1.0,0.0,0.0,0.0
0.93;0.0,0.01514297816902399,-0.011711347848176956;1.0,0.0,0.0,0.0
0.94;0.0,0.015886278823018074,-0.012286204844713211;1.0,0.0,0.0,0.0
0.95;0.0,0.016643881797790527,-0.012872125022113323;1.0,0.0,0.0,0.0
0.96;0.0,0.017415538430213928,-0.013468911871314049;1.0,0.0,0.0,0.0
0.97;0.0,0.01820099726319313,-0.014076372608542442;1.0,0.0,0.0,0.0
0.98;0.0,0.01900000125169754,-0.01469430886209011;1.0,0.0,0.0,0.0
0.99;0.0,0.019812297075986862,-0.015322526916861534;1.0,0.0,0.0,0.0
1.0;0.0,0.02063763327896595,-0.015960829332470894;1.0,0.0,0.0,0.0
1.01;0.0,0.021475758403539658,-0.01660902239382267;1.0,0.0,0.0,0.0
1.02;0.0,0.022326413542032242,-0.017266906797885895;1.0,0.0,0.0,0.0
1.03;0.0,0.023189350962638855,-0.017934288829565048;1.0,0.0,0.0,0.0
1.04;0.0,0.0240643173456192,-0.01861097291111946;1.0,0.0,0.0,0.0
1.05;0.0,0.02495105005800724,-0.019296759739518166;1.0,0.0,0.0,0.0
1.06;0.0,0.02584931254386902,-0.01999146305024624;1.0,0.0,0.0,0.0
1.07;0.0,0.026758838444948196,-0.020694877952337265;1.0,0.0,0.0,0.0
1.08;0.0,0.027679378166794777,-0.021406807005405426;1.0,0.0,0.0,0.0
1.09;0.0,0.028610680252313614,-0.02212706208229065;1.0,0.0,0.0,0.0
1.1;0.0,0.02955249324440956,-0.022855445742607117;1.0,0.0,0.0,0.0
1.11;0.0,0.030504554510116577,-0.02359175495803356;1.0,0.0,0.0,0.0
1.12;0.0,0.03146662563085556,-0.02433580346405506;1.0,0.0,0.0,0.0
1.13;0.0,0.03243844211101532,-0.025087391957640648;1.0,0.0,0.0,0.0
1.14;0.0,0.03341974318027496,-0.025846317410469055;1.0,0.0,0.0,0.0
1.15;0.0,0.034410297870635986,-0.02661239728331566;1.0,0.0,0.0,0.0
1.16;0.0,0.0354098416864872,-0.027385428547859192;1.0,0.0,0.0,0.0
1.17;0.0,0.036418113857507706,-0.028165213763713837;1.0,0.0,0.0,0.0
1.18;0.0,0.03743487596511841,-0.028951559215784073;1.0,0.0,0.0,0.0
1.19;0.0,0.038459859788417816,-0.02974427118897438;1.0,0.0,0.0,0.0
1.2;0.0,0.03949282318353653,-0.030543142929673195;1.0,0.0,0.0,0.0
1.21;0.0,0.040533505380153656,-0.03134799748659134;1.0,0.0,0.0,0.0
1.22;0.0,0.041581667959690094,-0.03215862438082695;1.0,0.0,0.0,0.0
1.23;0.0,0.04263703525066376,-0.03297483175992966;1.0,0.0,0.0,0.0
1.24;0.0,0.04369937255978584,-0.03379642590880394;1.0,0.0,0.0,0.0
1.25;0.0,0.04476841911673546,-0.03462320938706398;1.0,0.0,0.0,0.0
1.26;0.0,0.04584391415119171,-0.03545498475432396;1.0,0.0,0.0,0.0
1.27;0.0,0.0469256192445755,-0.03629155829548836;1.0,0.0,0.0,0.0
1.28;0.0,0.04801327735185623,-0.037132732570171356;1.0,0.0,0.0,0.0
1.29;0.0,0.04910662770271301,-0.037978313863277435;1.0,0.0,0.0,0.0
1.3;0.0,0.050205428153276443,-0.038828108459711075;1.0,0.0,0.0,0.0
1.31;0.0,0.051309406757354736,-0.03968191146850586;1.0,0.0,0.0,0.0
1.32;0.0,0.05241832882165909,-0.04053953289985657;1.0,0.0,0.0,0.0
1.33;0.0,0.0535319447517395,-0.041400786489248276;1.0,0.0,0.0,0.0
1.34;0.0,0.05464998260140419,-0.04226546362042427;1.0,0.0,0.0,0.0
1.35;0.0,0.05577220022678375,-0.04313337057828903;1.0,0.0,0.0,0.0
1.36;0.0,0.056898340582847595,-0.04400430619716644;1.0,0.0,0.0,0.0
1.37;0.0,0.05802815780043602,-0.04487808793783188;1.0,0.0,0.0,0.0
1.38;0.0,0.05916138365864754,-0.04575451463460922;1.0,0.0,0.0,0.0
1.39;0.0,0.060297783464193344,-0.04663338512182236;1.0,0.0,0.0,0.0
1.4;0.0,0.06143709644675255,-0.04751450940966606;1.0,0.0,0.0,0.0
1.41;0.0,0.06257905811071396,-0.04839768260717392;1.0,0.0,0.0,0.0
1.42;0.0,0.06372343003749847,-0.049282729625701904;1.0,0.0,0.0,0.0
1.43;0.0,0.0648699626326561,-0.050169430673122406;1.0,0.0,0.0,0.0
1.44;0.0,0.06601837277412415,-0.0510575994849205;1.0,0.0,0.0,0.0
1.45;0.0,0.0671684518456459,-0.051947057247161865;1.0,0.0,0.0,0.0
1.46;0.0,0.06831991672515869,-0.05283758044242859;1.0,0.0,0.0,0.0
1.47;0.0,0.06947252154350281,-0.05372897535562515;1.0,0.0,0.0,0.0
1.48;0.0,0.07062600553035736,-0.05462107062339783;1.0,0.0,0.0,0.0
1.49;0.0,0.07178012281656265,-0.0555136539041996;1.0,0.0,0.0,0.0
1.5;0.0,0.07293462753295898,-0.056406520307064056;1.0,0.0,0.0,0.0
1.51;0.0,0.07408924400806427,-0.05729948729276657;1.0,0.0,0.0,0.0
1.52;0.0,0.07524374127388,-0.058192357420921326;1.0,0.0,0.0,0.0
1.53;0.0,0.07639787346124649,-0.0590849444270134;1.0,0.0,0.0,0.0
1.54;0.0,0.07755135744810104,-0.059977032244205475;1.0,0.0,0.0,0.0
1.55;0.0,0.07870396226644516,-0.06086844578385353;1.0,0.0,0.0,0.0
1.56;0.0,0.07985542714595795,-0.061758965253829956;1.0,0.0,0.0,0.0
1.57;0.0,0.08100549131631851,-0.06264840811491013;1.0,0.0,0.0,0.0
1.58;0.0,0.08215391635894775,-0.06353658437728882;1.0,0.0,0.0,0.0
1.59;0.0,0.08330043405294418,-0.06442328542470932;1.0,0.0,0.0,0.0
1.6;0.0,0.0844448059797287,-0.06530832499265671;1.0,0.0,0.0,0.0
1.61;0.0,0.0855867862701416,-0.06619150936603546;1.0,0.0,0.0,0.0
1.62;0.0,0.0867260992527008,-0.06707264482975006;1.0,0.0,0.0,0.0
1.63;0.0,0.08786247670650482,-0.067951500415802;1.0,0.0,0.0,0.0
1.64;0.0,0.08899572491645813,-0.06882792711257935;1.0,0.0,0.0,0.0
1.65;0.0,0.09012552350759506,-0.06970170140266418;1.0,0.0,0.0,0.0
1.66;0.0,0.0912516713142395,-0.07057265192270279;1.0,0.0,0.0,0.0
1.67;0.0,0.09237389266490936,-0.07144055515527725;1.0,0.0,0.0,0.0
1.68;0.0,0.09349193423986435,-0.07230523228645325;1.0,0.0,0.0,0.0
1.69;0.0,0.09460553526878357,-0.07316647469997406;1.0,0.0,0.0,0.0
1.7;0.0,0.09571446478366852,-0.07402410358190536;1.0,0.0,0.0,0.0
1.71;0.0,0.09681844711303711,-0.07487790286540985;1.0,0.0,0.0,0.0
1.72;0.0,0.09791724383831024,-0.07572770118713379;1.0,0.0,0.0,0.0
1.73;0.0,0.09901059418916702,-0.07657328248023987;1.0,0.0,0.0,0.0
1.74;0.0,0.10009825229644775,-0.07741446793079376;1.0,0.0,0.0,0.0
1.75;0.0,0.10117994993925095,-0.07825102657079697;1.0,0.0,0.0,0.0
1.76;0.0,0.1022554486989975,-0.07908280193805695;1.0,0.0,0.0,0.0
1.77;0.0,0.10332450270652771,-0.07990958541631699;1.0,0.0,0.0,0.0
1.78;0.0,0.1043868288397789,-0.08073117583990097;1.0,0.0,0.0,0.0
1.79;0.0,0.10544221848249435,-0.08154739439487457;1.0,0.0,0.0,0.0
1.8;0.0,0.1064903661608696,-0.08235802501440048;1.0,0.0,0.0,0.0
1.81;0.0,0.10753104835748672,-0.08316286653280258;1.0,0.0,0.0,0.0
1.82;0.0,0.10856401175260544,-0.08396174758672714;1.0,0.0,0.0,0.0
1.83;0.0,0.10958899557590485,-0.08475446701049805;1.0,0.0,0.0,0.0
1.84;0.0,0.11060575395822525,-0.08554080873727798;1.0,0.0,0.0,0.0
1.85;0.0,0.11161403357982635,-0.08632059395313263;1.0,0.0,0.0,0.0
1.86;0.0,0.11261356621980667,-0.08709360659122467;1.0,0.0,0.0,0.0
1.87;0.0,0.1136041134595871,-0.08785969763994217;1.0,0.0,0.0,0.0
1.88;0.0,0.11458543688058853,-0.08861862123012543;1.0,0.0,0.0,0.0
1.89;0.0,0.1155572459101677,-0.08937021344900131;1.0,0.0,0.0,0.0
1.9;0.0,0.11651930958032608,-0.09011425822973251;1.0,0.0,0.0,0.0
1.91;0.0,0.1174713671207428,-0.09085056185722351;1.0,0.0,0.0,0.0
1.92;0.0,0.11841318756341934,-0.09157894551753998;1.0,0.0,0.0,0.0
1.93;0.0,0.11934448778629303,-0.0922992005944252;1.0,0.0,0.0,0.0
1.94;0.0,0.12026502937078476,-0.09301114082336426;1.0,0.0,0.0,0.0
1.95;0.0,0.12117455899715424,-0.09371455758810043;1.0,0.0,0.0,0.0
1.96;0.0,0.12207281589508057,-0.0944092646241188;1.0,0.0,0.0,0.0
1.97;0.0,0.12295955419540405,-0.09509504586458206;1.0,0.0,0.0,0.0
1.98;0.0,0.1238345131278038,-0.09577172994613647;1.0,0.0,0.0,0.0
1.99;0.0,0.12469744682312012,-0.09643911570310593;1.0,0.0,0.0,0.0
2.0;0.0,0.1255480945110321,-0.0970969945192337;1.0,0.0,0.0,0.0
2.01;0.0,0.12638624012470245,-0.09774518013000488;1.0,0.0,0.0,0.0
2.02;0.0,0.1272115707397461,-0.09838348627090454;1.0,0.0,0.0,0.0
2.03;0.0,0.12802386283874512,-0.09901171922683716;1.0,0.0,0.0,0.0
2.04;0.0,0.12882287800312042,-0.09962964802980423;1.0,0.0,0.0,0.0
2.05;0.0,0.12960833311080933,-0.10023710876703262;1.0,0.0,0.0,0.0
2.06;0.0,0.13037998974323273,-0.10083390772342682;1.0,0.0,0.0,0.0
2.07;0.0,0.13113756477832794,-0.10141979902982712;1.0,0.0,0.0,0.0
2.08;0.0,0.13188089430332184,-0.10199467837810516;1.0,0.0,0.0,0.0
2.09;0.0,0.13260962069034576,-0.10255827009677887;1.0,0.0,0.0,0.0
2.1;0.0,0.133323535323143,-0.10311039537191391;1.0,0.0,0.0,0.0
2.11;0.0,0.13402242958545685,-0.10365089774131775;1.0,0.0,0.0,0.0
2.12;0.0,0.13470596075057983,-0.10417953133583069;1.0,0.0,0.0,0.0
2.13;0.0,0.13537392020225525,-0.10469613969326019;1.0,0.0,0.0,0.0
2.14;0.0,0.13602608442306519,-0.10520049929618835;1.0,0.0,0.0,0.0
2.15;0.0,0.13666214048862457,-0.10569243133068085;1.0,0.0,0.0,0.0
2.16;0.0,0.1372818648815155,-0.10617171227931976;1.0,0.0,0.0,0.0
2.17;0.0,0.13788501918315887,-0.10663817822933197;1.0,0.0,0.0,0.0
2.18;0.0,0.1384713500738144,-0.10709162056446075;1.0,0.0,0.0,0.0
2.19;0.0,0.13904055953025818,-0.1075318455696106;1.0,0.0,0.0,0.0
2.2;0.0,0.13959245383739471,-0.10795867443084717;1.0,0.0,0.0,0.0
2.21;0.0,0.14012670516967773,-0.10837188363075256;1.0,0.0,0.0,0.0
2.22;0.0,0.1406431347131729,-0.10877126455307007;1.0,0.0,0.0,0.0
2.23;0.0,0.14114147424697876,-0.10915668308734894;1.0,0.0,0.0,0.0
2.24;0.0,0.1416214406490326,-0.10952788591384888;1.0,0.0,0.0,0.0
2.25;0.0,0.1420828104019165,-0.10988467931747437;1.0,0.0,0.0,0.0
2.26;0.0,0.14252528548240662,-0.11022688448429108;1.0,0.0,0.0,0.0
2.27;0.0,0.1429486721754074,-0.11055430769920349;1.0,0.0,0.0,0.0
2.28;0.0,0.1433526575565338,-0.11086677014827728;1.0,0.0,0.0,0.0
2.29;0.0,0.1437370479106903,-0.11116406321525574;1.0,0.0,0.0,0.0
2.3;0.0,0.1441015601158142,-0.11144594848155975;1.0,0.0,0.0,0.0
2.31;0.0,0.14444594085216522,-0.11171227693557739;1.0,0.0,0.0,0.0
2.32;0.0,0.14476992189884186,-0.11196285486221313;1.0,0.0,0.0,0.0
2.33;0.0,0.14507326483726501,-0.11219745874404907;1.0,0.0,0.0,0.0
2.34;0.0,0.14535577595233917,-0.11241595447063446;1.0,0.0,0.0,0.0
2.35;0.0,0.14561708271503448,-0.11261805891990662;1.0,0.0,0.0,0.0
2.36;0.0,0.145857036113739,-0.11280359327793121;1.0,0.0,0.0,0.0
2.37;0.0,0.1460753083229065,-0.11297242343425751;1.0,0.0,0.0,0.0
2.38;0.0,0.1462717056274414,-0.1131243109703064;1.0,0.0,0.0,0.0
2.39;0.0,0.14644593000411987,-0.11325903236865997;1.0,0.0,0.0,0.0
2.4;0.0,0.1465977430343628,-0.1133764386177063;1.0,0.0,0.0,0.0
2.41;0.0,0.14672687649726868,-0.11347635090351105;1.0,0.0,0.0,0.0
2.42;0.0,0.1468331217765808,-0.11355851590633392;1.0,0.0,0.0,0.0
2.43;0.0,0.14691618084907532,-0.1136227548122406;1.0,0.0,0.0,0.0
2.44;0.0,0.14697584509849548,-0.11366888880729675;1.0,0.0,0.0,0.0
2.45;0.0,0.14701181650161743,-0.11369670927524567;1.0,0.0,0.0,0.0
2.46;0.0,0.14702387154102325,-0.11370601505041122;1.0,0.0,0.0,0.0
2.47;0.0,0.14700812101364136,-0.11369383335113525;1.0,0.0,0.0,0.0
2.48;0.0,0.14696112275123596,-0.11365747451782227;1.0,0.0,0.0,0.0
2.49;0.0,0.14688323438167572,-0.11359725147485733;1.0,0.0,0.0,0.0
2.5;0.0,0.14677485823631287,-0.11351343989372253;1.0,0.0,0.0,0.0
2.51;0.0,0.14663638174533844,-0.11340633779764175;1.0,0.0,0.0,0.0
2.52;0.0,0.1464681625366211,-0.11327623575925827;1.0,0.0,0.0,0.0
2.53;0.0,0.14627057313919067,-0.11312343180179596;1.0,0.0,0.0,0.0
2.54;0.0,0.14604401588439941,-0.1129482090473175;1.0,0.0,0.0,0.0
2.55;0.0,0.14578886330127716,-0.11275088042020798;1.0,0.0,0.0,0.0
2.56;0.0,0.14550548791885376,-0.11253172159194946;1.0,0.0,0.0,0.0
2.57;0.0,0.14519424736499786,-0.11229102313518524;1.0,0.0,0.0,0.0
2.58;0.0,0.1448555588722229,-0.11202908307313919;1.0,0.0,0.0,0.0
2.59;0.0,0.14448979496955872,-0.11174619942903519;1.0,0.0,0.0,0.0
2.6;0.0,0.14409732818603516,-0.1114426702260971;1.0,0.0,0.0,0.0
2.61;0.0,0.14367853105068207,-0.11111877113580704;1.0,0.0,0.0,0.0
2.62;0.0,0.1432337611913681,-0.11077480018138885;1.0,0.0,0.0,0.0
2.63;0.0,0.14276345074176788,-0.11041106283664703;1.0,0.0,0.0,0.0
2.64;0.0,0.14226794242858887,-0.11002784222364426;1.0,0.0,0.0,0.0
2.65;0.0,0.1417476087808609,-0.1096254363656044;1.0,0.0,0.0,0.0
2.66;0.0,0.14120283722877502,-0.10920412093400955;1.0,0.0,0.0,0.0
2.67;0.0,0.14063403010368347,-0.10876420885324478;1.0,0.0,0.0,0.0
2.68;0.0,0.1400415450334549,-0.10830599069595337;1.0,0.0,0.0,0.0
2.69;0.0,0.13942575454711914,-0.1078297570347786;1.0,0.0,0.0,0.0
2.7;0.0,0.13878706097602844,-0.10733579099178314;1.0,0.0,0.0,0.0
2.71;0.0,0.13812582194805145,-0.10682439804077148;1.0,0.0,0.0,0.0
2.72;0.0,0.13744240999221802,-0.1062958687543869;1.0,0.0,0.0,0.0
2.73;0.0,0.13673722743988037,-0.10575048625469208;1.0,0.0,0.0,0.0
2.74;0.0,0.13601063191890717,-0.10518855601549149;1.0,0.0,0.0,0.0
2.75;0.0,0.13526304066181183,-0.1046103686094284;1.0,0.0,0.0,0.0
2.76;0.0,0.13449476659297943,-0.10401620715856552;1.0,0.0,0.0,0.0
2.77;0.0,0.13370627164840698,-0.1034063771367073;1.0,0.0,0.0,0.0
2.78;0.0,0.13289785385131836,-0.10278116166591644;1.0,0.0,0.0,0.0
2.79;0.0,0.13206994533538818,-0.1021408662199974;1.0,0.0,0.0,0.0
2.8;0.0,0.13122287392616272,-0.10148577392101288;1.0,0.0,0.0,0.0
2.81;0.0,0.13035708665847778,-0.10081618279218674;1.0,0.0,0.0,0.0
2.82;0.0,0.12947291135787964,-0.10013237595558167;1.0,0.0,0.0,0.0
2.83;0.0,0.12857075035572052,-0.09943465143442154;1.0,0.0,0.0,0.0
2.84;0.0,0.12765097618103027,-0.09872330725193024;1.0,0.0,0.0,0.0
2.85;0.0,0.12671396136283875,-0.09799864143133163;1.0,0.0,0.0,0.0
2.86;0.0,0.12576007843017578,-0.09726092964410782;1.0,0.0,0.0,0.0
2.87;0.0,0.12478973716497421,-0.09651046991348267;1.0,0.0,0.0,0.0
2.88;0.0,0.1238032802939415,-0.09574756771326065;1.0,0.0,0.0,0.0
2.89;0.0,0.12280111759901047,-0.09497250616550446;1.0,0.0,0.0,0.0
2.9;0.0,0.12178359925746918,-0.09418557584285736;1.0,0.0,0.0,0.0
2.91;0.0,0.12075112760066986,-0.09338708221912384;1.0,0.0,0.0,0.0
2.92;0.0,0.11970406770706177,-0.09257729351520538;1.0,0.0,0.0,0.0
2.93;0.0,0.11864282190799713,-0.09175654500722885;1.0,0.0,0.0,0.0
2.94;0.0,0.11756772547960281,-0.09092508256435394;1.0,0.0,0.0,0.0
2.95;0.0,0.11647918075323105,-0.09008321911096573;1.0,0.0,0.0,0.0
2.96;0.0,0.11537757515907288,-0.08923125267028809;1.0,0.0,0.0,0.0
2.97;0.0,0.11426328122615814,-0.0883694738149643;1.0,0.0,0.0,0.0
2.98;0.0,0.1131366714835167,-0.08749817311763763;1.0,0.0,0.0,0.0
2.99;0.0,0.11199813336133957,-0.08661764115095139;1.0,0.0,0.0,0.0
3.0;0.0,0.11084803193807602,-0.08572817593812943;1.0,0.0,0.0,0.0
3.01;0.0,0.10968676954507828,-0.08483007550239563;1.0,0.0,0.0,0.0
3.02;0.0,0.1085147112607956,-0.08392361551523209;1.0,0.0,0.0,0.0
3.03;0.0,0.10733222216367722,-0.08300909399986267;1.0,0.0,0.0,0.0
3.04;0.0,0.10613970458507538,-0.08208682388067245;1.0,0.0,0.0,0.0
3.05;0.0,0.10493751615285873,-0.08115708082914352;1.0,0.0,0.0,0.0
3.06;0.0,0.10372605919837952,-0.08022014796733856;1.0,0.0,0.0,0.0
3.07;0.0,0.10250569880008698,-0.07927633821964264;1.0,0.0,0.0,0.0
3.08;0.0,0.10127681493759155,-0.07832594215869904;1.0,0.0,0.0,0.0
3.09;0.0,0.1000397801399231,-0.07736923545598984;1.0,0.0,0.0,0.0
3.1;0.0,0.09879498928785324,-0.07640653103590012;1.0,0.0,0.0,0.0
3.11;0.0,0.09754280745983124,-0.07543811202049255;1.0,0.0,0.0,0.0
3.12;0.0,0.09628361463546753,-0.07446427643299103;1.0,0.0,0.0,0.0
3.13;0.0,0.09501779079437256,-0.07348530739545822;1.0,0.0,0.0,0.0
3.14;0.0,0.09374571591615677,-0.07250150293111801;1.0,0.0,0.0,0.0
3.15;0.0,0.0924677774310112,-0.07151316851377487;1.0,0.0,0.0,0.0
3.16;0.0,0.0911843404173851,-0.07052057981491089;1.0,0.0,0.0,0.0
3.17;0.0,0.08989579975605011,-0.06952403485774994;1.0,0.0,0.0,0.0
3.18;0.0,0.08860251307487488,-0.0685238242149353;1.0,0.0,0.0,0.0
3.19;0.0,0.08730487525463104,-0.06752025336027145;1.0,0.0,0.0,0.0
3.2;0.0,0.08600325882434845,-0.06651360541582108;1.0,0.0,0.0,0.0
3.21;0.0,0.08469803631305695,-0.06550416350364685;1.0,0.0,0.0,0.0
3.22;0.0,0.08338959515094757,-0.06449224054813385;1.0,0.0,0.0,0.0
3.23;0.0,0.08207833021879196,-0.06347811967134476;1.0,0.0,0.0,0.0
3.24;0.0,0.08076458424329758,-0.06246209889650345;1.0,0.0,0.0,0.0
3.25;0.0,0.07944875955581665,-0.06144445762038231;1.0,0.0,0.0,0.0
3.26;0.0,0.07813124358654022,-0.06042550504207611;1.0,0.0,0.0,0.0
3.27;0.0,0.07681238651275635,-0.059405528008937836;1.0,0.0,0.0,0.0
3.28;0.0,0.07549258321523666,-0.058384813368320465;1.0,0.0,0.0,0.0
3.29;0.0,0.07417221367359161,-0.05736365541815758;1.0,0.0,0.0,0.0
3.3;0.0,0.07285165786743164,-0.05634235963225365;1.0,0.0,0.0,0.0
3.31;0.0,0.071531280875206,-0.05532120168209076;1.0,0.0,0.0,0.0
3.32;0.0,0.0702114850282669,-0.05430048331618309;1.0,0.0,0.0,0.0
3.33;0.0,0.06889264285564423,-0.05328051373362541;1.0,0.0,0.0,0.0
3.34;0.0,0.06757509708404541,-0.05226154625415802;1.0,0.0,0.0,0.0
3.35;0.0,0.06625927984714508,-0.051243916153907776;1.0,0.0,0.0,0.0
3.36;0.0,0.06494554877281189,-0.05022789537906647;1.0,0.0,0.0,0.0
3.37;0.0,0.06363426148891449,-0.04921376332640648;1.0,0.0,0.0,0.0
3.38;0.0,0.06232583895325661,-0.048201847821474075;1.0,0.0,0.0,0.0
3.39;0.0,0.0610206238925457,-0.047192420810461044;1.0,0.0,0.0,0.0
3.4;0.0,0.05971900373697281,-0.04618576541543007;1.0,0.0,0.0,0.0
3.41;0.0,0.05842137336730957,-0.04518218711018562;1.0,0.0,0.0,0.0
3.42;0.0,0.057128068059682846,-0.044181980192661285;1.0,0.0,0.0,0.0
3.43;0.0,0.05583951994776726,-0.04318543151021004;1.0,0.0,0.0,0.0
3.44;0.0,0.054556094110012054,-0.04219285026192665;1.0,0.0,0.0,0.0
3.45;0.0,0.05327814072370529,-0.04120450094342232;1.0,0.0,0.0,0.0
3.46;0.0,0.052006080746650696,-0.040220707654953;1.0,0.0,0.0,0.0
3.47;0.0,0.05074026435613632,-0.039241742342710495;1.0,0.0,0.0,0.0
3.48;0.0,0.04948107898235321,-0.03826790302991867;1.0,0.0,0.0,0.0
3.49;0.0,0.04822888225317001,-0.03729948773980141;1.0,0.0,0.0,0.0
3.5;0.0,0.04698409140110016,-0.03633677586913109;1.0,0.0,0.0,0.0
3.51;0.0,0.0457470566034317,-0.035380084067583084;1.0,0.0,0.0,0.0
3.52;0.0,0.044518180191516876,-0.03442967310547829;1.0,0.0,0.0,0.0
3.53;0.0,0.04329780489206314,-0.03348586708307266;1.0,0.0,0.0,0.0
3.54;0.0,0.04208634793758392,-0.0325489342212677;1.0,0.0,0.0,0.0
3.55;0.0,0.04088417440652847,-0.03161919116973877;1.0,0.0,0.0,0.0
3.56;0.0,0.03969164937734604,-0.030696913599967957;1.0,0.0,0.0,0.0
3.57;0.0,0.03850916028022766,-0.029782399535179138;1.0,0.0,0.0,0.0
3.58;0.0,0.037337109446525574,-0.02887594699859619;1.0,0.0,0.0,0.0
3.59;0.0,0.03617582470178604,-0.027977831661701202;1.0,0.0,0.0,0.0
3.6;0.0,0.035025738179683685,-0.02708837389945984;1.0,0.0,0.0,0.0
3.61;0.0,0.033887214958667755,-0.026207856833934784;1.0,0.0,0.0,0.0
3.62;0.0,0.032760582864284515,-0.025336533784866333;1.0,0.0,0.0,0.0
3.63;0.0,0.03164628893136978,-0.02447475492954254;1.0,0.0,0.0,0.0
3.64;0.0,0.03054468333721161,-0.023622795939445496;1.0,0.0,0.0,0.0
3.65;0.0,0.029456138610839844,-0.022780925035476685;1.0,0.0,0.0,0.0
3.66;0.0,0.028381064534187317,-0.02194947749376297;1.0,0.0,0.0,0.0
3.67;0.0,0.027319811284542084,-0.021128706634044647;1.0,0.0,0.0,0.0
3.68;0.0,0.026272743940353394,-0.020318925380706787;1.0,0.0,0.0,0.0
3.69;0.0,0.025240272283554077,-0.019520439207553864;1.0,0.0,0.0,0.0
3.7;0.0,0.02422274649143219,-0.018733501434326172;1.0,0.0,0.0,0.0
3.71;0.0,0.023220576345920563,-0.017958447337150574;1.0,0.0,0.0,0.0
3.72;0.0,0.022234156727790833,-0.017195552587509155;1.0,0.0,0.0,0.0
3.73;0.0,0.02126377820968628,-0.01644507795572281;1.0,0.0,0.0,0.0
3.74;0.0,0.020309939980506897,-0.015707366168498993;1.0,0.0,0.0,0.0
3.75;0.0,0.01937289535999298,-0.014982692897319794;1.0,0.0,0.0,0.0
3.76;0.0,0.018453136086463928,-0.014271356165409088;1.0,0.0,0.0,0.0
3.77;0.0,0.017550960183143616,-0.013573646545410156;1.0,0.0,0.0,0.0
3.78;0.0,0.01666678488254547,-0.012889832258224487;1.0,0.0,0.0,0.0
3.79;0.0,0.015800997614860535,-0.012220248579978943;1.0,0.0,0.0,0.0
3.8;0.0,0.014953941106796265,-0.011565141379833221;1.0,0.0,0.0,0.0
3.81;0.0,0.014126017689704895,-0.010924845933914185;1.0,0.0,0.0,0.0
3.82;0.0,0.01331762969493866,-0.010299637913703918;1.0,0.0,0.0,0.0
3.83;0.0,0.01252909004688263,-0.009689800441265106;1.0,0.0,0.0,0.0
3.84;0.0,0.011760830879211426,-0.009095646440982819;1.0,0.0,0.0,0.0
3.85;0.0,0.011013224720954895,-0.008517466485500336;1.0,0.0,0.0,0.0
3.86;0.0,0.01028662919998169,-0.00795552134513855;1.0,0.0,0.0,0.0
3.87;0.0,0.00958147644996643,-0.007410168647766113;1.0,0.0,0.0,0.0
3.88;0.0,0.008898064494132996,-0.006881624460220337;1.0,0.0,0.0,0.0
3.89;0.0,0.008236825466156006,-0.006370216608047485;1.0,0.0,0.0,0.0
3.9;0.0,0.007598116993904114,-0.005876258015632629;1.0,0.0,0.0,0.0
3.91;0.0,0.006982341408729553,-0.005400016903877258;1.0,0.0,0.0,0.0
3.92;0.0,0.006389841437339783,-0.004941806197166443;1.0,0.0,0.0,0.0
3.93;0.0,0.00582103431224823,-0.0045018792152404785;1.0,0.0,0.0,0.0
3.94;0.0,0.005276277661323547,-0.004080593585968018;1.0,0.0,0.0,0.0
3.95;0.0,0.004755944013595581,-0.003678157925605774;1.0,0.0,0.0,0.0
3.96;0.0,0.004260450601577759,-0.0032949447631835938;1.0,0.0,0.0,0.0
3.97;0.0,0.003790125250816345,-0.0029312074184417725;1.0,0.0,0.0,0.0
3.98;0.0,0.0033453553915023804,-0.002587258815765381;1.0,0.0,0.0,0.0
3.99;0.0,0.002926558256149292,-0.0022633373737335205;1.0,0.0,0.0,0.0
4.0;0.0,0.0025340914726257324,-0.0019598007202148438;1.0,0.0,0.0,0.0
4.01;0.0,0.002168312668800354,-0.0016769468784332275;1.0,0.0,0.0,0.0
4.02;0.0,0.0018296241760253906,-0.0014149993658065796;1.0,0.0,0.0,0.0
4.03;0.0,0.0015183836221694946,-0.0011743009090423584;1.0,0.0,0.0,0.0
4.04;0.0,0.0012350231409072876,-0.0009551346302032471;1.0,0.0,0.0,0.0
4.05;0.0,0.0009798407554626465,-0.0007577985525131226;1.0,0.0,0.0,0.0
4.06;0.0,0.0007533133029937744,-0.000582575798034668;1.0,0.0,0.0,0.0
4.07;0.0,0.0005557239055633545,-0.0004297792911529541;1.0,0.0,0.0,0.0
4.08;0.0,0.00038748979568481445,-0.00029969215393066406;1.0,0.0,0.0,0.0
4.09;0.0,0.00024899840354919434,-0.00019259750843048096;1.0,0.0,0.0,0.0
4.1;0.0,0.00014066696166992188,-0.00010877847671508789;1.0,0.0,0.0,0.0
4.11;0.0,6.279349327087402e-05,-4.8533082008361816e-05;1.0,0.0,0.0,0.0
4.12;0.0,1.5795230865478516e-05,-1.2189149856567383e-05;1.0,0.0,0.0,0.0
4.13;0.0,0.0,0.0;1.0,0.0,0.0,0.0
4.14;0.0,0.0,0.0;1.0,0.0,0.0,0.0
4.15;0.0,0.0,0.0;1.0,0.0,0.0,0.0
4.16;0.0,0.0,0.0;1.0,0.0,0.0,0.0
4.17;0.0,0.0,0.0;1.0,0.0,0.0,0.0
4.18;0.0,0.0,0.0;1.0,0.0,0.0,0.0
4.19;0.0,0.0,0.0;1.0,0.0,0.0,0.0
4.2;0.0,0.0,0.0;1.0,0.0,0.0,0.0
4.21;0.0,0.0,0.0;1.0,0.0,0.0,0.0
4.22;0.0,0.0,0.0;1.0,0.0,0.0,0.0
4.23;0.0,0.0,0.0;1.0,0.0,0.0,0.0
4.24;0.0,0.0,0.0;1.0,0.0,0.0,0.0
4.25;0.0,0.0,0.0;1.0,0.0,0.0,0.0
4.26;0.0,0.0,0.0;1.0,0.0,0.0,0.0
4.27;0.0,0.0,0.0;1.0,0.0,0.0,0.0
4.28;0.0,0.0,0.0;1.0,0.0,0.0,0.0
4.29;0.0,0.0,0.0;1.0,0.0,0.0,0.0
4.3;0.0,0.0,0.0;1.0,0.0,0.0,0.0
4.31;0.0,0.0,0.0;1.0,0.0,0.0,0.0
4.32;0.0,0.0,0.0;1.0,0.0,0.0,0.0
4.33;0.0,0.0,0.0;1.0,0.0,0.0,0.0
4.34;0.0,0.0,0.0;1.0,0.0,0.0,0.0
4.35;0.0,0.0,0.0;1.0,0.0,0.0,0.0
4.36;0.0,0.0,0.0;1.0,0.0,0.0,0.0
4.37;0.0,0.0,0.0;1.0,0.0,0.0,0.0
4.38;0.0,0.0,0.0;1.0,0.0,0.0,0.0
4.39;0.0,0.0,0.0;1.0,0.0,0.0,0.0
4.4;0.0,0.0,0.0;1.0,0.0,0.0,0.0
4.41;0.0,0.0,0.0;1.0,0.0,0.0,0.0
4.42;0.0,0.0,0.0;1.0,0.0,0.0,0.0
4.43;0.0,0.0,0.0;1.0,0.0,0.0,0.0
4.44;0.0,0.0,0.0;1.0,0.0,0.0,0.0
4.45;0.0,0.0,0.0;1.0,0.0,0.0,0.0
4.46;0.0,0.0,0.0;1.0,0.0,0.0,0.0
4.47;0.0,0.0,0.0;1.0,0.0,0.0,0.0
4.48;0.0,0.0,0.0;1.0,0.0,0.0,0.0
4.49;0.0,0.0,0.0;1.0,0.0,0.0,0.0
4.5;0.0,0.0,0.0;1.0,0.0,0.0,0.0
4.51;0.0,0.0,0.0;1.0,0.0,0.0,0.0
4.52;0.0,0.0,0.0;1.0,0.0,0.0,0.0
4.53;0.0,0.0,0.0;1.0,0.0,0.0,0.0
4.54;0.0,0.0,0.0;1.0,0.0,0.0,0.0
4.55;0.0,0.0,0.0;1.0,0.0,0.0,0.0
4.56;0.0,0.0,0.0;1.0,0.0,0.0,0.0
4.57;0.0,0.0,0.0;1.0,0.0,0.0,0.0
4.58;0.0,0.0,0.0;1.0,0.0,0.0,0.0
4.59;0.0,0.0,0.0;1.0,0.0,0.0,0.0
4.6;0.0,0.0,0.0;1.0,0.0,0.0,0.0
4.61;0.0,0.0,0.0;1.0,0.0,0.0,0.0
4.62;0.0,0.0,0.0;1.0,0.0,0.0,0.0
4.63;0.0,0.0,0.0;1.0,0.0,0.0,0.0
4.64;0.0,0.0,0.0;1.0,0.0,0.0,0.0
4.65;0.0,0.0,0.0;1.0,0.0,0.0,0.0
4.66;0.0,0.0,0.0;1.0,0.0,0.0,0.0
4.67;0.0,0.0,0.0;1.0,0.0,0.0,0.0
4.68;0.0,0.0,0.0;1.0,0.0,0.0,0.0
4.69;0.0,0.0,0.0;1.0,0.0,0.0,0.0
4.7;0.0,0.0,0.0;1.0,0.0,0.0,0.0
4.71;0.0,0.0,0.0;1.0,0.0,0.0,0.0
4.72;0.0,0.0,0.0;1.0,0.0,0.0,0.0
4.73;0.0,0.0,0.0;1.0,0.0,0.0,0.0
4.74;0.0,0.0,0.0;1.0,0.0,0.0,0.0
4.75;0.0,0.0,0.0;1.0,0.0,0.0,0.0
4.76;0.0,0.0,0.0;1.0,0.0,0.0,0.0
4.77;0.0,0.0,0.0;1.0,0.0,0.0,0.0
4.78;0.0,0.0,0.0;1.0,0.0,0.0,0.0
4.79;0.0,0.0,0.0;1.0,0.0,0.0,0.0
4.8;0.0,0.0,0.0;1.0,0.0,0.0,0.0
4.81;0.0,0.0,0.0;1.0,0.0,0.0,0.0
4.82;0.0,0.0,0.0;1.0,0.0,0.0,0.0
4.83;0.0,0.0,0.0;1.0,0.0,0.0,0.0
4.84;0.0,0.0,0.0;1.0,0.0,0.0,0.0
4.85;0.0,0.0,0.0;1.0,0.0,0.0,0.0
4.86;0.0,0.0,0.0;1.0,0.0,0.0,0.0
4.87;0.0,0.0,0.0;1.0,0.0,0.0,0.0
4.88;0.0,0.0,0.0;1.0,0.0,0.0,0.0
4.89;0.0,0.0,0.0;1.0,0.0,0.0,0.0
4.9;0.0,0.0,0.0;1.0,0.0,0.0,0.0
4.91;0.0,0.0,0.0;1.0,0.0,0.0,0.0
4.92;0.0,0.0,0.0;1.0,0.0,0.0,0.0
4.93;0.0,0.0,0.0;1.0,0.0,0.0,0.0
4.94;0.0,0.0,0.0;1.0,0.0,0.0,0.0
4.95;0.0,0.0,0.0;1.0,0.0,0.0,0.0
4.96;0.0,0.0,0.0;1.0,0.0,0.0,0.0
4.97;0.0,0.0,0.0;1.0,0.0,0.0,0.0
4.98;0.0,0.0,0.0;1.0,0.0,0.0,0.0
4.99;0.0,0.0,0.0;1.0,0.0,0.0,0.0
5.0;0.0,0.0,0.0;1.0,0.0,0.0,0.0
5.01;0.0,0.0,0.0;1.0,0.0,0.0,0.0
5.02;0.0,0.0,0.0;1.0,0.0,0.0,0.0
5.03;0.0,0.0,0.0;1.0,0.0,0.0,0.0
5.04;0.0,0.0,0.0;1.0,0.0,0.0,0.0
5.05;0.0,0.0,0.0;1.0,0.0,0.0,0.0
5.06;0.0,0.0,0.0;1.0,0.0,0.0,0.0
5.07;0.0,0.0,0.0;1.0,0.0,0.0,0.0
5.08;0.0,0.0,0.0;1.0,0.0,0.0,0.0
5.09;0.0,0.0,0.0;1.0,0.0,0.0,0.0
5.1;0.0,0.0,0.0;1.0,0.0,0.0,0.0
5.11;0.0,0.0,0.0;1.0,0.0,0.0,0.0
5.12;0.0,0.0,0.0;1.0,0.0,0.0,0.0
5.13;0.0,0.0,0.0;1.0,0.0,0.0,0.0
5.14;0.0,0.0,0.0;1.0,0.0,0.0,0.0
5.15;0.0,0.0,0.0;1.0,0.0,0.0,0.0
5.16;0.0,0.0,0.0;1.0,0.0,0.0,0.0
5.17;0.0,0.0,0.0;1.0,0.0,0.0,0.0
5.18;0.0,0.0,0.0;1.0,0.0,0.0,0.0
5.19;0.0,0.0,0.0;1.0,0.0,0.0,0.0
5.2;0.0,0.0,0.0;1.0,0.0,0.0,0.0
5.21;0.0,0.0,0.0;1.0,0.0,0.0,0.0
5.22;0.0,0.0,0.0;1.0,0.0,0.0,0.0
5.23;0.0,0.0,0.0;1.0,0.0,0.0,0.0
5.24;0.0,0.0,0.0;1.0,0.0,0.0,0.0
5.25;0.0,0.0,0.0;1.0,0.0,0.0,0.0
5.26;0.0,0.0,0.0;1.0,0.0,0.0,0.0
5.27;0.0,0.0,0.0;1.0,0.0,0.0,0.0
5.28;0.0,0.0,0.0;1.0,0.0,0.0,0.0
5.29;0.0,0.0,0.0;1.0,0.0,0.0,0.0
5.3;0.0,0.0,0.0;1.0,0.0,0.0,0.0
5.31;0.0,0.0,0.0;1.0,0.0,0.0,0.0
5.32;0.0,0.0,0.0;1.0,0.0,0.0,0.0
5.33;0.0,0.0,0.0;1.0,0.0,0.0,0.0
5.34;0.0,0.0,0.0;1.0,0.0,0.0,0.0
5.35;0.0,0.0,0.0;1.0,0.0,0.0,0.0
5.36;0.0,0.0,0.0;1.0,0.0,0.0,0.0
5.37;0.0,0.0,0.0;1.0,0.0,0.0,0.0
5.38;0.0,0.0,0.0;1.0,0.0,0.0,0.0
5.39;0.0,0.0,0.0;1.0,0.0,0.0,0.0
5.4;0.0,0.0,0.0;1.0,0.0,0.0,0.0
5.41;0.0,0.0,0.0;1.0,0.0,0.0,0.0
5.42;0.0,0.0,0.0;1.0,0.0,0.0,0.0
5.43;0.0,0.0,0.0;1.0,0.0,0.0,0.0
5.44;0.0,0.0,0.0;1.0,0.0,0.0,0.0
5.45;0.0,0.0,0.0;1.0,0.0,0.0,0.0
5.46;0.0,0.0,0.0;1.0,0.0,0.0,0.0
5.47;0.0,0.0,0.0;1.0,0.0,0.0,0.0
5.48;0.0,0.0,0.0;1.0,0.0,0.0,0.0
5.49;0.0,0.0,0.0;1.0,0.0,0.0,0.0
5.5;0.0,0.0,0.0;1.0,0.0,0.0,0.0
5.51;0.0,0.0,0.0;1.0,0.0,0.0,0.0
5.52;0.0,0.0,0.0;1.0,0.0,0.0,0.0
5.53;0.0,0.0,0.0;1.0,0.0,0.0,0.0
5.54;0.0,0.0,0.0;1.0,0.0,0.0,0.0
5.55;0.0,0.0,0.0;1.0,0.0,0.0,0.0
5.56;0.0,0.0,0.0;1.0,0.0,0.0,0.0
5.57;0.0,0.0,0.0;1.0,0.0,0.0,0.0
5.58;0.0,0.0,0.0;1.0,0.0,0.0,0.0
5.59;0.0,0.0,0.0;1.0,0.0,0.0,0.0
5.6;0.0,0.0,0.0;1.0,0.0,0.0,0.0
5.61;0.0,0.0,0.0;1.0,0.0,0.0,0.0
5.62;0.0,0.0,0.0;1.0,0.0,0.0,0.0
5.63;0.0,0.0,0.0;1.0,0.0,0.0,0.0
5.64;0.0,0.0,0.0;1.0,0.0,0.0,0.0
5.65;0.0,0.0,0.0;1.0,0.0,0.0,0.0
5.66;0.0,0.0,0.0;1.0,0.0,0.0,0.0
5.67;0.0,0.0,0.0;1.0,0.0,0.0,0.0
5.68;0.0,0.0,0.0;1.0,0.0,0.0,0.0
5.69;0.0,0.0,0.0;1.0,0.0,0.0,0.0
5.7;0.0,0.0,0.0;1.0,0.0,0.0,0.0
5.71;0.0,0.0,0.0;1.0,0.0,0.0,0.0
5.72;0.0,0.0,0.0;1.0,0.0,0.0,0.0
5.73;0.0,0.0,0.0;1.0,0.0,0.0,0.0
5.74;0.0,0.0,0.0;1.0,0.0,0.0,0.0
5.75;0.0,0.0,0.0;1.0,0.0,0.0,0.0
5.76;0.0,0.0,0.0;1.0,0.0,0.0,0.0
5.77;0.0,0.0,0.0;1.0,0.0,0.0,0.0
5.78;0.0,0.0,0.0;1.0,0.0,0.0,0.0
5.79;0.0,0.0,0.0;1.0,0.0,0.0,0.0
5.8;0.0,0.0,0.0;1.0,0.0,0.0,0.0
5.81;0.0,0.0,0.0;1.0,0.0,0.0,0.0
5.82;0.0,0.0,0.0;1.0,0.0,0.0,0.0
5.83;0.0,0.0,0.0;1.0,0.0,0.0,0.0
5.84;0.0,0.0,0.0;1.0,0.0,0.0,0.0
5.85;0.0,0.0,0.0;1.0,0.0,0.0,0.0
5.86;0.0,0.0,0.0;1.0,0.0,0.0,0.0
5.87;0.0,0.0,0.0;1.0,0.0,0.0,0.0
5.88;0.0,0.0,0.0;1.0,0.0,0.0,0.0
5.89;0.0,0.0,0.0;1.0,0.0,0.0,0.0
5.9;0.0,0.0,0.0;1.0,0.0,0.0,0.0
5.91;0.0,0.0,0.0;1.0,0.0,0.0,0.0
5.92;0.0,0.0,0.0;1.0,0.0,0.0,0.0
5.93;0.0,0.0,0.0;1.0,0.0,0.0,0.0
5.94;0.0,0.0,0.0;1.0,0.0,0.0,0.0
5.95;0.0,0.0,0.0;1.0,0.0,0.0,0.0
5.96;0.0,0.0,0.0;1.0,0.0,0.0,0.0
5.97;0.0,0.0,0.0;1.0,0.0,0.0,0.0
5.98;0.0,0.0,0.0;1.0,0.0,0.0,0.0
5.99;0.0,0.0,0.0;1.0,0.0,0.0,0.0
6.0;0.0,0.0,0.0;1.0,0.0,0.0,0.0
6.01;0.0,0.0,0.0;1.0,0.0,0.0,0.0
6.02;0.0,0.0,0.0;1.0,0.0,0.0,0.0
6.03;0.0,0.0,0.0;1.0,0.0,0.0,0.0
6.04;0.0,0.0,0.0;1.0,0.0,0.0,0.0
6.05;0.0,0.0,0.0;1.0,0.0,0.0,0.0
6.06;0.0,0.0,0.0;1.0,0.0,0.0,0.0
6.07;0.0,0.0,0.0;1.0,0.0,0.0,0.0
6.08;0.0,0.0,0.0;1.0,0.0,0.0,0.0
6.09;0.0,0.0,0.0;1.0,0.0,0.0,0.0
6.1;0.0,0.0,0.0;1.0,0.0,0.0,0.0
6.11;0.0,0.0,0.0;1.0,0.0,0.0,0.0
6.12;0.0,0.0,0.0;1.0,0.0,0.0,0.0
6.13;0.0,0.0,0.0;1.0,0.0,0.0,0.0
6.14;0.0,0.0,0.0;1.0,0.0,0.0,0.0
6.15;0.0,0.0,0.0;1.0,0.0,0.0,0.0
6.16;0.0,0.0,0.0;1.0,0.0,0.0,0.0
6.17;0.0,0.0,0.0;1.0,0.0,0.0,0.0
6.18;0.0,0.0,0.0;1.0,0.0,0.0,0.0
6.19;0.0,0.0,0.0;1.0,0.0,0.0,0.0
6.2;0.0,0.0,0.0;1.0,0.0,0.0,0.0
6.21;0.0,0.0,0.0;1.0,0.0,0.0,0.0
6.22;0.0,0.0,0.0;1.0,0.0,0.0,0.0
6.23;0.0,0.0,0.0;1.0,0.0,0.0,0.0
6.24;0.0,0.0,0.0;1.0,0.0,0.0,0.0
6.25;0.0,0.0,0.0;1.0,0.0,0.0,0.0
6.26;0.0,0.0,0.0;1.0,0.0,0.0,0.0
6.27;0.0,0.0,0.0;1.0,0.0,0.0,0.0
6.28;0.0,0.0,0.0;1.0,0.0,0.0,0.0
6.29;0.0,0.0,0.0;1.0,0.0,0.0,0.0
6.3;0.0,0.0,0.0;1.0,0.0,0.0,0.0
6.31;0.0,0.0,0.0;1.0,0.0,0.0,0.0
6.32;0.0,0.0,0.0;1.0,0.0,0.0,0.0
6.33;0.0,0.0,0.0;1.0,0.0,0.0,0.0
6.34;0.0,0.0,0.0;1.0,0.0,0.0,0.0
6.35;0.0,0.0,0.0;1.0,0.0,0.0,0.0
6.36;0.0,0.0,0.0;1.0,0.0,0.0,0.0
6.37;0.0,0.0,0.0;1.0,0.0,0.0,0.0
6.38;0.0,0.0,0.0;1.0,0.0,0.0,0.0
6.39;0.0,0.0,0.0;1.0,0.0,0.0,0.0
6.4;0.0,0.0,0.0;1.0,0.0,0.0,0.0
6.41;0.0,0.0,0.0;1.0,0.0,0.0,0.0
6.42;0.0,0.0,0.0;1.0,0.0,0.0,0.0
6.43;0.0,0.0,0.0;1.0,0.0,0.0,0.0
6.44;0.0,0.0,0.0;1.0,0.0,0.0,0.0
6.45;0.0,0.0,0.0;1.0,0.0,0.0,0.0
6.46;0.0,0.0,0.0;1.0,0.0,0.0,0.0
6.47;0.0,0.0,0.0;1.0,0.0,0.0,0.0
6.48;0.0,0.0,0.0;1.0,0.0,0.0,0.0
6.49;0.0,0.0,0.0;1.0,0.0,0.0,0.0
6.5;0.0,0.0,0.0;1.0,0.0,0.0,0.0
6.51;0.0,0.0,0.0;1.0,0.0,0.0,0.0
6.52;0.0,0.0,0.0;1.0,0.0,0.0,0.0
6.53;0.0,0.0,0.0;1.0,0.0,0.0,0.0
6.54;0.0,0.0,0.0;1.0,0.0,0.0,0.0
6.55;0.0,0.0,0.0;1.0,0.0,0.0,0.0
6.56;0.0,0.0,0.0;1.0,0.0,0.0,0.0
6.57;0.0,0.0,0.0;1.0,0.0,0.0,0.0
6.58;0.0,0.0,0.0;1.0,0.0,0.0,0.0
6.59;0.0,0.0,0.0;1.0,0.0,0.0,0.0
6.6;0.0,0.0,0.0;1.0,0.0,0.0,0.0
6.61;0.0,0.0,0.0;1.0,0.0,0.0,0.0
6.62;0.0,0.0,0.0;1.0,0.0,0.0,0.0
6.63;0.0,0.0,0.0;1.0,0.0,0.0,0.0
6.64;0.0,0.0,0.0;1.0,0.0,0.0,0.0
6.65;0.0,0.0,0.0;1.0,0.0,0.0,0.0
6.66;0.0,0.0,0.0;1.0,0.0,0.0,0.0
6.67;0.0,0.0,0.0;1.0,0.0,0.0,0.0
6.68;0.0,0.0,0.0;1.0,0.0,0.0,0.0
6.69;0.0,1.1175216968695167e-05,-1.7113588910433464e-05;1.0,0.0,0.0,0.0
6.7;0.0,4.454007284948602e-05,-6.820811540819705e-05;1.0,0.0,0.0,0.0
6.71;0.0,9.98533796519041e-05,-0.00015291423187591136;1.0,0.0,0.0,0.0
6.72;0.0,0.00017687394574750215,-0.00027086256886832416;1.0,0.0,0.0,0.0
6.73;0.0,0.00027536056586541235,-0.0004216837987769395;1.0,0.0,0.0,0.0
6.74;0.0,0.000395072071114555,-0.0006050084484741092;1.0,0.0,0.0,0.0
6.75;0.0,0.0005357673508115113,-0.0008204674813896418;1.0,0.0,0.0,0.0
6.76;0.0,0.0006972049013711512,-0.0010676910169422626;1.0,0.0,0.0,0.0
6.77;0.0,0.0008791438303887844,-0.0013463101349771023;1.0,0.0,0.0,0.0
6.78;0.0,0.0010813429253175855,-0.001655955333262682;1.0,0.0,0.0,0.0
6.79;0.0,0.00130356103181839,-0.0019962573423981667;1.0,0.0,0.0,0.0
6.8;0.0,0.0015455565880984068,-0.0023668461944907904;1.0,0.0,0.0,0.0
6.81;0.0,0.0018070889636874199,-0.0027673537842929363;1.0,0.0,0.0,0.0
6.82;0.0,0.00208791671320796,-0.003197409911081195;1.0,0.0,0.0,0.0
6.83;0.0,0.002387797925621271,-0.0036566446069628;1.0,0.0,0.0,0.0
6.84;0.0,0.0027064927853643894,-0.004144689533859491;1.0,0.0,0.0,0.0
6.85;0.0,0.003043759847059846,-0.004661175888031721;1.0,0.0,0.0,0.0
6.86;0.0,0.0033993562683463097,-0.005205732304602861;1.0,0.0,0.0,0.0
6.87;0.0,0.003773042932152748,-0.005777990911155939;1.0,0.0,0.0,0.0
6.88;0.0,0.004164577461779118,-0.0063775829039514065;1.0,0.0,0.0,0.0
6.89;0.0,0.004573718644678593,-0.007004136685281992;1.0,0.0,0.0,0.0
6.9;0.0,0.00500022666528821,-0.007657285779714584;1.0,0.0,0.0,0.0
6.91;0.0,0.005443858914077282,-0.008336657658219337;1.0,0.0,0.0,0.0
6.92;0.0,0.005904373712837696,-0.009041884914040565;1.0,0.0,0.0,0.0
6.93;0.0,0.006381532177329063,-0.009772599674761295;1.0,0.0,0.0,0.0
6.94;0.0,0.006875090301036835,-0.010528428480029106;1.0,0.0,0.0,0.0
6.95;0.0,0.007384808734059334,-0.011309005320072174;1.0,0.0,0.0,0.0
6.96;0.0,0.00791044719517231,-0.012113960459828377;1.0,0.0,0.0,0.0
6.97;0.0,0.008451760746538639,-0.012942923232913017;1.0,0.0,0.0,0.0
6.98;0.0,0.00900851096957922,-0.013795522972941399;1.0,0.0,0.0,0.0
6.99;0.0,0.009580458514392376,-0.014671395532786846;1.0,0.0,0.0,0.0
7.0;0.0,0.010167357511818409,-0.01557016558945179;1.0,0.0,0.0,0.0
7.01;0.0,0.010768969543278217,-0.016491468995809555;1.0,0.0,0.0,0.0
7.02;0.0,0.011385055258870125,-0.01743493229150772;1.0,0.0,0.0,0.0
7.03;0.0,0.012015368789434433,-0.01840018853545189;1.0,0.0,0.0,0.0
7.04;0.0,0.01265967171639204,-0.019386865198612213;1.0,0.0,0.0,0.0
7.05;0.0,0.013317723758518696,-0.020394599065184593;1.0,0.0,0.0,0.0
7.06;0.0,0.013989281840622425,-0.021423012018203735;1.0,0.0,0.0,0.0
7.07;0.0,0.014674104750156403,-0.02247174270451069;1.0,0.0,0.0,0.0
7.08;0.0,0.015371954068541527,-0.023540422320365906;1.0,0.0,0.0,0.0
7.09;0.0,0.016082582995295525,-0.024628672748804092;1.0,0.0,0.0,0.0
7.1;0.0,0.016805756837129593,-0.02573613077402115;1.0,0.0,0.0,0.0
7.11;0.0,0.01754123345017433,-0.026862429454922676;1.0,0.0,0.0,0.0
7.12;0.0,0.018288766965270042,-0.02800719253718853;1.0,0.0,0.0,0.0
7.13;0.0,0.019048117101192474,-0.029170051217079163;1.0,0.0,0.0,0.0
7.14;0.0,0.019819049164652824,-0.030350644141435623;1.0,0.0,0.0,0.0
7.15;0.0,0.020601311698555946,-0.031548596918582916;1.0,0.0,0.0,0.0
7.16;0.0,0.021394671872258186,-0.0327635332942009;1.0,0.0,0.0,0.0
7.17;0.0,0.022198883816599846,-0.033995095640420914;1.0,0.0,0.0,0.0
7.18;0.0,0.02301371470093727,-0.035242918878793716;1.0,0.0,0.0,0.0
7.19;0.0,0.023838909342885017,-0.036506615579128265;1.0,0.0,0.0,0.0
7.2;0.0,0.02467423677444458,-0.03778582438826561;1.0,0.0,0.0,0.0
7.21;0.0,0.02551945298910141,-0.0390801727771759;1.0,0.0,0.0,0.0
7.22;0.0,0.026374315842986107,-0.040389303117990494;1.0,0.0,0.0,0.0
7.23;0.0,0.02723858691751957,-0.04171283543109894;1.0,0.0,0.0,0.0
7.24;0.0,0.028112027794122696,-0.043050408363342285;1.0,0.0,0.0,0.0
7.25;0.0,0.02899438515305519,-0.04440164566040039;1.0,0.0,0.0,0.0
7.26;0.0,0.0298854261636734,-0.04576617479324341;1.0,0.0,0.0,0.0
7.27;0.0,0.030784906819462776,-0.04714363068342209;1.0,0.0,0.0,0.0
7.28;0.0,0.031692590564489365,-0.04853364825248718;1.0,0.0,0.0,0.0
7.29;0.0,0.032608237117528915,-0.049935851246118546;1.0,0.0,0.0,0.0
7.3;0.0,0.03353160247206688,-0.051349882036447525;1.0,0.0,0.0,0.0
7.31;0.0,0.034462444484233856,-0.05277536064386368;1.0,0.0,0.0,0.0
7.32;0.0,0.03540051728487015,-0.05421191081404686;1.0,0.0,0.0,0.0
7.33;0.0,0.03634558618068695,-0.055659182369709015;1.0,0.0,0.0,0.0
7.34;0.0,0.037297409027814865,-0.0571167916059494;1.0,0.0,0.0,0.0
7.35;0.0,0.03825574740767479,-0.05858438089489937;1.0,0.0,0.0,0.0
7.36;0.0,0.039220355451107025,-0.06006156653165817;1.0,0.0,0.0,0.0
7.37;0.0,0.040190987288951874,-0.06154797971248627;1.0,0.0,0.0,0.0
7.38;0.0,0.04116741195321083,-0.0630432665348053;1.0,0.0,0.0,0.0
7.39;0.0,0.0421493835747242,-0.06454704701900482;1.0,0.0,0.0,0.0
7.4;0.0,0.043136660009622574,-0.06605894863605499;1.0,0.0,0.0,0.0
7.41;0.0,0.04412900656461716,-0.06757862120866776;1.0,0.0,0.0,0.0
7.42;0.0,0.04512616991996765,-0.06910566240549088;1.0,0.0,0.0,0.0
7.43;0.0,0.04612792283296585,-0.0706397294998169;1.0,0.0,0.0,0.0
7.44;0.0,0.04713401198387146,-0.07218044251203537;1.0,0.0,0.0,0.0
7.45;0.0,0.048144202679395676,-0.07372744381427765;1.0,0.0,0.0,0.0
7.46;0.0,0.0491582490503788,-0.0752803385257721;1.0,0.0,0.0,0.0
7.47;0.0,0.050175927579402924,-0.07683879137039185;1.0,0.0,0.0,0.0
7.48;0.0,0.05119696632027626,-0.07840240746736526;1.0,0.0,0.0,0.0
7.49;0.0,0.0522211417555809,-0.0799708217382431;1.0,0.0,0.0,0.0
7.5;0.0,0.053248219192028046,-0.08154366910457611;1.0,0.0,0.0,0.0
7.51;0.0,0.054277949035167694,-0.08312058448791504;1.0,0.0,0.0,0.0
7.52;0.0,0.05531008541584015,-0.08470118790864944;1.0,0.0,0.0,0.0
7.53;0.0,0.056344401091337204,-0.08628512918949127;1.0,0.0,0.0,0.0
7.54;0.0,0.057380642741918564,-0.08787201344966888;1.0,0.0,0.0,0.0
7.55;0.0,0.05841857194900513,-0.08946149051189423;1.0,0.0,0.0,0.0
7.56;0.0,0.05945795029401779,-0.09105317294597626;1.0,0.0,0.0,0.0
7.57;0.0,0.06049852818250656,-0.09264670312404633;1.0,0.0,0.0,0.0
7.58;0.0,0.061540067195892334,-0.09424170851707458;1.0,0.0,0.0,0.0
7.59;0.0,0.0625823438167572,-0.09583783894777298;1.0,0.0,0.0,0.0
7.6;0.0,0.06362509727478027,-0.09743468463420868;1.0,0.0,0.0,0.0
7.61;0.0,0.06466808915138245,-0.09903191775083542;1.0,0.0,0.0,0.0
7.62;0.0,0.06571108102798462,-0.10062915086746216;1.0,0.0,0.0,0.0
7.63;0.0,0.06675383448600769,-0.10222601145505905;1.0,0.0,0.0,0.0
7.64;0.0,0.06779610365629196,-0.10382211208343506;1.0,0.0,0.0,0.0
7.65;0.0,0.06883764266967773,-0.10541711747646332;1.0,0.0,0.0,0.0
7.66;0.0,0.0698782280087471,-0.10701065510511398;1.0,0.0,0.0,0.0
7.67;0.0,0.07091761380434036,-0.1086023673415184;1.0,0.0,0.0,0.0
7.68;0.0,0.07195553928613663,-0.11019182950258255;1.0,0.0,0.0,0.0
7.69;0.0,0.07299177348613739,-0.11177871376276016;1.0,0.0,0.0,0.0
7.7;0.0,0.07402609288692474,-0.11336264759302139;1.0,0.0,0.0,0.0
7.71;0.0,0.0750582218170166,-0.1149432361125946;1.0,0.0,0.0,0.0
7.72;0.0,0.07608795911073685,-0.11652016639709473;1.0,0.0,0.0,0.0
7.73;0.0,0.0771150290966034,-0.11809300631284714;1.0,0.0,0.0,0.0
7.74;0.0,0.07813920825719833,-0.11966142058372498;1.0,0.0,0.0,0.0
7.75;0.0,0.07916024327278137,-0.12122504413127899;1.0,0.0,0.0,0.0
7.76;0.0,0.0801779180765152,-0.12278348952531815;1.0,0.0,0.0,0.0
7.77;0.0,0.08119197189807892,-0.12433639168739319;1.0,0.0,0.0,0.0
7.78;0.0,0.08220216631889343,-0.12588338553905487;1.0,0.0,0.0,0.0
7.79;0.0,0.08320826292037964,-0.12742412090301514;1.0,0.0,0.0,0.0
7.8;0.0,0.08421002328395844,-0.12895818054676056;1.0,0.0,0.0,0.0
7.81;0.0,0.08520717173814774,-0.13048520684242249;1.0,0.0,0.0,0.0
7.82;0.0,0.08619952201843262,-0.13200488686561584;1.0,0.0,0.0,0.0
7.83;0.0,0.087186798453331,-0.13351678848266602;1.0,0.0,0.0,0.0
7.84;0.0,0.08816876262426376,-0.13502058386802673;1.0,0.0,0.0,0.0
7.85;0.0,0.08914519846439362,-0.13651585578918457;1.0,0.0,0.0,0.0
7.86;0.0,0.09011581540107727,-0.13800227642059326;1.0,0.0,0.0,0.0
7.87;0.0,0.0910804346203804,-0.13947945833206177;1.0,0.0,0.0,0.0
7.88;0.0,0.09203875809907913,-0.14094702899456024;1.0,0.0,0.0,0.0
7.89;0.0,0.09299059212207794,-0.14240464568138123;1.0,0.0,0.0,0.0
7.9;0.0,0.09393566101789474,-0.14385190606117249;1.0,0.0,0.0,0.0
7.91;0.0,0.09487373381853104,-0.14528849720954895;1.0,0.0,0.0,0.0
7.92;0.0,0.09580457955598831,-0.14671394228935242;1.0,0.0,0.0,0.0
7.93;0.0,0.09672794491052628,-0.1481279730796814;1.0,0.0,0.0,0.0
7.94;0.0,0.09764359146356583,-0.14953018724918365;1.0,0.0,0.0,0.0
7.95;0.0,0.09855126589536667,-0.15092021226882935;1.0,0.0,0.0,0.0
7.96;0.0,0.09945075213909149,-0.15229764580726624;1.0,0.0,0.0,0.0
7.97;0.0,0.1003417894244194,-0.15366218984127045;1.0,0.0,0.0,0.0
7.98;0.0,0.1012241542339325,-0.15501342713832855;1.0,0.0,0.0,0.0
7.99;0.0,0.10209759324789047,-0.1563510000705719;1.0,0.0,0.0,0.0
8.0;0.0,0.10296186059713364,-0.15767453610897064;1.0,0.0,0.0,0.0
8.01;0.0,0.10381672531366348,-0.15898366272449493;1.0,0.0,0.0,0.0
8.02;0.0,0.10466194897890091,-0.16027802228927612;1.0,0.0,0.0,0.0
8.03;0.0,0.10549727082252502,-0.16155722737312317;1.0,0.0,0.0,0.0
8.04;0.0,0.10632248222827911,-0.16282092034816742;1.0,0.0,0.0,0.0
8.05;0.0,0.1071372926235199,-0.16406872868537903;1.0,0.0,0.0,0.0
8.06;0.0,0.10794150829315186,-0.16530029475688934;1.0,0.0,0.0,0.0
8.07;0.0,0.1087348610162735,-0.16651524603366852;1.0,0.0,0.0,0.0
8.08;0.0,0.10951713472604752,-0.1677131950855255;1.0,0.0,0.0,0.0
8.09;0.0,0.11028805375099182,-0.16889378428459167;1.0,0.0,0.0,0.0
8.1;0.0,0.1110474169254303,-0.17005664110183716;1.0,0.0,0.0,0.0
8.11;0.0,0.11179494857788086,-0.1712014228105545;1.0,0.0,0.0,0.0
8.12;0.0,0.112530417740345,-0.17232771217823029;1.0,0.0,0.0,0.0
8.13;0.0,0.11325358599424362,-0.17343518137931824;1.0,0.0,0.0,0.0
8.14;0.0,0.11396422982215881,-0.17452342808246613;1.0,0.0,0.0,0.0
8.15;0.0,0.11466208100318909,-0.17559212446212769;1.0,0.0,0.0,0.0
8.16;0.0,0.11534689366817474,-0.1766408234834671;1.0,0.0,0.0,0.0
8.17;0.0,0.11601845920085907,-0.17766925692558289;1.0,0.0,0.0,0.0
8.18;0.0,0.11667652428150177,-0.17867697775363922;1.0,0.0,0.0,0.0
8.19;0.0,0.11732080578804016,-0.17966367304325104;1.0,0.0,0.0,0.0
8.2;0.0,0.11795112490653992,-0.18062889575958252;1.0,0.0,0.0,0.0
8.21;0.0,0.11856721341609955,-0.18157237768173218;1.0,0.0,0.0,0.0
8.22;0.0,0.11916881799697876,-0.1824936866760254;1.0,0.0,0.0,0.0
8.23;0.0,0.11975573003292084,-0.1833924651145935;1.0,0.0,0.0,0.0
8.24;0.0,0.1203276515007019,-0.1842682957649231;1.0,0.0,0.0,0.0
8.25;0.0,0.12088443338871002,-0.18512092530727386;1.0,0.0,0.0,0.0
8.26;0.0,0.12142574787139893,-0.1859498918056488;1.0,0.0,0.0,0.0
8.27;0.0,0.12195135653018951,-0.18675483763217926;1.0,0.0,0.0,0.0
8.28;0.0,0.12246108055114746,-0.18753540515899658;1.0,0.0,0.0,0.0
8.29;0.0,0.12295463681221008,-0.1882912516593933;1.0,0.0,0.0,0.0
8.3;0.0,0.12343178689479828,-0.18902194499969482;1.0,0.0,0.0,0.0
8.31;0.0,0.12389232218265533,-0.18972721695899963;1.0,0.0,0.0,0.0
8.32;0.0,0.12433592975139618,-0.19040653109550476;1.0,0.0,0.0,0.0
8.33;0.0,0.12476246058940887,-0.19105970859527588;1.0,0.0,0.0,0.0
8.34;0.0,0.12517158687114716,-0.19168627262115479;1.0,0.0,0.0,0.0
8.35;0.0,0.1255631297826767,-0.19228583574295044;1.0,0.0,0.0,0.0
8.36;0.0,0.12593680620193481,-0.19285809993743896;1.0,0.0,0.0,0.0
8.37;0.0,0.126292422413826,-0.19340267777442932;1.0,0.0,0.0,0.0
8.38;0.0,0.12662968039512634,-0.19391915202140808;1.0,0.0,0.0,0.0
8.39;0.0,0.12694840133190155,-0.19440722465515137;1.0,0.0,0.0,0.0
8.4;0.0,0.12724825739860535,-0.19486644864082336;1.0,0.0,0.0,0.0
8.41;0.0,0.1275290697813034,-0.19529646635055542;1.0,0.0,0.0,0.0
8.42;0.0,0.1277906447649002,-0.19569703936576843;1.0,0.0,0.0,0.0
8.43;0.0,0.1280326098203659,-0.19606760144233704;1.0,0.0,0.0,0.0
8.44;0.0,0.12825484573841095,-0.19640791416168213;1.0,0.0,0.0,0.0
8.45;0.0,0.12845703959465027,-0.1967175304889679;1.0,0.0,0.0,0.0
8.46;0.0,0.12863898277282715,-0.19699618220329285;1.0,0.0,0.0,0.0
8.47;0.0,0.1288004070520401,-0.1972433626651764;1.0,0.0,0.0,0.0
8.48;0.0,0.1289411038160324,-0.19745883345603943;1.0,0.0,0.0,0.0
8.49;0.0,0.12906081974506378,-0.19764217734336853;1.0,0.0,0.0,0.0
8.5;0.0,0.12915930151939392,-0.19779300689697266;1.0,0.0,0.0,0.0
8.51;0.0,0.12923632562160492,-0.19791093468666077;1.0,0.0,0.0,0.0
8.52;0.0,0.12929165363311768,-0.1979956030845642;1.0,0.0,0.0,0.0
8.53;0.0,0.1293250024318695,-0.1980467438697815;1.0,0.0,0.0,0.0
8.54;0.0,0.1293361783027649,-0.19806383550167084;1.0,0.0,0.0,0.0
8.55;0.0,0.1293252408504486,-0.19804708659648895;1.0,0.0,0.0,0.0
8.56;0.0,0.1292925775051117,-0.1979970633983612;1.0,0.0,0.0,0.0
8.57;0.0,0.12923842668533325,-0.19791413843631744;1.0,0.0,0.0,0.0
8.58;0.0,0.1291630119085312,-0.19779866933822632;1.0,0.0,0.0,0.0
8.59;0.0,0.129066601395607,-0.1976509988307953;1.0,0.0,0.0,0.0
8.6;0.0,0.128949373960495,-0.197471484541893;1.0,0.0,0.0,0.0
8.61;0.0,0.12881159782409668,-0.1972605139017105;1.0,0.0,0.0,0.0
8.62;0.0,0.12865352630615234,-0.19701839983463287;1.0,0.0,0.0,0.0
8.63;0.0,0.1284753382205963,-0.19674555957317352;1.0,0.0,0.0,0.0
8.64;0.0,0.12827730178833008,-0.19644229114055634;1.0,0.0,0.0,0.0
8.65;0.0,0.12805964052677155,-0.19610896706581116;1.0,0.0,0.0,0.0
8.66;0.0,0.127822607755661,-0.19574597477912903;1.0,0.0,0.0,0.0
8.67;0.0,0.12756642699241638,-0.1953536421060562;1.0,0.0,0.0,0.0
8.68;0.0,0.12729130685329437,-0.19493234157562256;1.0,0.0,0.0,0.0
8.69;0.0,0.12699750065803528,-0.19448241591453552;1.0,0.0,0.0,0.0
8.7;0.0,0.1266852468252182,-0.19400423765182495;1.0,0.0,0.0,0.0
8.71;0.0,0.12635478377342224,-0.1934981644153595;1.0,0.0,0.0,0.0
8.72;0.0,0.1260063201189041,-0.19296453893184662;1.0,0.0,0.0,0.0
8.73;0.0,0.1256401091814041,-0.19240373373031616;1.0,0.0,0.0,0.0
8.74;0.0,0.12525638937950134,-0.19181610643863678;1.0,0.0,0.0,0.0
8.75;0.0,0.12485538423061371,-0.19120199978351593;1.0,0.0,0.0,0.0
8.76;0.0,0.12443731725215912,-0.19056178629398346;1.0,0.0,0.0,0.0
8.77;0.0,0.12400244176387787,-0.18989580869674683;1.0,0.0,0.0,0.0
8.78;0.0,0.12355097383260727,-0.18920443952083588;1.0,0.0,0.0,0.0
8.79;0.0,0.12308316677808762,-0.18848805129528046;1.0,0.0,0.0,0.0
8.8;0.0,0.12259923666715622,-0.18774695694446564;1.0,0.0,0.0,0.0
8.81;0.0,0.12209942191839218,-0.18698155879974365;1.0,0.0,0.0,0.0
8.82;0.0,0.1215839609503746,-0.18619216978549957;1.0,0.0,0.0,0.0
8.83;0.0,0.12105307728052139,-0.18537919223308563;1.0,0.0,0.0,0.0
8.84;0.0,0.12050701677799225,-0.1845429688692093;1.0,0.0,0.0,0.0
8.85;0.0,0.11994601041078568,-0.183683842420578;1.0,0.0,0.0,0.0
8.86;0.0,0.11937028914690018,-0.1828022003173828;1.0,0.0,0.0,0.0
8.87;0.0,0.11878007650375366,-0.1818983554840088;1.0,0.0,0.0,0.0
8.88;0.0,0.11817561835050583,-0.18097269535064697;1.0,0.0,0.0,0.0
8.89;0.0,0.11755715310573578,-0.18002557754516602;1.0,0.0,0.0,0.0
8.9;0.0,0.11692489683628082,-0.17905735969543457;1.0,0.0,0.0,0.0
8.91;0.0,0.11627910286188126,-0.1780683994293213;1.0,0.0,0.0,0.0
8.92;0.0,0.11561998724937439,-0.17705903947353363;1.0,0.0,0.0,0.0
8.93;0.0,0.11494780331850052,-0.17602963745594025;1.0,0.0,0.0,0.0
8.94;0.0,0.11426275968551636,-0.17498059570789337;1.0,0.0,0.0,0.0
8.95;0.0,0.1135651096701622,-0.17391222715377808;1.0,0.0,0.0,0.0
8.96;0.0,0.11285507678985596,-0.172824889421463;1.0,0.0,0.0,0.0
8.97;0.0,0.11213289946317673,-0.17171895503997803;1.0,0.0,0.0,0.0
8.98;0.0,0.11139880865812302,-0.17059478163719177;1.0,0.0,0.0,0.0
8.99;0.0,0.11065304279327393,-0.1694527119398117;1.0,0.0,0.0,0.0
9.0;0.0,0.10989582538604736,-0.16829313337802887;1.0,0.0,0.0,0.0
9.01;0.0,0.10912740230560303,-0.16711637377738953;1.0,0.0,0.0,0.0
9.02;0.0,0.10834800451993942,-0.16592280566692352;1.0,0.0,0.0,0.0
9.03;0.0,0.10755785554647446,-0.16471277177333832;1.0,0.0,0.0,0.0
9.04;0.0,0.10675720125436783,-0.16348665952682495;1.0,0.0,0.0,0.0
9.05;0.0,0.10594625771045685,-0.1622447967529297;1.0,0.0,0.0,0.0
9.06;0.0,0.10512528568506241,-0.16098755598068237;1.0,0.0,0.0,0.0
9.07;0.0,0.10429448634386063,-0.15971530973911285;1.0,0.0,0.0,0.0
9.08;0.0,0.1034541204571724,-0.1584283709526062;1.0,0.0,0.0,0.0
9.09;0.0,0.10260441154241562,-0.15712714195251465;1.0,0.0,0.0,0.0
9.1;0.0,0.1017455980181694,-0.15581196546554565;1.0,0.0,0.0,0.0
9.11;0.0,0.10087790340185165,-0.15448318421840668;1.0,0.0,0.0,0.0
9.12;0.0,0.10000155866146088,-0.15314117074012756;1.0,0.0,0.0,0.0
9.13;0.0,0.09911681711673737,-0.15178628265857697;1.0,0.0,0.0,0.0
9.14;0.0,0.09822389483451843,-0.15041887760162354;1.0,0.0,0.0,0.0
9.15;0.0,0.09732303023338318,-0.14903929829597473;1.0,0.0,0.0,0.0
9.16;0.0,0.0964144617319107,-0.1476479321718216;1.0,0.0,0.0,0.0
9.17;0.0,0.09549841284751892,-0.1462451070547104;1.0,0.0,0.0,0.0
9.18;0.0,0.09457512199878693,-0.14483119547367096;1.0,0.0,0.0,0.0
9.19;0.0,0.09364483505487442,-0.14340654015541077;1.0,0.0,0.0,0.0
9.2;0.0,0.09270777553319931,-0.14197154343128204;1.0,0.0,0.0,0.0
9.21;0.0,0.09176415950059891,-0.14052650332450867;1.0,0.0,0.0,0.0
9.22;0.0,0.09081424027681351,-0.13907182216644287;1.0,0.0,0.0,0.0
9.23;0.0,0.08985826373100281,-0.13760784268379211;1.0,0.0,0.0,0.0
9.24;0.0,0.08889643102884293,-0.13613490760326385;1.0,0.0,0.0,0.0
9.25;0.0,0.08792900294065475,-0.13465340435504913;1.0,0.0,0.0,0.0
9.26;0.0,0.0869561955332756,-0.1331636607646942;1.0,0.0,0.0,0.0
9.27;0.0,0.08597825467586517,-0.13166604936122894;1.0,0.0,0.0,0.0
9.28;0.0,0.08499541878700256,-0.13016092777252197;1.0,0.0,0.0,0.0
9.29;0.0,0.08400789648294449,-0.12864865362644196;1.0,0.0,0.0,0.0
9.3;0.0,0.08301593363285065,-0.12712958455085754;1.0,0.0,0.0,0.0
9.31;0.0,0.08201977610588074,-0.1256040781736374;1.0,0.0,0.0,0.0
9.32;0.0,0.08101963996887207,-0.12407248467206955;1.0,0.0,0.0,0.0
9.33;0.0,0.08001576364040375,-0.12253516912460327;1.0,0.0,0.0,0.0
9.34;0.0,0.07900840044021606,-0.12099248915910721;1.0,0.0,0.0,0.0
9.35;0.0,0.07799775153398514,-0.11944480240345001;1.0,0.0,0.0,0.0
9.36;0.0,0.07698407769203186,-0.11789246648550034;1.0,0.0,0.0,0.0
9.37;0.0,0.07596759498119354,-0.11633583903312683;1.0,0.0,0.0,0.0
9.38;0.0,0.07494853436946869,-0.11477527022361755;1.0,0.0,0.0,0.0
9.39;0.0,0.0739271491765976,-0.11321112513542175;1.0,0.0,0.0,0.0
9.4;0.0,0.07290365546941757,-0.11164376139640808;1.0,0.0,0.0,0.0
9.41;0.0,0.07187829911708832,-0.11007354408502579;1.0,0.0,0.0,0.0
9.42;0.0,0.07085131108760834,-0.10850081592798233;1.0,0.0,0.0,0.0
9.43;0.0,0.06982290744781494,-0.10692594945430756;1.0,0.0,0.0,0.0
9.44;0.0,0.06879334896802902,-0.10534929484128952;1.0,0.0,0.0,0.0
9.45;0.0,0.0677628442645073,-0.10377119481563568;1.0,0.0,0.0,0.0
9.46;0.0,0.06673164665699005,-0.10219203680753708;1.0,0.0,0.0,0.0
9.47;0.0,0.0656999871134758,-0.10061214864253998;1.0,0.0,0.0,0.0
9.48;0.0,0.06466808915138245,-0.09903191775083542;1.0,0.0,0.0,0.0
9.49;0.0,0.0636361837387085,-0.09745167195796967;1.0,0.0,0.0,0.0
9.5;0.0,0.06260453164577484,-0.09587180614471436;1.0,0.0,0.0,0.0
9.51;0.0,0.061573322862386703,-0.09429263323545456;1.0,0.0,0.0,0.0
9.52;0.0,0.06054282933473587,-0.09271454066038132;1.0,0.0,0.0,0.0
9.53;0.0,0.059513259679079056,-0.09113788604736328;1.0,0.0,0.0,0.0
9.54;0.0,0.058484870940446854,-0.08956301957368851;1.0,0.0,0.0,0.0
9.55;0.0,0.05745787173509598,-0.08799028396606445;1.0,0.0,0.0,0.0
9.56;0.0,0.05643252283334732,-0.08642008155584335;1.0,0.0,0.0,0.0
9.57;0.0,0.0554090216755867,-0.08485269546508789;1.0,0.0,0.0,0.0
9.58;0.0,0.05438763648271561,-0.08328857272863388;1.0,0.0,0.0,0.0
9.59;0.0,0.05336857959628105,-0.081727996468544;1.0,0.0,0.0,0.0
9.6;0.0,0.05235211178660393,-0.0801713764667511;1.0,0.0,0.0,0.0
9.61;0.0,0.051338426768779755,-0.07861903309822083;1.0,0.0,0.0,0.0
9.62;0.0,0.050327789038419724,-0.07707134634256363;1.0,0.0,0.0,0.0
9.63;0.0,0.04932040348649025,-0.07552866637706757;1.0,0.0,0.0,0.0
9.64;0.0,0.04831654950976372,-0.07399135828018188;1.0,0.0,0.0,0.0
9.65;0.0,0.04731641337275505,-0.07245975732803345;1.0,0.0,0.0,0.0
9.66;0.0,0.04632025584578514,-0.07093425840139389;1.0,0.0,0.0,0.0
9.67;0.0,0.045328281819820404,-0.06941518187522888;1.0,0.0,0.0,0.0
9.68;0.0,0.04434077814221382,-0.06790290772914886;1.0,0.0,0.0,0.0
9.69;0.0,0.04335791990160942,-0.0663977861404419;1.0,0.0,0.0,0.0
9.7;0.0,0.04237997904419899,-0.06490017473697662;1.0,0.0,0.0,0.0
9.71;0.0,0.041407179087400436,-0.0634104385972023;1.0,0.0,0.0,0.0
9.72;0.0,0.04043973237276077,-0.06192890554666519;1.0,0.0,0.0,0.0
9.73;0.0,0.039477914571762085,-0.060455985367298126;1.0,0.0,0.0,0.0
9.74;0.0,0.03852192312479019,-0.05899199843406677;1.0,0.0,0.0,0.0
9.75;0.0,0.03757201135158539,-0.057537324726581573;1.0,0.0,0.0,0.0
9.76;0.0,0.03662840276956558,-0.0560922846198082;1.0,0.0,0.0,0.0
9.77;0.0,0.035691335797309875,-0.054657287895679474;1.0,0.0,0.0,0.0
9.78;0.0,0.03476104140281677,-0.05323264002799988;1.0,0.0,0.0,0.0
9.79;0.0,0.03383776545524597,-0.05181872099637985;1.0,0.0,0.0,0.0
9.8;0.0,0.03292171657085419,-0.05041590332984924;1.0,0.0,0.0,0.0
9.81;0.0,0.032013148069381714,-0.0490245446562767;1.0,0.0,0.0,0.0
9.82;0.0,0.031112276017665863,-0.0476449579000473;1.0,0.0,0.0,0.0
9.83;0.0,0.030219361186027527,-0.046277567744255066;1.0,0.0,0.0,0.0
9.84;0.0,0.029334627091884613,-0.04492267966270447;1.0,0.0,0.0,0.0
9.85;0.0,0.028458282351493835,-0.043580666184425354;1.0,0.0,0.0,0.0
9.86;0.0,0.027590572834014893,-0.04225187003612518;1.0,0.0,0.0,0.0
9.87;0.0,0.026731759309768677,-0.04093669354915619;1.0,0.0,0.0,0.0
9.88;0.0,0.0258820578455925,-0.03963544964790344;1.0,0.0,0.0,0.0
9.89;0.0,0.025041699409484863,-0.03834852576255798;1.0,0.0,0.0,0.0
9.9;0.0,0.024210892617702484,-0.037076279520988464;1.0,0.0,0.0,0.0
9.91;0.0,0.023389913141727448,-0.03581903874874115;1.0,0.0,0.0,0.0
9.92;0.0,0.022578969597816467,-0.0345771461725235;1.0,0.0,0.0,0.0
9.93;0.0,0.02177833765745163,-0.03335107862949371;1.0,0.0,0.0,0.0
9.94;0.0,0.020988166332244873,-0.032141029834747314;1.0,0.0,0.0,0.0
9.95;0.0,0.02020876109600067,-0.030947446823120117;1.0,0.0,0.0,0.0
9.96;0.0,0.019440345466136932,-0.02977071702480316;1.0,0.0,0.0,0.0
9.97;0.0,0.018683135509490967,-0.028611108660697937;1.0,0.0,0.0,0.0
9.98;0.0,0.01793736219406128,-0.02746906876564026;1.0,0.0,0.0,0.0
9.99;0.0,0.017203278839588165,-0.026344895362854004;1.0,0.0,0.0,0.0
10.0;0.0,0.01648109406232834,-0.025238946080207825;1.0,0.0,0.0,0.0
10.01;0.0,0.015771053731441498,-0.02415160834789276;1.0,0.0,0.0,0.0
10.02;0.0,0.015073418617248535,-0.023083239793777466;1.0,0.0,0.0,0.0
10.03;0.0,0.014388367533683777,-0.022034168243408203;1.0,0.0,0.0,0.0
10.04;0.0,0.013716191053390503,-0.021004796028137207;1.0,0.0,0.0,0.0
10.05;0.0,0.013057082891464233,-0.019995450973510742;1.0,0.0,0.0,0.0
10.06;0.0,0.012411266565322876,-0.019006460905075073;1.0,0.0,0.0,0.0
10.07;0.0,0.011779025197029114,-0.018038257956504822;1.0,0.0,0.0,0.0
10.08;0.0,0.011160552501678467,-0.01709112524986267;1.0,0.0,0.0,0.0
10.09;0.0,0.010556116700172424,-0.016165494918823242;1.0,0.0,0.0,0.0
10.1;0.0,0.009965881705284119,-0.015261650085449219;1.0,0.0,0.0,0.0
10.11;0.0,0.00939016044139862,-0.01437997817993164;1.0,0.0,0.0,0.0
10.12;0.0,0.008829176425933838,-0.013520851731300354;1.0,0.0,0.0,0.0
10.13;0.0,0.008283093571662903,-0.012684598565101624;1.0,0.0,0.0,0.0
10.14;0.0,0.007752224802970886,-0.01187165081501007;1.0,0.0,0.0,0.0
10.15;0.0,0.00723673403263092,-0.011082261800765991;1.0,0.0,0.0,0.0
10.16;0.0,0.00673694908618927,-0.010316863656044006;1.0,0.0,0.0,0.0
10.17;0.0,0.00625300407409668,-0.009575769305229187;1.0,0.0,0.0,0.0
10.18;0.0,0.005785197019577026,-0.008859336376190186;1.0,0.0,0.0,0.0
10.19;0.0,0.005333736538887024,-0.008168011903762817;1.0,0.0,0.0,0.0
10.2;0.0,0.00489884614944458,-0.007502049207687378;1.0,0.0,0.0,0.0
10.21;0.0,0.004480794072151184,-0.006861835718154907;1.0,0.0,0.0,0.0
10.22;0.0,0.00407978892326355,-0.006247758865356445;1.0,0.0,0.0,0.0
10.23;0.0,0.003696069121360779,-0.0056600868701934814;1.0,0.0,0.0,0.0
10.24;0.0,0.003329858183860779,-0.005099296569824219;1.0,0.0,0.0,0.0
10.25;0.0,0.0029813945293426514,-0.0045656561851501465;1.0,0.0,0.0,0.0
10.26;0.0,0.002650931477546692,-0.004059553146362305;1.0,0.0,0.0,0.0
10.27;0.0,0.0023386776447296143,-0.003581434488296509;1.0,0.0,0.0,0.0
10.28;0.0,0.002044886350631714,-0.0031315088272094727;1.0,0.0,0.0,0.0
10.29;0.0,0.0017697662115097046,-0.002710193395614624;1.0,0.0,0.0,0.0
10.3;0.0,0.0015135854482650757,-0.0023178458213806152;1.0,0.0,0.0,0.0
10.31;0.0,0.0012765228748321533,-0.001954883337020874;1.0,0.0,0.0,0.0
10.32;0.0,0.0010588765144348145,-0.0016215741634368896;1.0,0.0,0.0,0.0
10.33;0.0,0.000860854983329773,-0.0013182759284973145;1.0,0.0,0.0,0.0
10.34;0.0,0.0006826668977737427,-0.0010454654693603516;1.0,0.0,0.0,0.0
10.35;0.0,0.0005245804786682129,-0.0008033215999603271;1.0,0.0,0.0,0.0
10.36;0.0,0.0003867894411087036,-0.0005923211574554443;1.0,0.0,0.0,0.0
10.37;0.0,0.00026960670948028564,-0.00041288137435913086;1.0,0.0,0.0,0.0
10.38;0.0,0.00017313659191131592,-0.0002651810646057129;1.0,0.0,0.0,0.0
10.39;0.0,9.775161743164062e-05,-0.00014972686767578125;1.0,0.0,0.0,0.0
10.4;0.0,4.360079765319824e-05,-6.67273998260498e-05;1.0,0.0,0.0,0.0
10.41;0.0,1.093745231628418e-05,-1.6748905181884766e-05;1.0,0.0,0.0,0.0
10.42;0.0,0.0,0.0;1.0,0.0,0.0,0.0
10.43;0.0,0.0,0.0;1.0,0.0,0.0,0.0
10.44;0.0,0.0,0.0;1.0,0.0,0.0,0.0
10.45;0.0,0.0,0.0;1.0,0.0,0.0,0.0
10.46;0.0,0.0,0.0;1.0,0.0,0.0,0.0
10.47;0.0,0.0,0.0;1.0,0.0,0.0,0.0
10.48;0.0,0.0,0.0;1.0,0.0,0.0,0.0
10.49;0.0,0.0,0.0;1.0,0.0,0.0,0.0
10.5;0.0,0.0,0.0;1.0,0.0,0.0,0.0
10.51;0.0,0.0,0.0;1.0,0.0,0.0,0.0
10.52;0.0,0.0,0.0;1.0,0.0,0.0,0.0
10.53;0.0,0.0,0.0;1.0,0.0,0.0,0.0
10.54;0.0,0.0,0.0;1.0,0.0,0.0,0.0
10.55;0.0,0.0,0.0;1.0,0.0,0.0,0.0
10.56;0.0,0.0,0.0;1.0,0.0,0.0,0.0
10.57;0.0,0.0,0.0;1.0,0.0,0.0,0.0
10.58;0.0,0.0,0.0;1.0,0.0,0.0,0.0
10.59;0.0,0.0,0.0;1.0,0.0,0.0,0.0
10.6;0.0,0.0,0.0;1.0,0.0,0.0,0.0
10.61;0.0,0.0,0.0;1.0,0.0,0.0,0.0
10.62;0.0,0.0,0.0;1.0,0.0,0.0,0.0
10.63;0.0,0.0,0.0;1.0,0.0,0.0,0.0
10.64;0.0,0.0,0.0;1.0,0.0,0.0,0.0
10.65;0.0,0.0,0.0;1.0,0.0,0.0,0.0
10.66;0.0,0.0,0.0;1.0,0.0,0.0,0.0
10.67;0.0,0.0,0.0;1.0,0.0,0.0,0.0
10.68;0.0,0.0,0.0;1.0,0.0,0.0,0.0
10.69;0.0,0.0,0.0;1.0,0.0,0.0,0.0
10.7;0.0,0.0,0.0;1.0,0.0,0.0,0.0
10.71;0.0,0.0,0.0;1.0,0.0,0.0,0.0
10.72;0.0,0.0,0.0;1.0,0.0,0.0,0.0
10.73;0.0,0.0,0.0;1.0,0.0,0.0,0.0
10.74;0.0,0.0,0.0;1.0,0.0,0.0,0.0
10.75;0.0,0.0,0.0;1.0,0.0,0.0,0.0
10.76;0.0,0.0,0.0;1.0,0.0,0.0,0.0
10.77;0.0,0.0,0.0;1.0,0.0,0.0,0.0
10.78;0.0,0.0,0.0;1.0,0.0,0.0,0.0
10.79;0.0,0.0,0.0;1.0,0.0,0.0,0.0
10.8;0.0,0.0,0.0;1.0,0.0,0.0,0.0
10.81;0.0,0.0,0.0;1.0,0.0,0.0,0.0
10.82;0.0,0.0,0.0;1.0,0.0,0.0,0.0
10.83;0.0,0.0,0.0;1.0,0.0,0.0,0.0
10.84;0.0,0.0,0.0;1.0,0.0,0.0,0.0
10.85;0.0,0.0,0.0;1.0,0.0,0.0,0.0
10.86;0.0,0.0,0.0;1.0,0.0,0.0,0.0
10.87;0.0,0.0,0.0;1.0,0.0,0.0,0.0
10.88;0.0,0.0,0.0;1.0,0.0,0.0,0.0
10.89;0.0,0.0,0.0;1.0,0.0,0.0,0.0
10.9;0.0,0.0,0.0;1.0,0.0,0.0,0.0
10.91;0.0,0.0,0.0;1.0,0.0,0.0,0.0
10.92;0.0,0.0,0.0;1.0,0.0,0.0,0.0
10.93;0.0,0.0,0.0;1.0,0.0,0.0,0.0
10.94;0.0,0.0,0.0;1.0,0.0,0.0,0.0
10.95;0.0,0.0,0.0;1.0,0.0,0.0,0.0
10.96;0.0,0.0,0.0;1.0,0.0,0.0,0.0
10.97;0.0,0.0,0.0;1.0,0.0,0.0,0.0
10.98;0.0,0.0,0.0;1.0,0.0,0.0,0.0
10.99;0.0,0.0,0.0;1.0,0.0,0.0,0.0
11.0;0.0,0.0,0.0;1.0,0.0,0.0,0.0
11.01;0.0,0.0,0.0;1.0,0.0,0.0,0.0
11.02;0.0,0.0,0.0;1.0,0.0,0.0,0.0
11.03;0.0,0.0,0.0;1.0,0.0,0.0,0.0
11.04;0.0,0.0,0.0;1.0,0.0,0.0,0.0
11.05;0.0,0.0,0.0;1.0,0.0,0.0,0.0
11.06;0.0,0.0,0.0;1.0,0.0,0.0,0.0
11.07;0.0,0.0,0.0;1.0,0.0,0.0,0.0
11.08;0.0,0.0,0.0;1.0,0.0,0.0,0.0
11.09;0.0,0.0,0.0;1.0,0.0,0.0,0.0
11.1;0.0,0.0,0.0;1.0,0.0,0.0,0.0
11.11;0.0,0.0,0.0;1.0,0.0,0.0,0.0
11.12;0.0,0.0,0.0;1.0,0.0,0.0,0.0
11.13;0.0,0.0,0.0;1.0,0.0,0.0,0.0
11.14;0.0,0.0,0.0;1.0,0.0,0.0,0.0
11.15;0.0,0.0,0.0;1.0,0.0,0.0,0.0
11.16;0.0,0.0,0.0;1.0,0.0,0.0,0.0
11.17;0.0,0.0,0.0;1.0,0.0,0.0,0.0
11.18;0.0,0.0,0.0;1.0,0.0,0.0,0.0
11.19;0.0,0.0,0.0;1.0,0.0,0.0,0.0
11.2;0.0,0.0,0.0;1.0,0.0,0.0,0.0
11.21;0.0,0.0,0.0;1.0,0.0,0.0,0.0
11.22;0.0,0.0,0.0;1.0,0.0,0.0,0.0
11.23;0.0,0.0,0.0;1.0,0.0,0.0,0.0
11.24;0.0,0.0,0.0;1.0,0.0,0.0,0.0
11.25;0.0,0.0,0.0;1.0,0.0,0.0,0.0
11.26;0.0,0.0,0.0;1.0,0.0,0.0,0.0
11.27;0.0,0.0,0.0;1.0,0.0,0.0,0.0
11.28;0.0,0.0,0.0;1.0,0.0,0.0,0.0
11.29;0.0,0.0,0.0;1.0,0.0,0.0,0.0
11.3;0.0,0.0,0.0;1.0,0.0,0.0,0.0
11.31;0.0,0.0,0.0;1.0,0.0,0.0,0.0
11.32;0.0,0.0,0.0;1.0,0.0,0.0,0.0
11.33;0.0,0.0,0.0;1.0,0.0,0.0,0.0
11.34;0.0,0.0,0.0;1.0,0.0,0.0,0.0
11.35;0.0,0.0,0.0;1.0,0.0,0.0,0.0
11.36;0.0,0.0,0.0;1.0,0.0,0.0,0.0
11.37;0.0,0.0,0.0;1.0,0.0,0.0,0.0
11.38;0.0,0.0,0.0;1.0,0.0,0.0,0.0
11.39;0.0,0.0,0.0;1.0,0.0,0.0,0.0
11.4;0.0,0.0,0.0;1.0,0.0,0.0,0.0
11.41;0.0,0.0,0.0;1.0,0.0,0.0,0.0
11.42;0.0,0.0,0.0;1.0,0.0,0.0,0.0
11.43;0.0,0.0,0.0;1.0,0.0,0.0,0.0
11.44;0.0,0.0,0.0;1.0,0.0,0.0,0.0
11.45;0.0,0.0,0.0;1.0,0.0,0.0,0.0
11.46;0.0,0.0,0.0;1.0,0.0,0.0,0.0
11.47;0.0,0.0,0.0;1.0,0.0,0.0,0.0
11.48;0.0,0.0,0.0;1.0,0.0,0.0,0.0
11.49;0.0,0.0,0.0;1.0,0.0,0.0,0.0
11.5;0.0,0.0,0.0;1.0,0.0,0.0,0.0
11.51;0.0,0.0,0.0;1.0,0.0,0.0,0.0
11.52;0.0,0.0,0.0;1.0,0.0,0.0,0.0
11.53;0.0,0.0,0.0;1.0,0.0,0.0,0.0
11.54;0.0,0.0,0.0;1.0,0.0,0.0,0.0
11.55;0.0,0.0,0.0;1.0,0.0,0.0,0.0
11.56;0.0,0.0,0.0;1.0,0.0,0.0,0.0
11.57;0.0,0.0,0.0;1.0,0.0,0.0,0.0
11.58;0.0,0.0,0.0;1.0,0.0,0.0,0.0
11.59;0.0,0.0,0.0;1.0,0.0,0.0,0.0
11.6;0.0,0.0,0.0;1.0,0.0,0.0,0.0
11.61;0.0,0.0,0.0;1.0,0.0,0.0,0.0
11.62;0.0,0.0,0.0;1.0,0.0,0.0,0.0
11.63;0.0,0.0,0.0;1.0,0.0,0.0,0.0
11.64;0.0,0.0,0.0;1.0,0.0,0.0,0.0
11.65;0.0,0.0,0.0;1.0,0.0,0.0,0.0
11.66;0.0,0.0,0.0;1.0,0.0,0.0,0.0
11.67;0.0,0.0,0.0;1.0,0.0,0.0,0.0
11.68;0.0,0.0,0.0;1.0,0.0,0.0,0.0
11.69;0.0,0.0,0.0;1.0,0.0,0.0,0.0
11.7;0.0,0.0,0.0;1.0,0.0,0.0,0.0
11.71;0.0,0.0,0.0;1.0,0.0,0.0,0.0
11.72;0.0,0.0,0.0;1.0,0.0,0.0,0.0
11.73;0.0,0.0,0.0;1.0,0.0,0.0,0.0
11.74;0.0,0.0,0.0;1.0,0.0,0.0,0.0
11.75;0.0,0.0,0.0;1.0,0.0,0.0,0.0
11.76;0.0,0.0,0.0;1.0,0.0,0.0,0.0
11.77;0.0,0.0,0.0;1.0,0.0,0.0,0.0
11.78;0.0,0.0,0.0;1.0,0.0,0.0,0.0
11.79;0.0,0.0,0.0;1.0,0.0,0.0,0.0
11.8;0.0,0.0,0.0;1.0,0.0,0.0,0.0
11.81;0.0,0.0,0.0;1.0,0.0,0.0,0.0
11.82;0.0,0.0,0.0;1.0,0.0,0.0,0.0
11.83;0.0,0.0,0.0;1.0,0.0,0.0,0.0
11.84;0.0,0.0,0.0;1.0,0.0,0.0,0.0
11.85;0.0,0.0,0.0;1.0,0.0,0.0,0.0
11.86;0.0,0.0,0.0;1.0,0.0,0.0,0.0
11.87;0.0,0.0,0.0;1.0,0.0,0.0,0.0
11.88;0.0,0.0,0.0;1.0,0.0,0.0,0.0
11.89;0.0,0.0,0.0;1.0,0.0,0.0,0.0
11.9;0.0,0.0,0.0;1.0,0.0,0.0,0.0
11.91;0.0,0.0,0.0;1.0,0.0,0.0,0.0
11.92;0.0,0.0,0.0;1.0,0.0,0.0,0.0
11.93;0.0,0.0,0.0;1.0,0.0,0.0,0.0
11.94;0.0,0.0,0.0;1.0,0.0,0.0,0.0
11.95;0.0,0.0,0.0;1.0,0.0,0.0,0.0
11.96;0.0,0.0,0.0;1.0,0.0,0.0,0.0
11.97;0.0,0.0,0.0;1.0,0.0,0.0,0.0
11.98;0.0,0.0,0.0;1.0,0.0,0.0,0.0
11.99;0.0,0.0,0.0;1.0,0.0,0.0,0.0
