0.0;0.0,0.0,0.0;1.0,0.0,0.0,0.0
0.01;0.0,0.0,-4.291534423828125e-06;1.0,0.0,0.0,0.0
0.02;0.0,0.0,-1.1414289474487305e-05;1.0,0.0,0.0,0.0
0.03;0.0,0.0,-2.136826515197754e-05;1.0,0.0,0.0,0.0
0.04;0.0,0.0,-3.4183263778686523e-05;1.0,0.0,0.0,0.0
0.05;0.0,0.0,-4.982948303222656e-05;1.0,0.0,0.0,0.0
0.06;0.0,0.0,-6.827712059020996e-05;1.0,0.0,0.0,0.0
0.07;0.0,0.0,-8.958578109741211e-05;1.0,0.0,0.0,0.0
0.08;0.0,0.0,-0.00011366605758666992;1.0,0.0,0.0,0.0
0.09;0.0,0.0,-0.0001405775547027588;1.0,0.0,0.0,0.0
0.1;0.0,0.0,-0.00017026066780090332;1.0,0.0,0.0,0.0
0.11;0.0,0.0,-0.0002027750015258789;1.0,0.0,0.0,0.0
0.12;0.0,0.0,-0.00023806095123291016;1.0,0.0,0.0,0.0
0.13;0.0,0.0,-0.00027611851692199707;1.0,0.0,0.0,0.0
0.14;0.0,0.0,-0.00031697750091552734;1.0,0.0,0.0,0.0
0.15;0.0,0.0,-0.0003606081008911133;1.0,0.0,0.0,0.0
0.16;0.0,0.0,-0.0004070103168487549;1.0,0.0,0.0,0.0
0.17;0.0,0.0,-0.00045618414878845215;1.0,0.0,0.0,0.0
0.18;0.0,0.0,-0.0005080699920654297;1.0,0.0,0.0,0.0
0.19;0.0,0.0,-0.0005627274513244629;1.0,0.0,0.0,0.0
0.2;0.0,0.0,-0.0006201565265655518;1.0,0.0,0.0,0.0
0.21;0.0,0.0,-0.0006802976131439209;1.0,0.0,0.0,0.0
0.22;0.0,0.0,-0.000743180513381958;1.0,0.0,0.0,0.0
0.23;0.0,0.0,-0.0008087754249572754;1.0,0.0,0.0,0.0
0.24;0.0,0.0,-0.000877082347869873;1.0,0.0,0.0,0.0
0.25;0.0,0.0,-0.0009481608867645264;1.0,0.0,0.0,0.0
0.26;0.0,0.0,-0.0010219216346740723;1.0,0.0,0.0,0.0
0.27;0.0,0.0,-0.0010983645915985107;1.0,0.0,0.0,0.0
0.28;0.0,0.0,-0.0011775195598602295;1.0,0.0,0.0,0.0
0.29;0.0,0.0,-0.0012593865394592285;1.0,0.0,0.0,0.0
0.3;0.0,0.0,-0.0013439059257507324;1.0,0.0,0.0,0.0
0.31;0.0,0.0,-0.001431107521057129;1.0,0.0,0.0,0.0
0.32;0.0,0.0,-0.0015210211277008057;1.0,0.0,0.0,0.0
0.33;0.0,0.0,-0.0016135871410369873;1.0,0.0,0.0,0.0
0.34;0.0,0.0,-0.0017088055610656738;1.0,0.0,0.0,0.0
0.35;0.0,0.0,-0.001806706190109253;1.0,0.0,0.0,0.0
0.36;0.0,0.0,-0.0019072294235229492;1.0,0.0,0.0,0.0
0.37;0.0,0.0,-0.002010434865951538;1.0,0.0,0.0,0.0
0.38;0.0,0.0,-0.002116262912750244;1.0,0.0,0.0,0.0
0.39;0.0,0.0,-0.0022247135639190674;1.0,0.0,0.0,0.0
0.4;0.0,0.0,-0.002335846424102783;1.0,0.0,0.0,0.0
0.41;0.0,0.0,-0.0024495720863342285;1.0,0.0,0.0,0.0
0.42;0.0,0.0,-0.002565920352935791;1.0,0.0,0.0,0.0
0.43;0.0,0.0,-0.002684861421585083;1.0,0.0,0.0,0.0
0.44;0.0,0.0,-0.002806425094604492;1.0,0.0,0.0,0.0
0.45;0.0,0.0,-0.002930581569671631;1.0,0.0,0.0,0.0
0.46;0.0,0.0,-0.003057330846786499;1.0,0.0,0.0,0.0
0.47;0.0,0.0,-0.0031867027282714844;1.0,0.0,0.0,0.0
0.48;0.0,0.0,-0.0033186376094818115;1.0,0.0,0.0,0.0
0.49;0.0,0.0,-0.0034531354904174805;1.0,0.0,0.0,0.0
0.5;0.0,0.0,-0.003590226173400879;1.0,0.0,0.0,0.0
0.51;0.0,0.0,-0.003729879856109619;1.0,0.0,0.0,0.0
0.52;0.0,0.0,-0.0038720667362213135;1.0,0.0,0.0,0.0
0.53;0.0,0.0,-0.004016876220703125;1.0,0.0,0.0,0.0
0.54;0.0,0.0,-0.004164189100265503;1.0,0.0,0.0,0.0
0.55;0.0,0.0,-0.004314035177230835;1.0,0.0,0.0,0.0
0.56;0.0,0.0,-0.004466444253921509;1.0,0.0,0.0,0.0
0.57;0.0,0.0,-0.004621386528015137;1.0,0.0,0.0,0.0
0.58;0.0,0.0,-0.004778861999511719;1.0,0.0,0.0,0.0
0.59;0.0,0.0,-0.004938840866088867;1.0,0.0,0.0,0.0
0.6;0.0,0.0,-0.00510135293006897;1.0,0.0,0.0,0.0
0.61;0.0,0.0,-0.005266338586807251;1.0,0.0,0.0,0.0
0.62;0.0,0.0,-0.005433857440948486;1.0,0.0,0.0,0.0
0.63;0.0,0.0,-0.005603879690170288;1.0,0.0,0.0,0.0
0.64;0.0,0.0,-0.0057763755321502686;1.0,0.0,0.0,0.0
0.65;0.0,0.0,-0.005951404571533203;1.0,0.0,0.0,0.0
0.66;0.0,0.0,-0.006128877401351929;1.0,0.0,0.0,0.0
0.67;0.0,0.0,-0.006308794021606445;1.0,0.0,0.0,0.0
0.68;0.0,0.0,-0.006491243839263916;1.0,0.0,0.0,0.0
0.69;0.0,0.0,-0.006676137447357178;1.0,0.0,0.0,0.0
0.7;0.0,0.0,-0.0068634748458862305;1.0,0.0,0.0,0.0
0.71;0.0,0.0,-0.007053285837173462;1.0,0.0,0.0,0.0
0.72;0.0,0.0,-0.007245510816574097;1.0,0.0,0.0,0.0
0.73;0.0,0.0,-0.00744020938873291;1.0,0.0,0.0,0.0
0.74;0.0,0.0,-0.007637351751327515;1.0,0.0,0.0,0.0
0.75;0.0,0.0,-0.007836878299713135;1.0,0.0,0.0,0.0
0.76;0.0,0.0,-0.008038878440856934;1.0,0.0,0.0,0.0
0.77;0.0,0.0,-0.008243262767791748;1.0,0.0,0.0,0.0
0.78;0.0,0.0,-0.008450061082839966;1.0,0.0,0.0,0.0
0.79;0.0,0.0,-0.008659303188323975;1.0,0.0,0.0,0.0
0.8;0.0,0.0,-0.008870899677276611;1.0,0.0,0.0,0.0
0.81;0.0,0.0,-0.009084910154342651;1.0,0.0,0.0,0.0
0.82;0.0,0.0,-0.009301334619522095;1.0,0.0,0.0,0.0
0.83;0.0,0.0,-0.009520113468170166;1.0,0.0,0.0,0.0
0.84;0.0,0.0,-0.009741276502609253;1.0,0.0,0.0,0.0
0.85;0.0,0.0,-0.009964823722839355;1.0,0.0,0.0,0.0
0.86;0.0,0.0,-0.010190725326538086;1.0,0.0,0.0,0.0
0.87;0.0,0.0,-0.010419011116027832;1.0,0.0,0.0,0.0
0.88;0.0,0.0,-0.010649621486663818;1.0,0.0,0.0,0.0
0.89;0.0,0.0,-0.01088261604309082;1.0,0.0,0.0,0.0
0.9;0.0,0.0,-0.011117905378341675;1.0,0.0,0.0,0.0
0.91;0.0,0.0,-0.011355578899383545;1.0,0.0,0.0,0.0
0.92;0.0,0.0,-0.011595577001571655;1.0,0.0,0.0,0.0
0.93;0.0,0.0,-0.011837899684906006;1.0,0.0,0.0,0.0
0.94;0.0,0.0,-0.012082517147064209;1.0,0.0,0.0,0.0
0.95;0.0,0.0,-0.01232948899269104;1.0,0.0,0.0,0.0
0.96;0.0,0.0,-0.012578755617141724;1.0,0.0,0.0,0.0
0.97;0.0,0.0,-0.01283031702041626;1.0,0.0,0.0,0.0
0.98;0.0,0.0,-0.013084203004837036;1.0,0.0,0.0,0.0
0.99;0.0,0.0,-0.013340353965759277;1.0,0.0,0.0,0.0
1.0;0.0,0.0,-0.013598799705505371;1.0,0.0,0.0,0.0
1.01;0.0,0.0,-0.013859540224075317;1.0,0.0,0.0,0.0
1.02;0.0,0.0,-0.014122545719146729;1.0,0.0,0.0,0.0
1.03;0.0,0.0,-0.014387786388397217;1.0,0.0,0.0,0.0
1.04;0.0,0.0,-0.014655351638793945;1.0,0.0,0.0,0.0
1.05;0.0,0.0,-0.014925152063369751;1.0,0.0,0.0,0.0
1.06;0.0,0.0,-0.015197187662124634;1.0,0.0,0.0,0.0
1.07;0.0,0.0,-0.015471488237380981;1.0,0.0,0.0,0.0
1.08;0.0,0.0,-0.015748023986816406;1.0,0.0,0.0,0.0
1.09;0.0,0.0,-0.016026824712753296;1.0,0.0,0.0,0.0
1.1;0.0,0.0,-0.016307801008224487;1.0,0.0,0.0,0.0
1.11;0.0,0.0,-0.016591042280197144;1.0,0.0,0.0,0.0
1.12;0.0,0.0,-0.01687648892402649;1.0,0.0,0.0,0.0
1.13;0.0,0.0,-0.017164170742034912;1.0,0.0,0.0,0.0
1.14;0.0,0.0,-0.017454028129577637;1.0,0.0,0.0,0.0
1.15;0.0,0.0,-0.01774609088897705;1.0,0.0,0.0,0.0
1.16;0.0,0.0,-0.018040329217910767;1.0,0.0,0.0,0.0
1.17;0.0,0.0,-0.01833680272102356;1.0,0.0,0.0,0.0
1.18;0.0,0.0,-0.018635451793670654;1.0,0.0,0.0,0.0
1.19;0.0,0.0,-0.01893627643585205;1.0,0.0,0.0,0.0
1.2;0.0,0.0,-0.01923924684524536;1.0,0.0,0.0,0.0
1.21;0.0,0.0,-0.01954442262649536;1.0,0.0,0.0,0.0
1.22;0.0,0.0,-0.019851714372634888;1.0,0.0,0.0,0.0
1.23;0.0,0.0,-0.020161211490631104;1.0,0.0,0.0,0.0
1.24;0.0,0.0,-0.020472824573516846;1.0,0.0,0.0,0.0
1.25;0.0,0.0,-0.02078661322593689;1.0,0.0,0.0,0.0
1.26;0.0,0.0,-0.02110251784324646;1.0,0.0,0.0,0.0
1.27;0.0,0.0,-0.021420568227767944;1.0,0.0,0.0,0.0
1.28;0.0,0.0,-0.021740734577178955;1.0,0.0,0.0,0.0
1.29;0.0,0.0,-0.022063016891479492;1.0,0.0,0.0,0.0
1.3;0.0,0.0,-0.022387415170669556;1.0,0.0,0.0,0.0
1.31;0.0,0.0,-0.022713929414749146;1.0,0.0,0.0,0.0
1.32;0.0,0.0,-0.02304255962371826;1.0,0.0,0.0,0.0
1.33;0.0,0.0,-0.02337324619293213;1.0,0.0,0.0,0.0
1.34;0.0,0.0,-0.02370607852935791;1.0,0.0,0.0,0.0
1.35;0.0,0.0,-0.02404099702835083;1.0,0.0,0.0,0.0
1.36;0.0,0.0,-0.024377942085266113;1.0,0.0,0.0,0.0
1.37;0.0,0.0,-0.024717003107070923;1.0,0.0,0.0,0.0
1.38;0.0,0.0,-0.025058120489120483;1.0,0.0,0.0,0.0
1.39;0.0,0.0,-0.025401324033737183;1.0,0.0,0.0,0.0
1.4;0.0,0.0,-0.025746554136276245;1.0,0.0,0.0,0.0
1.41;0.0,0.0,-0.026093870401382446;1.0,0.0,0.0,0.0
1.42;0.0,0.0,-0.02644321322441101;1.0,0.0,0.0,0.0
1.43;0.0,0.0,-0.026794612407684326;1.0,0.0,0.0,0.0
1.44;0.0,0.0,-0.027148038148880005;1.0,0.0,0.0,0.0
1.45;0.0,0.0,-0.027503490447998047;1.0,0.0,0.0,0.0
1.46;0.0,0.0,-0.027860939502716064;1.0,0.0,0.0,0.0
1.47;0.0,0.0,-0.028220444917678833;1.0,0.0,0.0,0.0
1.48;0.0,0.0,-0.028581947088241577;1.0,0.0,0.0,0.0
1.49;0.0,0.0,-0.028945446014404297;1.0,0.0,0.0,0.0
1.5;0.0,0.0,-0.02931097149848938;1.0,0.0,0.0,0.0
1.51;0.0,0.0,-0.02967849373817444;1.0,0.0,0.0,0.0
1.52;0.0,0.0,-0.030047982931137085;1.0,0.0,0.0,0.0
1.53;0.0,0.0,-0.030419468879699707;1.0,0.0,0.0,0.0
1.54;0.0,0.0,-0.030792951583862305;1.0,0.0,0.0,0.0
1.55;0.0,0.0,-0.03116840124130249;1.0,0.0,0.0,0.0
1.56;0.0,0.0,-0.031545788049697876;1.0,0.0,0.0,0.0
1.57;0.0,0.0,-0.03192514181137085;1.0,0.0,0.0,0.0
1.58;0.0,0.0,-0.03230646252632141;1.0,0.0,0.0,0.0
1.59;0.0,0.0,-0.03268975019454956;1.0,0.0,0.0,0.0
1.6;0.0,0.0,-0.03307497501373291;1.0,0.0,0.0,0.0
1.61;0.0,0.0,-0.03346210718154907;1.0,0.0,0.0,0.0
1.62;0.0,0.0,-0.033851176500320435;1.0,0.0,0.0,0.0
1.63;0.0,0.0,-0.034242212772369385;1.0,0.0,0.0,0.0
1.64;0.0,0.0,-0.03463512659072876;1.0,0.0,0.0,0.0
1.65;0.0,0.0,-0.035029977560043335;1.0,0.0,0.0,0.0
1.66;0.0,0.0,-0.03542676568031311;1.0,0.0,0.0,0.0
1.67;0.0,0.0,-0.03582543134689331;1.0,0.0,0.0,0.0
1.68;0.0,0.0,-0.036225974559783936;1.0,0.0,0.0,0.0
1.69;0.0,0.0,-0.03662842512130737;1.0,0.0,0.0,0.0
1.7;0.0,0.0,-0.037032753229141235;1.0,0.0,0.0,0.0
1.71;0.0,0.0,-0.03743895888328552;1.0,0.0,0.0,0.0
1.72;0.0,0.0,-0.03784707188606262;1.0,0.0,0.0,0.0
1.73;0.0,0.0,-0.03825703263282776;1.0,0.0,0.0,0.0
1.74;0.0,0.0,-0.03866887092590332;1.0,0.0,0.0,0.0
1.75;0.0,0.0,-0.03908255696296692;1.0,0.0,0.0,0.0
1.76;0.0,0.0,-0.03949812054634094;1.0,0.0,0.0,0.0
1.77;0.0,0.0,-0.039915502071380615;1.0,0.0,0.0,0.0
1.78;0.0,0.0,-0.040334731340408325;1.0,0.0,0.0,0.0
1.79;0.0,0.0,-0.04075580835342407;1.0,0.0,0.0,0.0
1.8;0.0,0.0,-0.04117870330810547;1.0,0.0,0.0,0.0
1.81;0.0,0.0,-0.041603416204452515;1.0,0.0,0.0,0.0
1.82;0.0,0.0,-0.04202994704246521;1.0,0.0,0.0,0.0
1.83;0.0,0.0,-0.042458295822143555;1.0,0.0,0.0,0.0
1.84;0.0,0.0,-0.04288846254348755;1.0,0.0,0.0,0.0
1.85;0.0,0.0,-0.043320417404174805;1.0,0.0,0.0,0.0
1.86;0.0,0.0,-0.04375416040420532;1.0,0.0,0.0,0.0
1.87;0.0,0.0,-0.0441896915435791;1.0,0.0,0.0,0.0
1.88;0.0,0.0,-0.04462704062461853;1.0,0.0,0.0,0.0
1.89;0.0,0.0,-0.04506614804267883;1.0,0.0,0.0,0.0
1.9;0.0,0.0,-0.04550701379776001;1.0,0.0,0.0,0.0
1.91;0.0,0.0,-0.04594966769218445;1.0,0.0,0.0,0.0
1.92;0.0,0.0,-0.04639407992362976;1.0,0.0,0.0,0.0
1.93;0.0,0.0,-0.04684025049209595;1.0,0.0,0.0,0.0
1.94;0.0,0.0,-0.04728814959526062;1.0,0.0,0.0,0.0
1.95;0.0,0.0,-0.04773780703544617;1.0,0.0,0.0,0.0
1.96;0.0,0.0,-0.0481891930103302;1.0,0.0,0.0,0.0
1.97;0.0,0.0,-0.04864230751991272;1.0,0.0,0.0,0.0
1.98;0.0,0.0,-0.049097150564193726;1.0,0.0,0.0,0.0
1.99;0.0,0.0,-0.049553751945495605;1.0,0.0,0.0,0.0
2.0;0.0,0.0,-0.050012052059173584;1.0,0.0,0.0,0.0
2.01;0.0,0.0,-0.05047205090522766;1.0,0.0,0.0,0.0
2.02;0.0,0.0,-0.05093374848365784;1.0,0.0,0.0,0.0
2.03;0.0,0.0,-0.05139714479446411;1.0,0.0,0.0,0.0
2.04;0.0,0.0,-0.0518622100353241;1.0,0.0,0.0,0.0
2.05;0.0,0.0,-0.05232900381088257;1.0,0.0,0.0,0.0
2.06;0.0,0.0,-0.05279749631881714;1.0,0.0,0.0,0.0
2.07;0.0,0.0,-0.053267598152160645;1.0,0.0,0.0,0.0
2.08;0.0,0.0,-0.05373942852020264;1.0,0.0,0.0,0.0
2.09;0.0,0.0,-0.054212868213653564;1.0,0.0,0.0,0.0
2.1;0.0,0.0,-0.05468803644180298;1.0,0.0,0.0,0.0
2.11;0.0,0.0,-0.05516478419303894;1.0,0.0,0.0,0.0
2.12;0.0,0.0,-0.055643230676651;1.0,0.0,0.0,0.0
2.13;0.0,0.0,-0.056123286485672;1.0,0.0,0.0,0.0
2.14;0.0,0.0,-0.056604981422424316;1.0,0.0,0.0,0.0
2.15;0.0,0.0,-0.05708834528923035;1.0,0.0,0.0,0.0
2.16;0.0,0.0,-0.057573288679122925;1.0,0.0,0.0,0.0
2.17;0.0,0.0,-0.058059871196746826;1.0,0.0,0.0,0.0
2.18;0.0,0.0,-0.058548033237457275;1.0,0.0,0.0,0.0
2.19;0.0,0.0,-0.059037864208221436;1.0,0.0,0.0,0.0
2.2;0.0,0.0,-0.059529244899749756;1.0,0.0,0.0,0.0
2.21;0.0,0.0,-0.06002223491668701;1.0,0.0,0.0,0.0
2.22;0.0,0.0,-0.0605168342590332;1.0,0.0,0.0,0.0
2.23;0.0,0.0,-0.061012983322143555;1.0,0.0,0.0,0.0
2.24;0.0,0.0,-0.06151074171066284;1.0,0.0,0.0,0.0
2.25;0.0,0.0,-0.06201004981994629;1.0,0.0,0.0,0.0
2.26;0.0,0.0,-0.0625109076499939;1.0,0.0,0.0,0.0
2.27;0.0,0.0,-0.06301337480545044;1.0,0.0,0.0,0.0
2.28;0.0,0.0,-0.06351733207702637;1.0,0.0,0.0,0.0
2.29;0.0,0.0,-0.06402289867401123;1.0,0.0,0.0,0.0
2.3;0.0,0.0,-0.06452998518943787;1.0,0.0,0.0,0.0
2.31;0.0,0.0,-0.06503862142562866;1.0,0.0,0.0,0.0
2.32;0.0,0.0,-0.06554877758026123;1.0,0.0,0.0,0.0
2.33;0.0,0.0,-0.06606048345565796;1.0,0.0,0.0,0.0
2.34;0.0,0.0,-0.06657367944717407;1.0,0.0,0.0,0.0
2.35;0.0,0.0,-0.06708839535713196;1.0,0.0,0.0,0.0
2.36;0.0,0.0,-0.067604660987854;1.0,0.0,0.0,0.0
2.37;0.0,0.0,-0.06812235713005066;1.0,0.0,0.0,0.0
2.38;0.0,0.0,-0.06864163279533386;1.0,0.0,0.0,0.0
2.39;0.0,0.0,-0.06916233897209167;1.0,0.0,0.0,0.0
2.4;0.0,0.0,-0.06968456506729126;1.0,0.0,0.0,0.0
2.41;0.0,0.0,-0.07020825147628784;1.0,0.0,0.0,0.0
2.42;0.0,0.0,-0.07073342800140381;1.0,0.0,0.0,0.0
2.43;0.0,0.0,-0.07126006484031677;1.0,0.0,0.0,0.0
2.44;0.0,0.0,-0.07178819179534912;1.0,0.0,0.0,0.0
2.45;0.0,0.0,-0.07231774926185608;1.0,0.0,0.0,0.0
2.46;0.0,0.0,-0.07284876704216003;1.0,0.0,0.0,0.0
2.47;0.0,0.0,-0.0733812153339386;1.0,0.0,0.0,0.0
2.48;0.0,0.0,-0.07391509413719177;1.0,0.0,0.0,0.0
2.49;0.0,0.0,-0.07445046305656433;1.0,0.0,0.0,0.0
2.5;0.0,0.0,-0.07498723268508911;1.0,0.0,0.0,0.0
2.51;0.0,0.0,-0.07552540302276611;1.0,0.0,0.0,0.0
2.52;0.0,0.0,-0.07606503367424011;1.0,0.0,0.0,0.0
2.53;0.0,0.0,-0.07660603523254395;1.0,0.0,0.0,0.0
2.54;0.0,0.0,-0.07714846730232239;1.0,0.0,0.0,0.0
2.55;0.0,0.0,-0.07769232988357544;1.0,0.0,0.0,0.0
2.56;0.0,0.0,-0.07823753356933594;1.0,0.0,0.0,0.0
2.57;0.0,0.0,-0.07878413796424866;1.0,0.0,0.0,0.0
2.58;0.0,0.0,-0.0793321430683136;1.0,0.0,0.0,0.0
2.59;0.0,0.0,-0.07988151907920837;1.0,0.0,0.0,0.0
2.6;0.0,0.0,-0.08043226599693298;1.0,0.0,0.0,0.0
2.61;0.0,0.0,-0.08098438382148743;1.0,0.0,0.0,0.0
2.62;0.0,0.0,-0.0815378725528717;1.0,0.0,0.0,0.0
2.63;0.0,0.0,-0.08209267258644104;1.0,0.0,0.0,0.0
2.64;0.0,0.0,-0.0826488733291626;1.0,0.0,0.0,0.0
2.65;0.0,0.0,-0.08320638537406921;1.0,0.0,0.0,0.0
2.66;0.0,0.0,-0.08376523852348328;1.0,0.0,0.0,0.0
2.67;0.0,0.0,-0.08432546257972717;1.0,0.0,0.0,0.0
2.68;0.0,0.0,-0.08488696813583374;1.0,0.0,0.0,0.0
2.69;0.0,0.0,-0.08544981479644775;1.0,0.0,0.0,0.0
2.7;0.0,0.0,-0.08601397275924683;1.0,0.0,0.0,0.0
2.71;0.0,0.0,-0.08657941222190857;1.0,0.0,0.0,0.0
2.72;0.0,0.0,-0.08714619278907776;1.0,0.0,0.0,0.0
2.73;0.0,0.0,-0.087714284658432;1.0,0.0,0.0,0.0
2.74;0.0,0.0,-0.08828362822532654;1.0,0.0,0.0,0.0
2.75;0.0,0.0,-0.08885425329208374;1.0,0.0,0.0,0.0
2.76;0.0,0.0,-0.089426189661026;1.0,0.0,0.0,0.0
2.77;0.0,0.0,-0.08999940752983093;1.0,0.0,0.0,0.0
2.78;0.0,0.0,-0.09057384729385376;1.0,0.0,0.0,0.0
2.79;0.0,0.0,-0.09114959836006165;1.0,0.0,0.0,0.0
2.8;0.0,0.0,-0.09172660112380981;1.0,0.0,0.0,0.0
2.81;0.0,0.0,-0.09230485558509827;1.0,0.0,0.0,0.0
2.82;0.0,0.0,-0.09288433194160461;1.0,0.0,0.0,0.0
2.83;0.0,0.0,-0.09346508979797363;1.0,0.0,0.0,0.0
2.84;0.0,0.0,-0.09404703974723816;1.0,0.0,0.0,0.0
2.85;0.0,0.0,-0.09463024139404297;1.0,0.0,0.0,0.0
2.86;0.0,0.0,-0.09521466493606567;1.0,0.0,0.0,0.0
2.87;0.0,0.0,-0.09580031037330627;1.0,0.0,0.0,0.0
2.88;0.0,0.0,-0.09638714790344238;1.0,0.0,0.0,0.0
2.89;0.0,0.0,-0.09697523713111877;1.0,0.0,0.0,0.0
2.9;0.0,0.0,-0.0975644588470459;1.0,0.0,0.0,0.0
2.91;0.0,0.0,-0.0981549322605133;1.0,0.0,0.0,0.0
2.92;0.0,0.0,-0.09874653816223145;1.0,0.0,0.0,0.0
2.93;0.0,0.0,-0.09933939576148987;1.0,0.0,0.0,0.0
2.94;0.0,0.0,-0.09993338584899902;1.0,0.0,0.0,0.0
2.95;0.0,0.0,-0.10052856802940369;1.0,0.0,0.0,0.0
2.96;0.0,0.0,-0.10112488269805908;1.0,0.0,0.0,0.0
2.97;0.0,0.0,-0.10172241926193237;1.0,0.0,0.0,0.0
2.98;0.0,0.0,-0.10232105851173401;1.0,0.0,0.0,0.0
2.99;0.0,0.0,-0.10292086005210876;1.0,0.0,0.0,0.0
3.0;0.0,0.0,-0.10352179408073425;1.0,0.0,0.0,0.0
3.01;0.0,0.0,-0.10412389039993286;1.0,0.0,0.0,0.0
3.02;0.0,0.0,-0.1047271192073822;1.0,0.0,0.0,0.0
3.03;0.0,0.0,-0.10533148050308228;1.0,0.0,0.0,0.0
3.04;0.0,0.0,-0.1059369444847107;1.0,0.0,0.0,0.0
3.05;0.0,0.0,-0.10654354095458984;1.0,0.0,0.0,0.0
3.06;0.0,0.0,-0.10715121030807495;1.0,0.0,0.0,0.0
3.07;0.0,0.0,-0.10776004195213318;1.0,0.0,0.0,0.0
3.08;0.0,0.0,-0.10836991667747498;1.0,0.0,0.0,0.0
3.09;0.0,0.0,-0.10898089408874512;1.0,0.0,0.0,0.0
3.1;0.0,0.0,-0.10959294438362122;1.0,0.0,0.0,0.0
3.11;0.0,0.0,-0.11020612716674805;1.0,0.0,0.0,0.0
3.12;0.0,0.0,-0.11082035303115845;1.0,0.0,0.0,0.0
3.13;0.0,0.0,-0.1114356517791748;1.0,0.0,0.0,0.0
3.14;0.0,0.0,-0.11205202341079712;1.0,0.0,0.0,0.0
3.15;0.0,0.0,-0.112669438123703;1.0,0.0,0.0,0.0
3.16;0.0,0.0,-0.11328789591789246;1.0,0.0,0.0,0.0
3.17;0.0,0.0,-0.11390742659568787;1.0,0.0,0.0,0.0
3.18;0.0,0.0,-0.11452797055244446;1.0,0.0,0.0,0.0
3.19;0.0,0.0,-0.11514955759048462;1.0,0.0,0.0,0.0
3.2;0.0,0.0,-0.11577218770980835;1.0,0.0,0.0,0.0
3.21;0.0,0.0,-0.11639583110809326;1.0,0.0,0.0,0.0
3.22;0.0,0.0,-0.11702048778533936;1.0,0.0,0.0,0.0
3.23;0.0,0.0,-0.11764615774154663;1.0,0.0,0.0,0.0
3.24;0.0,0.0,-0.11827284097671509;1.0,0.0,0.0,0.0
3.25;0.0,0.0,-0.11890053749084473;1.0,0.0,0.0,0.0
3.26;0.0,0.0,-0.11952921748161316;1.0,0.0,0.0,0.0
3.27;0.0,0.0,-0.12015888094902039;1.0,0.0,0.0,0.0
3.28;0.0,0.0,-0.1207895278930664;1.0,0.0,0.0,0.0
3.29;0.0,0.0,-0.12142115831375122;1.0,0.0,0.0,0.0
3.3;0.0,0.0,-0.12205374240875244;1.0,0.0,0.0,0.0
3.31;0.0,0.0,-0.12268730998039246;1.0,0.0,0.0,0.0
3.32;0.0,0.0,-0.12332183122634888;1.0,0.0,0.0,0.0
3.33;0.0,0.0,-0.12395733594894409;1.0,0.0,0.0,0.0
3.34;0.0,0.0,-0.12459376454353333;1.0,0.0,0.0,0.0
3.35;0.0,0.0,-0.12523114681243896;1.0,0.0,0.0,0.0
3.36;0.0,0.0,-0.12586945295333862;1.0,0.0,0.0,0.0
3.37;0.0,0.0,-0.1265086829662323;1.0,0.0,0.0,0.0
3.38;0.0,0.0,-0.12714886665344238;1.0,0.0,0.0,0.0
3.39;0.0,0.0,-0.1277899444103241;1.0,0.0,0.0,0.0
3.4;0.0,0.0,-0.12843194603919983;1.0,0.0,0.0,0.0
3.41;0.0,0.0,-0.12907487154006958;1.0,0.0,0.0,0.0
3.42;0.0,0.0,-0.12971869111061096;1.0,0.0,0.0,0.0
3.43;0.0,0.0,-0.13036340475082397;1.0,0.0,0.0,0.0
3.44;0.0,0.0,-0.13100901246070862;1.0,0.0,0.0,0.0
3.45;0.0,0.0,-0.1316555142402649;1.0,0.0,0.0,0.0
3.46;0.0,0.0,-0.1323028802871704;1.0,0.0,0.0,0.0
3.47;0.0,0.0,-0.13295114040374756;1.0,0.0,0.0,0.0
3.48;0.0,0.0,-0.13360023498535156;1.0,0.0,0.0,0.0
3.49;0.0,0.0,-0.1342502236366272;1.0,0.0,0.0,0.0
3.5;0.0,0.0,-0.1349010467529297;1.0,0.0,0.0,0.0
3.51;0.0,0.0,-0.1355527639389038;1.0,0.0,0.0,0.0
3.52;0.0,0.0,-0.1362052857875824;1.0,0.0,0.0,0.0
3.53;0.0,0.0,-0.13685867190361023;1.0,0.0,0.0,0.0
3.54;0.0,0.0,-0.13751286268234253;1.0,0.0,0.0,0.0
3.55;0.0,0.0,-0.13816791772842407;1.0,0.0,0.0,0.0
3.56;0.0,0.0,-0.13882380723953247;1.0,0.0,0.0,0.0
3.57;0.0,0.0,-0.13948047161102295;1.0,0.0,0.0,0.0
3.58;0.0,0.0,-0.14013798534870148;1.0,0.0,0.0,0.0
3.59;0.0,0.0,-0.14079627394676208;1.0,0.0,0.0,0.0
3.6;0.0,0.0,-0.14145539700984955;1.0,0.0,0.0,0.0
3.61;0.0,0.0,-0.1421152800321579;1.0,0.0,0.0,0.0
3.62;0.0,0.0,-0.14277595281600952;1.0,0.0,0.0,0.0
3.63;0.0,0.0,-0.1434374451637268;1.0,0.0,0.0,0.0
3.64;0.0,0.0,-0.1440996676683426;1.0,0.0,0.0,0.0
3.65;0.0,0.0,-0.14476269483566284;1.0,0.0,0.0,0.0
3.66;0.0,0.0,-0.14542646706104279;1.0,0.0,0.0,0.0
3.67;0.0,0.0,-0.1460910439491272;1.0,0.0,0.0,0.0
3.68;0.0,0.0,-0.14675632119178772;1.0,0.0,0.0,0.0
3.69;0.0,0.0,-0.14742237329483032;1.0,0.0,0.0,0.0
3.7;0.0,0.0,-0.14808917045593262;1.0,0.0,0.0,0.0
3.71;0.0,0.0,-0.14875668287277222;1.0,0.0,0.0,0.0
3.72;0.0,0.0,-0.1494249701499939;1.0,0.0,0.0,0.0
3.73;0.0,0.0,-0.1500939428806305;1.0,0.0,0.0,0.0
3.74;0.0,0.0,-0.15076366066932678;1.0,0.0,0.0,0.0
3.75;0.0,0.0,-0.15143407881259918;1.0,0.0,0.0,0.0
3.76;0.0,0.0,-0.1521052122116089;1.0,0.0,0.0,0.0
3.77;0.0,0.0,-0.1527770459651947;1.0,0.0,0.0,0.0
3.78;0.0,0.0,-0.15344958007335663;1.0,0.0,0.0,0.0
3.79;0.0,0.0,-0.15412281453609467;1.0,0.0,0.0,0.0
3.8;0.0,0.0,-0.15479671955108643;1.0,0.0,0.0,0.0
3.81;0.0,0.0,-0.1554713100194931;1.0,0.0,0.0,0.0
3.82;0.0,0.0,-0.1561465710401535;1.0,0.0,0.0,0.0
3.83;0.0,0.0,-0.15682251751422882;1.0,0.0,0.0,0.0
3.84;0.0,0.0,-0.15749910473823547;1.0,0.0,0.0,0.0
3.85;0.0,0.0,-0.15817636251449585;1.0,0.0,0.0,0.0
3.86;0.0,0.0,-0.15885427594184875;1.0,0.0,0.0,0.0
3.87;0.0,0.0,-0.159532830119133;1.0,0.0,0.0,0.0
3.88;0.0,0.0,-0.16021203994750977;1.0,0.0,0.0,0.0
3.89;0.0,0.0,-0.1608918458223343;1.0,0.0,0.0,0.0
3.9;0.0,0.0,-0.16157233715057373;1.0,0.0,0.0,0.0
3.91;0.0,0.0,-0.16225340962409973;1.0,0.0,0.0,0.0
3.92;0.0,0.0,-0.1629350781440735;1.0,0.0,0.0,0.0
3.93;0.0,0.0,-0.16361740231513977;1.0,0.0,0.0,0.0
3.94;0.0,0.0,-0.16430030763149261;1.0,0.0,0.0,0.0
3.95;0.0,0.0,-0.1649838536977768;1.0,0.0,0.0,0.0
3.96;0.0,0.0,-0.16566795110702515;1.0,0.0,0.0,0.0
3.97;0.0,0.0,-0.16635265946388245;1.0,0.0,0.0,0.0
3.98;0.0,0.0,-0.1670379340648651;1.0,0.0,0.0,0.0
3.99;0.0,0.0,-0.16772380471229553;1.0,0.0,0.0,0.0
4.0;0.0,0.0,-0.16841024160385132;1.0,0.0,0.0,0.0
4.01;0.0,0.0,-0.16909721493721008;1.0,0.0,0.0,0.0
4.02;0.0,0.0,-0.1697847992181778;1.0,0.0,0.0,0.0
4.03;0.0,0.0,-0.1704729050397873;1.0,0.0,0.0,0.0
4.04;0.0,0.0,-0.17116157710552216;1.0,0.0,0.0,0.0
4.05;0.0,0.0,-0.1718507707118988;1.0,0.0,0.0,0.0
4.06;0.0,0.0,-0.172540545463562;1.0,0.0,0.0,0.0
4.07;0.0,0.0,-0.17323079705238342;1.0,0.0,0.0,0.0
4.08;0.0,0.0,-0.1739215850830078;1.0,0.0,0.0,0.0
4.09;0.0,0.0,-0.17461290955543518;1.0,0.0,0.0,0.0
4.1;0.0,0.0,-0.17530475556850433;1.0,0.0,0.0,0.0
4.11;0.0,0.0,-0.17599710822105408;1.0,0.0,0.0,0.0
4.12;0.0,0.0,-0.17668995261192322;1.0,0.0,0.0,0.0
4.13;0.0,0.0,-0.17738330364227295;1.0,0.0,0.0,0.0
4.14;0.0,0.0,-0.17807713150978088;1.0,0.0,0.0,0.0
4.15;0.0,0.0,-0.17877145111560822;1.0,0.0,0.0,0.0
4.16;0.0,0.0,-0.17946627736091614;1.0,0.0,0.0,0.0
4.17;0.0,0.0,-0.18016155064105988;1.0,0.0,0.0,0.0
4.18;0.0,0.0,-0.18085730075836182;1.0,0.0,0.0,0.0
4.19;0.0,0.0,-0.18155351281166077;1.0,0.0,0.0,0.0
4.2;0.0,0.0,-0.18225018680095673;1.0,0.0,0.0,0.0
4.21;0.0,0.0,-0.1829473078250885;1.0,0.0,0.0,0.0
4.22;0.0,0.0,-0.1836448609828949;1.0,0.0,0.0,0.0
4.23;0.0,0.0,-0.1843428909778595;1.0,0.0,0.0,0.0
4.24;0.0,0.0,-0.18504130840301514;1.0,0.0,0.0,0.0
4.25;0.0,0.0,-0.18574020266532898;1.0,0.0,0.0,0.0
4.26;0.0,0.0,-0.18643945455551147;1.0,0.0,0.0,0.0
4.27;0.0,0.0,-0.18713918328285217;1.0,0.0,0.0,0.0
4.28;0.0,0.0,-0.1878392994403839;1.0,0.0,0.0,0.0
4.29;0.0,0.0,-0.18853984773159027;1.0,0.0,0.0,0.0
4.3;0.0,0.0,-0.18924075365066528;1.0,0.0,0.0,0.0
4.31;0.0,0.0,-0.18994209170341492;1.0,0.0,0.0,0.0
4.32;0.0,0.0,-0.1906437873840332;1.0,0.0,0.0,0.0
4.33;0.0,0.0,-0.19134590029716492;1.0,0.0,0.0,0.0
4.34;0.0,0.0,-0.19204838573932648;1.0,0.0,0.0,0.0
4.35;0.0,0.0,-0.1927512139081955;1.0,0.0,0.0,0.0
4.36;0.0,0.0,-0.19345441460609436;1.0,0.0,0.0,0.0
4.37;0.0,0.0,-0.19415798783302307;1.0,0.0,0.0,0.0
4.38;0.0,0.0,-0.19486190378665924;1.0,0.0,0.0,0.0
4.39;0.0,0.0,-0.19556617736816406;1.0,0.0,0.0,0.0
4.4;0.0,0.0,-0.19627079367637634;1.0,0.0,0.0,0.0
4.41;0.0,0.0,-0.19697576761245728;1.0,0.0,0.0,0.0
4.42;0.0,0.0,-0.19768103957176208;1.0,0.0,0.0,0.0
4.43;0.0,0.0,-0.19838666915893555;1.0,0.0,0.0,0.0
4.44;0.0,0.0,-0.1990925669670105;1.0,0.0,0.0,0.0
4.45;0.0,0.0,-0.1997988373041153;1.0,0.0,0.0,0.0
4.46;0.0,0.0,-0.20050540566444397;1.0,0.0,0.0,0.0
4.47;0.0,0.0,-0.20121224224567413;1.0,0.0,0.0,0.0
4.48;0.0,0.0,-0.20191942155361176;1.0,0.0,0.0,0.0
4.49;0.0,0.0,-0.20262685418128967;1.0,0.0,0.0,0.0
4.5;0.0,0.0,-0.20333458483219147;1.0,0.0,0.0,0.0
4.51;0.0,0.0,-0.20404258370399475;1.0,0.0,0.0,0.0
4.52;0.0,0.0,-0.20475086569786072;1.0,0.0,0.0,0.0
4.53;0.0,0.0,-0.20545943081378937;1.0,0.0,0.0,0.0
4.54;0.0,0.0,-0.20616823434829712;1.0,0.0,0.0,0.0
4.55;0.0,0.0,-0.20687735080718994;1.0,0.0,0.0,0.0
4.56;0.0,0.0,-0.2075866460800171;1.0,0.0,0.0,0.0
4.57;0.0,0.0,-0.20829623937606812;1.0,0.0,0.0,0.0
4.58;0.0,0.0,-0.20900605618953705;1.0,0.0,0.0,0.0
4.59;0.0,0.0,-0.20971611142158508;1.0,0.0,0.0,0.0
4.6;0.0,0.0,-0.21042639017105103;1.0,0.0,0.0,0.0
4.61;0.0,0.0,-0.2111368626356125;1.0,0.0,0.0,0.0
4.62;0.0,0.0,-0.21184760332107544;1.0,0.0,0.0,0.0
4.63;0.0,0.0,-0.21255850791931152;1.0,0.0,0.0,0.0
4.64;0.0,0.0,-0.2132696807384491;1.0,0.0,0.0,0.0
4.65;0.0,0.0,-0.2139810025691986;1.0,0.0,0.0,0.0
4.66;0.0,0.0,-0.21469253301620483;1.0,0.0,0.0,0.0
4.67;0.0,0.0,-0.21540424227714539;1.0,0.0,0.0,0.0
4.68;0.0,0.0,-0.21611616015434265;1.0,0.0,0.0,0.0
4.69;0.0,0.0,-0.21682822704315186;1.0,0.0,0.0,0.0
4.7;0.0,0.0,-0.217540442943573;1.0,0.0,0.0,0.0
4.71;0.0,0.0,-0.21825289726257324;1.0,0.0,0.0,0.0
4.72;0.0,0.0,-0.21896544098854065;1.0,0.0,0.0,0.0
4.73;0.0,0.0,-0.21967819333076477;1.0,0.0,0.0,0.0
4.74;0.0,0.0,-0.22039106488227844;1.0,0.0,0.0,0.0
4.75;0.0,0.0,-0.22110411524772644;1.0,0.0,0.0,0.0
4.76;0.0,0.0,-0.2218172550201416;1.0,0.0,0.0,0.0
4.77;0.0,0.0,-0.2225305289030075;1.0,0.0,0.0,0.0
4.78;0.0,0.0,-0.22324398159980774;1.0,0.0,0.0,0.0
4.79;0.0,0.0,-0.22395747900009155;1.0,0.0,0.0,0.0
4.8;0.0,0.0,-0.2246711552143097;1.0,0.0,0.0,0.0
4.81;0.0,0.0,-0.2253848910331726;1.0,0.0,0.0,0.0
4.82;0.0,0.0,-0.22609877586364746;1.0,0.0,0.0,0.0
4.83;0.0,0.0,-0.2268127202987671;1.0,0.0,0.0,0.0
4.84;0.0,0.0,-0.22752678394317627;1.0,0.0,0.0,0.0
4.85;0.0,0.0,-0.22824092209339142;1.0,0.0,0.0,0.0
4.86;0.0,0.0,-0.22895511984825134;1.0,0.0,0.0,0.0
4.87;0.0,0.0,-0.229669451713562;1.0,0.0,0.0,0.0
4.88;0.0,0.0,-0.23038378357887268;1.0,0.0,0.0,0.0
4.89;0.0,0.0,-0.2310982346534729;1.0,0.0,0.0,0.0
4.9;0.0,0.0,-0.23181268572807312;1.0,0.0,0.0,0.0
4.91;0.0,0.0,-0.2325272411108017;1.0,0.0,0.0,0.0
4.92;0.0,0.0,-0.23324179649353027;1.0,0.0,0.0,0.0
4.93;0.0,0.0,-0.23395639657974243;1.0,0.0,0.0,0.0
4.94;0.0,0.0,-0.23467108607292175;1.0,0.0,0.0,0.0
4.95;0.0,0.0,-0.2353857457637787;1.0,0.0,0.0,0.0
4.96;0.0,0.0,-0.2361004650592804;1.0,0.0,0.0,0.0
4.97;0.0,0.0,-0.23681515455245972;1.0,0.0,0.0,0.0
4.98;0.0,0.0,-0.237529918551445;1.0,0.0,0.0,0.0
4.99;0.0,0.0,-0.2382446527481079;1.0,0.0,0.0,0.0
5.0;0.0,0.0,-0.238959401845932;1.0,0.0,0.0,0.0
5.01;0.0,0.0,-0.23967412114143372;1.0,0.0,0.0,0.0
5.02;0.0,0.0,-0.24038884043693542;1.0,0.0,0.0,0.0
5.03;0.0,0.0,-0.24110351502895355;1.0,0.0,0.0,0.0
5.04;0.0,0.0,-0.24181821942329407;1.0,0.0,0.0,0.0
5.05;0.0,0.0,-0.2425328642129898;1.0,0.0,0.0,0.0
5.06;0.0,0.0,-0.24324746429920197;1.0,0.0,0.0,0.0
5.07;0.0,0.0,-0.24396203458309174;1.0,0.0,0.0,0.0
5.08;0.0,0.0,-0.24467657506465912;1.0,0.0,0.0,0.0
5.09;0.0,0.0,-0.24539107084274292;1.0,0.0,0.0,0.0
5.1;0.0,0.0,-0.24610547721385956;1.0,0.0,0.0,0.0
5.11;0.0,0.0,-0.2468198537826538;1.0,0.0,0.0,0.0
5.12;0.0,0.0,-0.2475341409444809;1.0,0.0,0.0,0.0
5.13;0.0,0.0,-0.2482483685016632;1.0,0.0,0.0,0.0
5.14;0.0,0.0,-0.24896252155303955;1.0,0.0,0.0,0.0
5.15;0.0,0.0,-0.24967654049396515;1.0,0.0,0.0,0.0
5.16;0.0,0.0,-0.2503904700279236;1.0,0.0,0.0,0.0
5.17;0.0,0.0,-0.25110435485839844;1.0,0.0,0.0,0.0
5.18;0.0,0.0,-0.25181812047958374;1.0,0.0,0.0,0.0
5.19;0.0,0.0,-0.2525317966938019;1.0,0.0,0.0,0.0
5.2;0.0,0.0,-0.2532452940940857;1.0,0.0,0.0,0.0
5.21;0.0,0.0,-0.25395870208740234;1.0,0.0,0.0,0.0
5.22;0.0,0.0,-0.2546720504760742;1.0,0.0,0.0,0.0
5.23;0.0,0.0,-0.255385160446167;1.0,0.0,0.0,0.0
5.24;0.0,0.0,-0.256098210811615;1.0,0.0,0.0,0.0
5.25;0.0,0.0,-0.25681108236312866;1.0,0.0,0.0,0.0
5.26;0.0,0.0,-0.257523775100708;1.0,0.0,0.0,0.0
5.27;0.0,0.0,-0.2582364082336426;1.0,0.0,0.0,0.0
5.28;0.0,0.0,-0.25894880294799805;1.0,0.0,0.0,0.0
5.29;0.0,0.0,-0.2596610486507416;1.0,0.0,0.0,0.0
5.3;0.0,0.0,-0.2603731155395508;1.0,0.0,0.0,0.0
5.31;0.0,0.0,-0.26108503341674805;1.0,0.0,0.0,0.0
5.32;0.0,0.0,-0.261796772480011;1.0,0.0,0.0,0.0
5.33;0.0,0.0,-0.2625082731246948;1.0,0.0,0.0,0.0
5.34;0.0,0.0,-0.26321959495544434;1.0,0.0,0.0,0.0
5.35;0.0,0.0,-0.2639307379722595;1.0,0.0,0.0,0.0
5.36;0.0,0.0,-0.2646417021751404;1.0,0.0,0.0,0.0
5.37;0.0,0.0,-0.26535242795944214;1.0,0.0,0.0,0.0
5.38;0.0,0.0,-0.2660628855228424;1.0,0.0,0.0,0.0
5.39;0.0,0.0,-0.26677316427230835;1.0,0.0,0.0,0.0
5.4;0.0,0.0,-0.2674832344055176;1.0,0.0,0.0,0.0
5.41;0.0,0.0,-0.2681930363178253;1.0,0.0,0.0,0.0
5.42;0.0,0.0,-0.26890259981155396;1.0,0.0,0.0,0.0
5.43;0.0,0.0,-0.2696118950843811;1.0,0.0,0.0,0.0
5.44;0.0,0.0,-0.2703210115432739;1.0,0.0,0.0,0.0
5.45;0.0,0.0,-0.27102982997894287;1.0,0.0,0.0,0.0
5.46;0.0,0.0,-0.2717384099960327;1.0,0.0,0.0,0.0
5.47;0.0,0.0,-0.2724466919898987;1.0,0.0,0.0,0.0
5.48;0.0,0.0,-0.27315467596054077;1.0,0.0,0.0,0.0
5.49;0.0,0.0,-0.27386242151260376;1.0,0.0,0.0,0.0
5.5;0.0,0.0,-0.27456986904144287;1.0,0.0,0.0,0.0
5.51;0.0,0.0,-0.2752770185470581;1.0,0.0,0.0,0.0
5.52;0.0,0.0,-0.27598389983177185;1.0,0.0,0.0,0.0
5.53;0.0,0.0,-0.27669042348861694;1.0,0.0,0.0,0.0
5.54;0.0,0.0,-0.27739667892456055;1.0,0.0,0.0,0.0
5.55;0.0,0.0,-0.2781026363372803;1.0,0.0,0.0,0.0
5.56;0.0,0.0,-0.27880823612213135;1.0,0.0,0.0,0.0
5.57;0.0,0.0,-0.27951353788375854;1.0,0.0,0.0,0.0
5.58;0.0,0.0,-0.2802184224128723;1.0,0.0,0.0,0.0
5.59;0.0,0.0,-0.28092309832572937;1.0,0.0,0.0,0.0
5.6;0.0,0.0,-0.281627357006073;1.0,0.0,0.0,0.0
5.61;0.0,0.0,-0.282331258058548;1.0,0.0,0.0,0.0
5.62;0.0,0.0,-0.2830348610877991;1.0,0.0,0.0,0.0
5.63;0.0,0.0,-0.28373804688453674;1.0,0.0,0.0,0.0
5.64;0.0,0.0,-0.28444093465805054;1.0,0.0,0.0,0.0
5.65;0.0,0.0,-0.2851433753967285;1.0,0.0,0.0,0.0
5.66;0.0,0.0,-0.28584545850753784;1.0,0.0,0.0,0.0
5.67;0.0,0.0,-0.2865471839904785;1.0,0.0,0.0,0.0
5.68;0.0,0.0,-0.28724849224090576;1.0,0.0,0.0,0.0
5.69;0.0,0.0,-0.28794944286346436;1.0,0.0,0.0,0.0
5.7;0.0,0.0,-0.2886499762535095;1.0,0.0,0.0,0.0
5.71;0.0,0.0,-0.28935009241104126;1.0,0.0,0.0,0.0
5.72;0.0,0.0,-0.29004979133605957;1.0,0.0,0.0,0.0
5.73;0.0,0.0,-0.29074907302856445;1.0,0.0,0.0,0.0
5.74;0.0,0.0,-0.2914479672908783;1.0,0.0,0.0,0.0
5.75;0.0,0.0,-0.2921464145183563;1.0,0.0,0.0,0.0
5.76;0.0,0.0,-0.29284438490867615;1.0,0.0,0.0,0.0
5.77;0.0,0.0,-0.29354193806648254;1.0,0.0,0.0,0.0
5.78;0.0,0.0,-0.2942391335964203;1.0,0.0,0.0,0.0
5.79;0.0,0.0,-0.29493579268455505;1.0,0.0,0.0,0.0
5.8;0.0,0.0,-0.29563194513320923;1.0,0.0,0.0,0.0
5.81;0.0,0.0,-0.29632771015167236;1.0,0.0,0.0,0.0
5.82;0.0,0.0,-0.2970229983329773;1.0,0.0,0.0,0.0
5.83;0.0,0.0,-0.297717809677124;1.0,0.0,0.0,0.0
5.84;0.0,0.0,-0.29841214418411255;1.0,0.0,0.0,0.0
5.85;0.0,0.0,-0.2991059720516205;1.0,0.0,0.0,0.0
5.86;0.0,0.0,-0.2997992932796478;1.0,0.0,0.0,0.0
5.87;0.0,0.0,-0.30049216747283936;1.0,0.0,0.0,0.0
5.88;0.0,0.0,-0.3011845350265503;1.0,0.0,0.0,0.0
5.89;0.0,0.0,-0.30187633633613586;1.0,0.0,0.0,0.0
5.9;0.0,0.0,-0.30256766080856323;1.0,0.0,0.0,0.0
5.91;0.0,0.0,-0.30325847864151;1.0,0.0,0.0,0.0
5.92;0.0,0.0,-0.3039487600326538;1.0,0.0,0.0,0.0
5.93;0.0,0.0,-0.30463850498199463;1.0,0.0,0.0,0.0
5.94;0.0,0.0,-0.30532771348953247;1.0,0.0,0.0,0.0
5.95;0.0,0.0,-0.30601632595062256;1.0,0.0,0.0,0.0
5.96;0.0,0.0,-0.3067045211791992;1.0,0.0,0.0,0.0
5.97;0.0,0.0,-0.3073920011520386;1.0,0.0,0.0,0.0
5.98;0.0,0.0,-0.3080790042877197;1.0,0.0,0.0,0.0
5.99;0.0,0.0,-0.3087654709815979;1.0,0.0,0.0,0.0
6.0;0.0,0.0,-0.30945131182670593;1.0,0.0,0.0,0.0
6.01;0.0,0.0,-0.31013667583465576;1.0,0.0,0.0,0.0
6.02;0.0,0.0,-0.3108213245868683;1.0,0.0,0.0,0.0
6.03;0.0,0.0,-0.31150543689727783;1.0,0.0,0.0,0.0
6.04;0.0,0.0,-0.312188982963562;1.0,0.0,0.0,0.0
6.05;0.0,0.0,-0.31287190318107605;1.0,0.0,0.0,0.0
6.06;0.0,0.0,-0.31355416774749756;1.0,0.0,0.0,0.0
6.07;0.0,0.0,-0.3142358958721161;1.0,0.0,0.0,0.0
6.08;0.0,0.0,-0.3149169385433197;1.0,0.0,0.0,0.0
6.09;0.0,0.0,-0.31559741497039795;1.0,0.0,0.0,0.0
6.1;0.0,0.0,-0.31627726554870605;1.0,0.0,0.0,0.0
6.11;0.0,0.0,-0.31695640087127686;1.0,0.0,0.0,0.0
6.12;0.0,0.0,-0.3176349997520447;1.0,0.0,0.0,0.0
6.13;0.0,0.0,-0.3183128833770752;1.0,0.0,0.0,0.0
6.14;0.0,0.0,-0.31899017095565796;1.0,0.0,0.0,0.0
6.15;0.0,0.0,-0.3196667432785034;1.0,0.0,0.0,0.0
6.16;0.0,0.0,-0.3203427195549011;1.0,0.0,0.0,0.0
6.17;0.0,0.0,-0.3210179805755615;1.0,0.0,0.0,0.0
6.18;0.0,0.0,-0.32169249653816223;1.0,0.0,0.0,0.0
6.19;0.0,0.0,-0.3223664462566376;1.0,0.0,0.0,0.0
6.2;0.0,0.0,-0.323039710521698;1.0,0.0,0.0,0.0
6.21;0.0,0.0,-0.32371217012405396;1.0,0.0,0.0,0.0
6.22;0.0,0.0,-0.32438406348228455;1.0,0.0,0.0,0.0
6.23;0.0,0.0,-0.32505518198013306;1.0,0.0,0.0,0.0
6.24;0.0,0.0,-0.3257256746292114;1.0,0.0,0.0,0.0
6.25;0.0,0.0,-0.3263953626155853;1.0,0.0,0.0,0.0
6.26;0.0,0.0,-0.32706427574157715;1.0,0.0,0.0,0.0
6.27;0.0,0.0,-0.32773256301879883;1.0,0.0,0.0,0.0
6.28;0.0,0.0,-0.3284001350402832;1.0,0.0,0.0,0.0
6.29;0.0,0.0,-0.3290668725967407;1.0,0.0,0.0,0.0
6.3;0.0,0.0,-0.3297329545021057;1.0,0.0,0.0,0.0
6.31;0.0,0.0,-0.3303982615470886;1.0,0.0,0.0,0.0
6.32;0.0,0.0,-0.33106276392936707;1.0,0.0,0.0,0.0
6.33;0.0,0.0,-0.331726610660553;1.0,0.0,0.0,0.0
6.34;0.0,0.0,-0.33238959312438965;1.0,0.0,0.0,0.0
6.35;0.0,0.0,-0.333051860332489;1.0,0.0,0.0,0.0
6.36;0.0,0.0,-0.3337132930755615;1.0,0.0,0.0,0.0
6.37;0.0,0.0,-0.33437398076057434;1.0,0.0,0.0,0.0
6.38;0.0,0.0,-0.3350338935852051;1.0,0.0,0.0,0.0
6.39;0.0,0.0,-0.33569297194480896;1.0,0.0,0.0,0.0
6.4;0.0,0.0,-0.33635127544403076;1.0,0.0,0.0,0.0
6.41;0.0,0.0,-0.3370087742805481;1.0,0.0,0.0,0.0
6.42;0.0,0.0,-0.33766549825668335;1.0,0.0,0.0,0.0
6.43;0.0,0.0,-0.338321328163147;1.0,0.0,0.0,0.0
6.44;0.0,0.0,-0.33897632360458374;1.0,0.0,0.0,0.0
6.45;0.0,0.0,-0.3396305739879608;1.0,0.0,0.0,0.0
6.46;0.0,0.0,-0.34028396010398865;1.0,0.0,0.0,0.0
6.47;0.0,0.0,-0.3409365117549896;1.0,0.0,0.0,0.0
6.48;0.0,0.0,-0.34158819913864136;1.0,0.0,0.0,0.0
6.49;0.0,0.0,-0.34223905205726624;1.0,0.0,0.0,0.0
6.5;0.0,0.0,-0.3428889811038971;1.0,0.0,0.0,0.0
6.51;0.0,0.0,-0.34353816509246826;1.0,0.0,0.0,0.0
6.52;0.0,0.0,-0.344186395406723;1.0,0.0,0.0,0.0
6.53;0.0,0.0,-0.34483376145362854;1.0,0.0,0.0,0.0
6.54;0.0,0.0,-0.3454802632331848;1.0,0.0,0.0,0.0
6.55;0.0,0.0,-0.34612587094306946;1.0,0.0,0.0,0.0
6.56;0.0,0.0,-0.34677058458328247;1.0,0.0,0.0,0.0
6.57;0.0,0.0,-0.34741440415382385;1.0,0.0,0.0,0.0
6.58;0.0,0.0,-0.3480573296546936;1.0,0.0,0.0,0.0
6.59;0.0,0.0,-0.3486993610858917;1.0,0.0,0.0,0.0
6.6;0.0,0.0,-0.3493404686450958;1.0,0.0,0.0,0.0
6.61;0.0,0.0,-0.34998059272766113;1.0,0.0,0.0,0.0
6.62;0.0,0.0,-0.3506198227405548;1.0,0.0,0.0,0.0
6.63;0.0,0.0,-0.3512580990791321;1.0,0.0,0.0,0.0
6.64;0.0,0.0,-0.3518954813480377;1.0,0.0,0.0,0.0
6.65;0.0,0.0,-0.35253196954727173;1.0,0.0,0.0,0.0
6.66;0.0,0.0,-0.35316744446754456;1.0,0.0,0.0,0.0
6.67;0.0,0.0,-0.353801965713501;1.0,0.0,0.0,0.0
6.68;0.0,0.0,-0.3544354736804962;1.0,0.0,0.0,0.0
6.69;0.0,0.0,-0.3550681173801422;1.0,0.0,0.0,0.0
6.7;0.0,0.0,-0.355699747800827;1.0,0.0,0.0,0.0
6.71;0.0,0.0,-0.35633042454719543;1.0,0.0,0.0,0.0
6.72;0.0,0.0,-0.35696008801460266;1.0,0.0,0.0,0.0
6.73;0.0,0.0,-0.3575887382030487;1.0,0.0,0.0,0.0
6.74;0.0,0.0,-0.35821643471717834;1.0,0.0,0.0,0.0
6.75;0.0,0.0,-0.3588431179523468;1.0,0.0,0.0,0.0
6.76;0.0,0.0,-0.3594687581062317;1.0,0.0,0.0,0.0
6.77;0.0,0.0,-0.3600934147834778;1.0,0.0,0.0,0.0
6.78;0.0,0.0,-0.3607170581817627;1.0,0.0,0.0,0.0
6.79;0.0,0.0,-0.3613397181034088;1.0,0.0,0.0,0.0
6.8;0.0,0.0,-0.361961305141449;1.0,0.0,0.0,0.0
6.81;0.0,0.0,-0.36258184909820557;1.0,0.0,0.0,0.0
6.82;0.0,0.0,-0.3632013499736786;1.0,0.0,0.0,0.0
6.83;0.0,0.0,-0.3638198673725128;1.0,0.0,0.0,0.0
6.84;0.0,0.0,-0.3644372522830963;1.0,0.0,0.0,0.0
6.85;0.0,0.0,-0.36505362391471863;1.0,0.0,0.0,0.0
6.86;0.0,0.0,-0.365668922662735;1.0,0.0,0.0,0.0
6.87;0.0,0.0,-0.3662831485271454;1.0,0.0,0.0,0.0
6.88;0.0,0.0,-0.3668963611125946;1.0,0.0,0.0,0.0
6.89;0.0,0.0,-0.3675083816051483;1.0,0.0,0.0,0.0
6.9;0.0,0.0,-0.36811938881874084;1.0,0.0,0.0,0.0
6.91;0.0,0.0,-0.36872923374176025;1.0,0.0,0.0,0.0
6.92;0.0,0.0,-0.3693380057811737;1.0,0.0,0.0,0.0
6.93;0.0,0.0,-0.369945764541626;1.0,0.0,0.0,0.0
6.94;0.0,0.0,-0.3705523610115051;1.0,0.0,0.0,0.0
6.95;0.0,0.0,-0.37115776538848877;1.0,0.0,0.0,0.0
6.96;0.0,0.0,-0.37176212668418884;1.0,0.0,0.0,0.0
6.97;0.0,0.0,-0.37236541509628296;1.0,0.0,0.0,0.0
6.98;0.0,0.0,-0.3729674518108368;1.0,0.0,0.0,0.0
6.99;0.0,0.0,-0.3735683858394623;1.0,0.0,0.0,0.0
7.0;0.0,0.0,-0.37416818737983704;1.0,0.0,0.0,0.0
7.01;0.0,0.0,-0.37476682662963867;1.0,0.0,0.0,0.0
7.02;0.0,0.0,-0.37536439299583435;1.0,0.0,0.0,0.0
7.03;0.0,0.0,-0.37596070766448975;1.0,0.0,0.0,0.0
7.04;0.0,0.0,-0.3765558898448944;1.0,0.0,0.0,0.0
7.05;0.0,0.0,-0.3771498501300812;1.0,0.0,0.0,0.0
7.06;0.0,0.0,-0.377742737531662;1.0,0.0,0.0,0.0
7.07;0.0,0.0,-0.3783343434333801;1.0,0.0,0.0,0.0
7.08;0.0,0.0,-0.37892481684684753;1.0,0.0,0.0,0.0
7.09;0.0,0.0,-0.37951400876045227;1.0,0.0,0.0,0.0
7.1;0.0,0.0,-0.38010215759277344;1.0,0.0,0.0,0.0
7.11;0.0,0.0,-0.38068899512290955;1.0,0.0,0.0,0.0
7.12;0.0,0.0,-0.38127464056015015;1.0,0.0,0.0,0.0
7.13;0.0,0.0,-0.38185906410217285;1.0,0.0,0.0,0.0
7.14;0.0,0.0,-0.3824422061443329;1.0,0.0,0.0,0.0
7.15;0.0,0.0,-0.3830241858959198;1.0,0.0,0.0,0.0
7.16;0.0,0.0,-0.3836049735546112;1.0,0.0,0.0,0.0
7.17;0.0,0.0,-0.38418444991111755;1.0,0.0,0.0,0.0
7.18;0.0,0.0,-0.38476261496543884;1.0,0.0,0.0,0.0
7.19;0.0,0.0,-0.3853396475315094;1.0,0.0,0.0,0.0
7.2;0.0,0.0,-0.3859154284000397;1.0,0.0,0.0,0.0
7.21;0.0,0.0,-0.3864898979663849;1.0,0.0,0.0,0.0
7.22;0.0,0.0,-0.3870631158351898;1.0,0.0,0.0,0.0
7.23;0.0,0.0,-0.3876350224018097;1.0,0.0,0.0,0.0
7.24;0.0,0.0,-0.3882056176662445;1.0,0.0,0.0,0.0
7.25;0.0,0.0,-0.3887750506401062;1.0,0.0,0.0,0.0
7.26;0.0,0.0,-0.3893430829048157;1.0,0.0,0.0,0.0
7.27;0.0,0.0,-0.38990986347198486;1.0,0.0,0.0,0.0
7.28;0.0,0.0,-0.3904753029346466;1.0,0.0,0.0,0.0
7.29;0.0,0.0,-0.3910394608974457;1.0,0.0,0.0,0.0
7.3;0.0,0.0,-0.3916023075580597;1.0,0.0,0.0,0.0
7.31;0.0,0.0,-0.39216378331184387;1.0,0.0,0.0,0.0
7.32;0.0,0.0,-0.39272400736808777;1.0,0.0,0.0,0.0
7.33;0.0,0.0,-0.39328283071517944;1.0,0.0,0.0,0.0
7.34;0.0,0.0,-0.39384037256240845;1.0,0.0,0.0,0.0
7.35;0.0,0.0,-0.3943966031074524;1.0,0.0,0.0,0.0
7.36;0.0,0.0,-0.39495140314102173;1.0,0.0,0.0,0.0
7.37;0.0,0.0,-0.395504891872406;1.0,0.0,0.0,0.0
7.38;0.0,0.0,-0.39605697989463806;1.0,0.0,0.0,0.0
7.39;0.0,0.0,-0.39660772681236267;1.0,0.0,0.0,0.0
7.4;0.0,0.0,-0.3971571624279022;1.0,0.0,0.0,0.0
7.41;0.0,0.0,-0.3977051079273224;1.0,0.0,0.0,0.0
7.42;0.0,0.0,-0.3982517123222351;1.0,0.0,0.0,0.0
7.43;0.0,0.0,-0.3987969756126404;1.0,0.0,0.0,0.0
7.44;0.0,0.0,-0.39934083819389343;1.0,0.0,0.0,0.0
7.45;0.0,0.0,-0.3998832106590271;1.0,0.0,0.0,0.0
7.46;0.0,0.0,-0.40042418241500854;1.0,0.0,0.0,0.0
7.47;0.0,0.0,-0.40096381306648254;1.0,0.0,0.0,0.0
7.48;0.0,0.0,-0.40150201320648193;1.0,0.0,0.0,0.0
7.49;0.0,0.0,-0.4020388126373291;1.0,0.0,0.0,0.0
7.5;0.0,0.0,-0.4025741219520569;1.0,0.0,0.0,0.0
7.51;0.0,0.0,-0.40310803055763245;1.0,0.0,0.0,0.0
7.52;0.0,0.0,-0.4036405682563782;1.0,0.0,0.0,0.0
7.53;0.0,0.0,-0.40417152643203735;1.0,0.0,0.0,0.0
7.54;0.0,0.0,-0.4047011137008667;1.0,0.0,0.0,0.0
7.55;0.0,0.0,-0.4052291810512543;1.0,0.0,0.0,0.0
7.56;0.0,0.0,-0.4057558476924896;1.0,0.0,0.0,0.0
7.57;0.0,0.0,-0.4062809646129608;1.0,0.0,0.0,0.0
7.58;0.0,0.0,-0.4068047106266022;1.0,0.0,0.0,0.0
7.59;0.0,0.0,-0.40732690691947937;1.0,0.0,0.0,0.0
7.6;0.0,0.0,-0.4078476130962372;1.0,0.0,0.0,0.0
7.61;0.0,0.0,-0.408366858959198;1.0,0.0,0.0,0.0
7.62;0.0,0.0,-0.4088846743106842;1.0,0.0,0.0,0.0
7.63;0.0,0.0,-0.4094008505344391;1.0,0.0,0.0,0.0
7.64;0.0,0.0,-0.409915566444397;1.0,0.0,0.0,0.0
7.65;0.0,0.0,-0.4104287624359131;1.0,0.0,0.0,0.0
7.66;0.0,0.0,-0.4109404981136322;1.0,0.0,0.0,0.0
7.67;0.0,0.0,-0.4114506244659424;1.0,0.0,0.0,0.0
7.68;0.0,0.0,-0.41195932030677795;1.0,0.0,0.0,0.0
7.69;0.0,0.0,-0.4124663174152374;1.0,0.0,0.0,0.0
7.7;0.0,0.0,-0.4129719138145447;1.0,0.0,0.0,0.0
7.71;0.0,0.0,-0.413475900888443;1.0,0.0,0.0,0.0
7.72;0.0,0.0,-0.41397836804389954;1.0,0.0,0.0,0.0
7.73;0.0,0.0,-0.41447922587394714;1.0,0.0,0.0,0.0
7.74;0.0,0.0,-0.4149785041809082;1.0,0.0,0.0,0.0
7.75;0.0,0.0,-0.41547632217407227;1.0,0.0,0.0,0.0
7.76;0.0,0.0,-0.415972501039505;1.0,0.0,0.0,0.0
7.77;0.0,0.0,-0.4164670705795288;1.0,0.0,0.0,0.0
7.78;0.0,0.0,-0.4169600009918213;1.0,0.0,0.0,0.0
7.79;0.0,0.0,-0.4174513816833496;1.0,0.0,0.0,0.0
7.8;0.0,0.0,-0.4179411828517914;1.0,0.0,0.0,0.0
7.81;0.0,0.0,-0.418429434299469;1.0,0.0,0.0,0.0
7.82;0.0,0.0,-0.4189159870147705;1.0,0.0,0.0,0.0
7.83;0.0,0.0,-0.4194009304046631;1.0,0.0,0.0,0.0
7.84;0.0,0.0,-0.41988426446914673;1.0,0.0,0.0,0.0
7.85;0.0,0.0,-0.42036595940589905;1.0,0.0,0.0,0.0
7.86;0.0,0.0,-0.42084604501724243;1.0,0.0,0.0,0.0
7.87;0.0,0.0,-0.4213244318962097;1.0,0.0,0.0,0.0
7.88;0.0,0.0,-0.42180120944976807;1.0,0.0,0.0,0.0
7.89;0.0,0.0,-0.42227640748023987;1.0,0.0,0.0,0.0
7.9;0.0,0.0,-0.4227498769760132;1.0,0.0,0.0,0.0
7.91;0.0,0.0,-0.4232216775417328;1.0,0.0,0.0,0.0
7.92;0.0,0.0,-0.4236917793750763;1.0,0.0,0.0,0.0
7.93;0.0,0.0,-0.4241602420806885;1.0,0.0,0.0,0.0
7.94;0.0,0.0,-0.42462706565856934;1.0,0.0,0.0,0.0
7.95;0.0,0.0,-0.4250921308994293;1.0,0.0,0.0,0.0
7.96;0.0,0.0,-0.425555557012558;1.0,0.0,0.0,0.0
7.97;0.0,0.0,-0.4260171949863434;1.0,0.0,0.0,0.0
7.98;0.0,0.0,-0.42647722363471985;1.0,0.0,0.0,0.0
7.99;0.0,0.0,-0.42693549394607544;1.0,0.0,0.0,0.0
8.0;0.0,0.0,-0.4273920953273773;1.0,0.0,0.0,0.0
8.01;0.0,0.0,-0.4278469383716583;1.0,0.0,0.0,0.0
8.02;0.0,0.0,-0.4283001124858856;1.0,0.0,0.0,0.0
8.03;0.0,0.0,-0.4287514388561249;1.0,0.0,0.0,0.0
8.04;0.0,0.0,-0.42920106649398804;1.0,0.0,0.0,0.0
8.05;0.0,0.0,-0.4296490252017975;1.0,0.0,0.0,0.0
8.06;0.0,0.0,-0.43009519577026367;1.0,0.0,0.0,0.0
8.07;0.0,0.0,-0.430539608001709;1.0,0.0,0.0,0.0
8.08;0.0,0.0,-0.43098223209381104;1.0,0.0,0.0,0.0
8.09;0.0,0.0,-0.4314231276512146;1.0,0.0,0.0,0.0
8.1;0.0,0.0,-0.4318622350692749;1.0,0.0,0.0,0.0
8.11;0.0,0.0,-0.43229955434799194;1.0,0.0,0.0,0.0
8.12;0.0,0.0,-0.4327351450920105;1.0,0.0,0.0,0.0
8.13;0.0,0.0,-0.433168888092041;1.0,0.0,0.0,0.0
8.14;0.0,0.0,-0.4336007833480835;1.0,0.0,0.0,0.0
8.15;0.0,0.0,-0.4340309500694275;1.0,0.0,0.0,0.0
8.16;0.0,0.0,-0.43445926904678345;1.0,0.0,0.0,0.0
8.17;0.0,0.0,-0.4348858594894409;1.0,0.0,0.0,0.0
8.18;0.0,0.0,-0.4353105425834656;1.0,0.0,0.0,0.0
8.19;0.0,0.0,-0.435733437538147;1.0,0.0,0.0,0.0
8.2;0.0,0.0,-0.43615448474884033;1.0,0.0,0.0,0.0
8.21;0.0,0.0,-0.43657374382019043;1.0,0.0,0.0,0.0
8.22;0.0,0.0,-0.4369911551475525;1.0,0.0,0.0,0.0
8.23;0.0,0.0,-0.43740665912628174;1.0,0.0,0.0,0.0
8.24;0.0,0.0,-0.4378203749656677;1.0,0.0,0.0,0.0
8.25;0.0,0.0,-0.4382321834564209;1.0,0.0,0.0,0.0
8.26;0.0,0.0,-0.4386422038078308;1.0,0.0,0.0,0.0
8.27;0.0,0.0,-0.43905025720596313;1.0,0.0,0.0,0.0
8.28;0.0,0.0,-0.4394565224647522;1.0,0.0,0.0,0.0
8.29;0.0,0.0,-0.43986082077026367;1.0,0.0,0.0,0.0
8.3;0.0,0.0,-0.4402633309364319;1.0,0.0,0.0,0.0
8.31;0.0,0.0,-0.4406638741493225;1.0,0.0,0.0,0.0
8.32;0.0,0.0,-0.44106245040893555;1.0,0.0,0.0,0.0
8.33;0.0,0.0,-0.4414592981338501;1.0,0.0,0.0,0.0
8.34;0.0,0.0,-0.4418540596961975;1.0,0.0,0.0,0.0
8.35;0.0,0.0,-0.44224709272384644;1.0,0.0,0.0,0.0
8.36;0.0,0.0,-0.4426380395889282;1.0,0.0,0.0,0.0
8.37;0.0,0.0,-0.44302719831466675;1.0,0.0,0.0,0.0
8.38;0.0,0.0,-0.44341427087783813;1.0,0.0,0.0,0.0
8.39;0.0,0.0,-0.44379955530166626;1.0,0.0,0.0,0.0
8.4;0.0,0.0,-0.44418275356292725;1.0,0.0,0.0,0.0
8.41;0.0,0.0,-0.4445641040802002;1.0,0.0,0.0,0.0
8.42;0.0,0.0,-0.44494348764419556;1.0,0.0,0.0,0.0
8.43;0.0,0.0,-0.44532090425491333;1.0,0.0,0.0,0.0
8.44;0.0,0.0,-0.44569629430770874;1.0,0.0,0.0,0.0
8.45;0.0,0.0,-0.44606977701187134;1.0,0.0,0.0,0.0
8.46;0.0,0.0,-0.4464413523674011;1.0,0.0,0.0,0.0
8.47;0.0,0.0,-0.446810781955719;1.0,0.0,0.0,0.0
8.48;0.0,0.0,-0.4471782445907593;1.0,0.0,0.0,0.0
8.49;0.0,0.0,-0.4475438594818115;1.0,0.0,0.0,0.0
8.5;0.0,0.0,-0.44790738821029663;1.0,0.0,0.0,0.0
8.51;0.0,0.0,-0.4482688307762146;1.0,0.0,0.0,0.0
8.52;0.0,0.0,-0.44862836599349976;1.0,0.0,0.0,0.0
8.53;0.0,0.0,-0.448985755443573;1.0,0.0,0.0,0.0
8.54;0.0,0.0,-0.4493412971496582;1.0,0.0,0.0,0.0
8.55;0.0,0.0,-0.4496946334838867;1.0,0.0,0.0,0.0
8.56;0.0,0.0,-0.4500460624694824;1.0,0.0,0.0,0.0
8.57;0.0,0.0,-0.450395405292511;1.0,0.0,0.0,0.0
8.58;0.0,0.0,-0.4507427215576172;1.0,0.0,0.0,0.0
8.59;0.0,0.0,-0.45108795166015625;1.0,0.0,0.0,0.0
8.6;0.0,0.0,-0.4514310359954834;1.0,0.0,0.0,0.0
8.61;0.0,0.0,-0.45177221298217773;1.0,0.0,0.0,0.0
8.62;0.0,0.0,-0.45211130380630493;1.0,0.0,0.0,0.0
8.63;0.0,0.0,-0.4524482488632202;1.0,0.0,0.0,0.0
8.64;0.0,0.0,-0.4527832269668579;1.0,0.0,0.0,0.0
8.65;0.0,0.0,-0.45311594009399414;1.0,0.0,0.0,0.0
8.66;0.0,0.0,-0.4534466862678528;1.0,0.0,0.0,0.0
8.67;0.0,0.0,-0.4537753462791443;1.0,0.0,0.0,0.0
8.68;0.0,0.0,-0.4541018009185791;1.0,0.0,0.0,0.0
8.69;0.0,0.0,-0.45442628860473633;1.0,0.0,0.0,0.0
8.7;0.0,0.0,-0.45474857091903687;1.0,0.0,0.0,0.0
8.71;0.0,0.0,-0.4550687074661255;1.0,0.0,0.0,0.0
8.72;0.0,0.0,-0.4553866982460022;1.0,0.0,0.0,0.0
8.73;0.0,0.0,-0.45570260286331177;1.0,0.0,0.0,0.0
8.74;0.0,0.0,-0.4560164213180542;1.0,0.0,0.0,0.0
8.75;0.0,0.0,-0.45632803440093994;1.0,0.0,0.0,0.0
8.76;0.0,0.0,-0.456637442111969;1.0,0.0,0.0,0.0
8.77;0.0,0.0,-0.45694488286972046;1.0,0.0,0.0,0.0
8.78;0.0,0.0,-0.4572499990463257;1.0,0.0,0.0,0.0
8.79;0.0,0.0,-0.457552969455719;1.0,0.0,0.0,0.0
8.8;0.0,0.0,-0.4578537940979004;1.0,0.0,0.0,0.0
8.81;0.0,0.0,-0.4581524133682251;1.0,0.0,0.0,0.0
8.82;0.0,0.0,-0.45844894647598267;1.0,0.0,0.0,0.0
8.83;0.0,0.0,-0.458743155002594;1.0,0.0,0.0,0.0
8.84;0.0,0.0,-0.4590352177619934;1.0,0.0,0.0,0.0
8.85;0.0,0.0,-0.45932507514953613;1.0,0.0,0.0,0.0
8.86;0.0,0.0,-0.4596128463745117;1.0,0.0,0.0,0.0
8.87;0.0,0.0,-0.4598982334136963;1.0,0.0,0.0,0.0
8.88;0.0,0.0,-0.46018141508102417;1.0,0.0,0.0,0.0
8.89;0.0,0.0,-0.46046239137649536;1.0,0.0,0.0,0.0
8.9;0.0,0.0,-0.4607412815093994;1.0,0.0,0.0,0.0
8.91;0.0,0.0,-0.4610177278518677;1.0,0.0,0.0,0.0
8.92;0.0,0.0,-0.461292028427124;1.0,0.0,0.0,0.0
8.93;0.0,0.0,-0.46156418323516846;1.0,0.0,0.0,0.0
8.94;0.0,0.0,-0.4618338942527771;1.0,0.0,0.0,0.0
8.95;0.0,0.0,-0.46210145950317383;1.0,0.0,0.0,0.0
8.96;0.0,0.0,-0.4623667001724243;1.0,0.0,0.0,0.0
8.97;0.0,0.0,-0.4626297950744629;1.0,0.0,0.0,0.0
8.98;0.0,0.0,-0.4628903865814209;1.0,0.0,0.0,0.0
8.99;0.0,0.0,-0.46314895153045654;1.0,0.0,0.0,0.0
9.0;0.0,0.0,-0.4634050726890564;1.0,0.0,0.0,0.0
9.01;0.0,0.0,-0.4636589288711548;1.0,0.0,0.0,0.0
9.02;0.0,0.0,-0.46391046047210693;1.0,0.0,0.0,0.0
9.03;0.0,0.0,-0.4641597270965576;1.0,0.0,0.0,0.0
9.04;0.0,0.0,-0.46440672874450684;1.0,0.0,0.0,0.0
9.05;0.0,0.0,-0.46465128660202026;1.0,0.0,0.0,0.0
9.06;0.0,0.0,-0.46489375829696655;1.0,0.0,0.0,0.0
9.07;0.0,0.0,-0.4651336669921875;1.0,0.0,0.0,0.0
9.08;0.0,0.0,-0.465371310710907;1.0,0.0,0.0,0.0
9.09;0.0,0.0,-0.465606689453125;1.0,0.0,0.0,0.0
9.1;0.0,0.0,-0.46583956480026245;1.0,0.0,0.0,0.0
9.11;0.0,0.0,-0.466070294380188;1.0,0.0,0.0,0.0
9.12;0.0,0.0,-0.46629858016967773;1.0,0.0,0.0,0.0
9.13;0.0,0.0,-0.4665244221687317;1.0,0.0,0.0,0.0
9.14;0.0,0.0,-0.4667479395866394;1.0,0.0,0.0,0.0
9.15;0.0,0.0,-0.4669691324234009;1.0,0.0,0.0,0.0
9.16;0.0,0.0,-0.46718794107437134;1.0,0.0,0.0,0.0
9.17;0.0,0.0,-0.4674043655395508;1.0,0.0,0.0,0.0
9.18;0.0,0.0,-0.4676184058189392;1.0,0.0,0.0,0.0
9.19;0.0,0.0,-0.46783000230789185;1.0,0.0,0.0,0.0
9.2;0.0,0.0,-0.4680391550064087;1.0,0.0,0.0,0.0
9.21;0.0,0.0,-0.4682460427284241;1.0,0.0,0.0,0.0
9.22;0.0,0.0,-0.4684504270553589;1.0,0.0,0.0,0.0
9.23;0.0,0.0,-0.4686524271965027;1.0,0.0,0.0,0.0
9.24;0.0,0.0,-0.4688519835472107;1.0,0.0,0.0,0.0
9.25;0.0,0.0,-0.46904903650283813;1.0,0.0,0.0,0.0
9.26;0.0,0.0,-0.46924376487731934;1.0,0.0,0.0,0.0
9.27;0.0,0.0,-0.4694359302520752;1.0,0.0,0.0,0.0
9.28;0.0,0.0,-0.46962571144104004;1.0,0.0,0.0,0.0
9.29;0.0,0.0,-0.46981316804885864;1.0,0.0,0.0,0.0
9.3;0.0,0.0,-0.46999800205230713;1.0,0.0,0.0,0.0
9.31;0.0,0.0,-0.4701804518699646;1.0,0.0,0.0,0.0
9.32;0.0,0.0,-0.4703604578971863;1.0,0.0,0.0,0.0
9.33;0.0,0.0,-0.4705379009246826;1.0,0.0,0.0,0.0
9.34;0.0,0.0,-0.4707128405570984;1.0,0.0,0.0,0.0
9.35;0.0,0.0,-0.47088533639907837;1.0,0.0,0.0,0.0
9.36;0.0,0.0,-0.47105544805526733;1.0,0.0,0.0,0.0
9.37;0.0,0.0,-0.4712229371070862;1.0,0.0,0.0,0.0
9.38;0.0,0.0,-0.47138792276382446;1.0,0.0,0.0,0.0
9.39;0.0,0.0,-0.4715504050254822;1.0,0.0,0.0,0.0
9.4;0.0,0.0,-0.4717103838920593;1.0,0.0,0.0,0.0
9.41;0.0,0.0,-0.47186774015426636;1.0,0.0,0.0,0.0
9.42;0.0,0.0,-0.4720228910446167;1.0,0.0,0.0,0.0
9.43;0.0,0.0,-0.4721752405166626;1.0,0.0,0.0,0.0
9.44;0.0,0.0,-0.47232502698898315;1.0,0.0,0.0,0.0
9.45;0.0,0.0,-0.47247231006622314;1.0,0.0,0.0,0.0
9.46;0.0,0.0,-0.4726172089576721;1.0,0.0,0.0,0.0
9.47;0.0,0.0,-0.4727593660354614;1.0,0.0,0.0,0.0
9.48;0.0,0.0,-0.47289901971817017;1.0,0.0,0.0,0.0
9.49;0.0,0.0,-0.47303611040115356;1.0,0.0,0.0,0.0
9.5;0.0,0.0,-0.4731706380844116;1.0,0.0,0.0,0.0
9.51;0.0,0.0,-0.47330260276794434;1.0,0.0,0.0,0.0
9.52;0.0,0.0,-0.47343194484710693;1.0,0.0,0.0,0.0
9.53;0.0,0.0,-0.4735586643218994;1.0,0.0,0.0,0.0
9.54;0.0,0.0,-0.47368282079696655;1.0,0.0,0.0,0.0
9.55;0.0,0.0,-0.47380441427230835;1.0,0.0,0.0,0.0
9.56;0.0,0.0,-0.47392338514328003;1.0,0.0,0.0,0.0
9.57;0.0,0.0,-0.4740397334098816;1.0,0.0,0.0,0.0
9.58;0.0,0.0,-0.4741533398628235;1.0,0.0,0.0,0.0
9.59;0.0,0.0,-0.4742644429206848;1.0,0.0,0.0,0.0
9.6;0.0,0.0,-0.4743729829788208;1.0,0.0,0.0,0.0
9.61;0.0,0.0,-0.4744787812232971;1.0,0.0,0.0,0.0
9.62;0.0,0.0,-0.4745820164680481;1.0,0.0,0.0,0.0
9.63;0.0,0.0,-0.4746825098991394;1.0,0.0,0.0,0.0
9.64;0.0,0.0,-0.47478044033050537;1.0,0.0,0.0,0.0
9.65;0.0,0.0,-0.47487568855285645;1.0,0.0,0.0,0.0
9.66;0.0,0.0,-0.47496819496154785;1.0,0.0,0.0,0.0
9.67;0.0,0.0,-0.47505807876586914;1.0,0.0,0.0,0.0
9.68;0.0,0.0,-0.4751453399658203;1.0,0.0,0.0,0.0
9.69;0.0,0.0,-0.4752298593521118;1.0,0.0,0.0,0.0
9.7;0.0,0.0,-0.4753116965293884;1.0,0.0,0.0,0.0
9.71;0.0,0.0,-0.4753909111022949;1.0,0.0,0.0,0.0
9.72;0.0,0.0,-0.475467324256897;1.0,0.0,0.0,0.0
9.73;0.0,0.0,-0.47554105520248413;1.0,0.0,0.0,0.0
9.74;0.0,0.0,-0.47561216354370117;1.0,0.0,0.0,0.0
9.75;0.0,0.0,-0.47568053007125854;1.0,0.0,0.0,0.0
9.76;0.0,0.0,-0.4757460355758667;1.0,0.0,0.0,0.0
9.77;0.0,0.0,-0.4758089780807495;1.0,0.0,0.0,0.0
9.78;0.0,0.0,-0.4758691191673279;1.0,0.0,0.0,0.0
9.79;0.0,0.0,-0.47592657804489136;1.0,0.0,0.0,0.0
9.8;0.0,0.0,-0.4759812355041504;1.0,0.0,0.0,0.0
9.81;0.0,0.0,-0.4760330319404602;1.0,0.0,0.0,0.0
9.82;0.0,0.0,-0.4760822653770447;1.0,0.0,0.0,0.0
9.83;0.0,0.0,-0.4761286973953247;1.0,0.0,0.0,0.0
9.84;0.0,0.0,-0.47617220878601074;1.0,0.0,0.0,0.0
9.85;0.0,0.0,-0.47621309757232666;1.0,0.0,0.0,0.0
9.86;0.0,0.0,-0.47625112533569336;1.0,0.0,0.0,0.0
9.87;0.0,0.0,-0.47628647089004517;1.0,0.0,0.0,0.0
9.88;0.0,0.0,-0.47631895542144775;1.0,0.0,0.0,0.0
9.89;0.0,0.0,-0.4763486981391907;1.0,0.0,0.0,0.0
9.9;0.0,0.0,-0.4763755798339844;1.0,0.0,0.0,0.0
9.91;0.0,0.0,-0.4763997197151184;1.0,0.0,0.0,0.0
9.92;0.0,0.0,-0.47642093896865845;1.0,0.0,0.0,0.0
9.93;0.0,0.0,-0.4764394760131836;1.0,0.0,0.0,0.0
9.94;0.0,0.0,-0.47645503282546997;1.0,0.0,0.0,0.0
9.95;0.0,0.0,-0.4764677882194519;1.0,0.0,0.0,0.0
9.96;0.0,0.0,-0.47647780179977417;1.0,0.0,0.0,0.0
9.97;0.0,0.0,-0.476485013961792;1.0,0.0,0.0,0.0
9.98;0.0,0.0,-0.47648918628692627;1.0,0.0,0.0,0.0
9.99;0.0,0.0,-0.47649067640304565;1.0,0.0,0.0,0.0
