0.0;0.0,0.0,0.0;1.0,0.0,0.0,0.0
0.01;0.0,0.0,-1.430511474609375e-06;1.0,0.0,0.0,0.0
0.02;0.0,0.0,-5.662441253662109e-06;1.0,0.0,0.0,0.0
0.03;0.0,0.0,-1.2755393981933594e-05;1.0,0.0,0.0,0.0
0.04;0.0,0.0,-2.2649765014648438e-05;1.0,0.0,0.0,0.0
0.05;0.0,0.0,-3.540515899658203e-05;1.0,0.0,0.0,0.0
0.06;0.0,0.0,-5.0961971282958984e-05;1.0,0.0,0.0,0.0
0.07;0.0,0.0,-6.93202018737793e-05;1.0,0.0,0.0,0.0
0.08;0.0,0.0,-9.042024612426758e-05;1.0,0.0,0.0,0.0
0.09;0.0,0.0,-0.00011432170867919922;1.0,0.0,0.0,0.0
0.1;0.0,0.0,-0.0001410841941833496;1.0,0.0,0.0,0.0
0.11;0.0,0.0,-0.00017064809799194336;1.0,0.0,0.0,0.0
0.12;0.0,0.0,-0.00020295381546020508;1.0,0.0,0.0,0.0
0.13;0.0,0.0,-0.00023800134658813477;1.0,0.0,0.0,0.0
0.14;0.0,0.0,-0.0002757906913757324;1.0,0.0,0.0,0.0
0.15;0.0,0.0,-0.00031638145446777344;1.0,0.0,0.0,0.0
0.16;0.0,0.0,-0.0003597736358642578;1.0,0.0,0.0,0.0
0.17;0.0,0.0,-0.00040584802627563477;1.0,0.0,0.0,0.0
0.18;0.0,0.0,-0.0004547238349914551;1.0,0.0,0.0,0.0
0.19;0.0,0.0,-0.000506281852722168;1.0,0.0,0.0,0.0
0.2;0.0,0.0,-0.0005606412887573242;1.0,0.0,0.0,0.0
0.21;0.0,0.0,-0.000617682933807373;1.0,0.0,0.0,0.0
0.22;0.0,0.0,-0.0006774663925170898;1.0,0.0,0.0,0.0
0.23;0.0,0.0,-0.0007398724555969238;1.0,0.0,0.0,0.0
0.24;0.0,0.0,-0.0008050799369812012;1.0,0.0,0.0,0.0
0.25;0.0,0.0,-0.0008730292320251465;1.0,0.0,0.0,0.0
0.26;0.0,0.0,-0.0009435415267944336;1.0,0.0,0.0,0.0
0.27;0.0,0.0,-0.0010169148445129395;1.0,0.0,0.0,0.0
0.28;0.0,0.0,-0.0010928511619567871;1.0,0.0,0.0,0.0
0.29;0.0,0.0,-0.0011715292930603027;1.0,0.0,0.0,0.0
0.3;0.0,0.0,-0.001252889633178711;1.0,0.0,0.0,0.0
0.31;0.0,0.0,-0.0013368725776672363;1.0,0.0,0.0,0.0
0.32;0.0,0.0,-0.0014235377311706543;1.0,0.0,0.0,0.0
0.33;0.0,0.0,-0.0015128254890441895;1.0,0.0,0.0,0.0
0.34;0.0,0.0,-0.0016048550605773926;1.0,0.0,0.0,0.0
0.35;0.0,0.0,-0.0016994476318359375;1.0,0.0,0.0,0.0
0.36;0.0,0.0,-0.001796722412109375;1.0,0.0,0.0,0.0
0.37;0.0,0.0,-0.0018966197967529297;1.0,0.0,0.0,0.0
0.38;0.0,0.0,-0.0019991397857666016;1.0,0.0,0.0,0.0
0.39;0.0,0.0,-0.0021044015884399414;1.0,0.0,0.0,0.0
0.4;0.0,0.0,-0.0022121071815490723;1.0,0.0,0.0,0.0
0.41;0.0,0.0,-0.002322554588317871;1.0,0.0,0.0,0.0
0.42;0.0,0.0,-0.0024355649948120117;1.0,0.0,0.0,0.0
0.43;0.0,0.0,-0.002551138401031494;1.0,0.0,0.0,0.0
0.44;0.0,0.0,-0.0026693344116210938;1.0,0.0,0.0,0.0
0.45;0.0,0.0,-0.0027901530265808105;1.0,0.0,0.0,0.0
0.46;0.0,0.0,-0.002913534641265869;1.0,0.0,0.0,0.0
0.47;0.0,0.0,-0.0030394792556762695;1.0,0.0,0.0,0.0
0.48;0.0,0.0,-0.0031679868698120117;1.0,0.0,0.0,0.0
0.49;0.0,0.0,-0.003299117088317871;1.0,0.0,0.0,0.0
0.5;0.0,0.0,-0.003432750701904297;1.0,0.0,0.0,0.0
0.51;0.0,0.0,-0.0035689473152160645;1.0,0.0,0.0,0.0
0.52;0.0,0.0,-0.0037077665328979492;1.0,0.0,0.0,0.0
0.53;0.0,0.0,-0.003849029541015625;1.0,0.0,0.0,0.0
0.54;0.0,0.0,-0.003992915153503418;1.0,0.0,0.0,0.0
0.55;0.0,0.0,-0.004139304161071777;1.0,0.0,0.0,0.0
0.56;0.0,0.0,-0.004288196563720703;1.0,0.0,0.0,0.0
0.57;0.0,0.0,-0.004439651966094971;1.0,0.0,0.0,0.0
0.58;0.0,0.0,-0.004593610763549805;1.0,0.0,0.0,0.0
0.59;0.0,0.0,-0.004750072956085205;1.0,0.0,0.0,0.0
0.6;0.0,0.0,-0.004909038543701172;1.0,0.0,0.0,0.0
0.61;0.0,0.0,-0.005070507526397705;1.0,0.0,0.0,0.0
0.62;0.0,0.0,-0.005234479904174805;1.0,0.0,0.0,0.0
0.63;0.0,0.0,-0.005400896072387695;1.0,0.0,0.0,0.0
0.64;0.0,0.0,-0.005569875240325928;1.0,0.0,0.0,0.0
0.65;0.0,0.0,-0.005741238594055176;1.0,0.0,0.0,0.0
0.66;0.0,0.0,-0.005915164947509766;1.0,0.0,0.0,0.0
0.67;0.0,0.0,-0.0060915350914001465;1.0,0.0,0.0,0.0
0.68;0.0,0.0,-0.006270289421081543;1.0,0.0,0.0,0.0
0.69;0.0,0.0,-0.006451547145843506;1.0,0.0,0.0,0.0
0.7;0.0,0.0,-0.006635308265686035;1.0,0.0,0.0,0.0
0.71;0.0,0.0,-0.00682145357131958;1.0,0.0,0.0,0.0
0.72;0.0,0.0,-0.007010042667388916;1.0,0.0,0.0,0.0
0.73;0.0,0.0,-0.007201075553894043;1.0,0.0,0.0,0.0
0.74;0.0,0.0,-0.0073944926261901855;1.0,0.0,0.0,0.0
0.75;0.0,0.0,-0.0075904130935668945;1.0,0.0,0.0,0.0
0.76;0.0,0.0,-0.007788717746734619;1.0,0.0,0.0,0.0
0.77;0.0,0.0,-0.007989346981048584;1.0,0.0,0.0,0.0
0.78;0.0,0.0,-0.008192479610443115;1.0,0.0,0.0,0.0
0.79;0.0,0.0,-0.008397996425628662;1.0,0.0,0.0,0.0
0.8;0.0,0.0,-0.00860583782196045;1.0,0.0,0.0,0.0
0.81;0.0,0.0,-0.008816123008728027;1.0,0.0,0.0,0.0
0.82;0.0,0.0,-0.009028792381286621;1.0,0.0,0.0,0.0
0.83;0.0,0.0,-0.009243786334991455;1.0,0.0,0.0,0.0
0.84;0.0,0.0,-0.00946122407913208;1.0,0.0,0.0,0.0
0.85;0.0,0.0,-0.00968092679977417;1.0,0.0,0.0,0.0
0.86;0.0,0.0,-0.00990307331085205;1.0,0.0,0.0,0.0
0.87;0.0,0.0,-0.010127544403076172;1.0,0.0,0.0,0.0
0.88;0.0,0.0,-0.010354340076446533;1.0,0.0,0.0,0.0
0.89;0.0,0.0,-0.01058351993560791;1.0,0.0,0.0,0.0
0.9;0.0,0.0,-0.010814964771270752;1.0,0.0,0.0,0.0
0.91;0.0,0.0,-0.01104879379272461;1.0,0.0,0.0,0.0
0.92;0.0,0.0,-0.011284947395324707;1.0,0.0,0.0,0.0
0.93;0.0,0.0,-0.011523425579071045;1.0,0.0,0.0,0.0
0.94;0.0,0.0,-0.011764168739318848;1.0,0.0,0.0,0.0
0.95;0.0,0.0,-0.01200723648071289;1.0,0.0,0.0,0.0
0.96;0.0,0.0,-0.012252628803253174;1.0,0.0,0.0,0.0
0.97;0.0,0.0,-0.012500345706939697;1.0,0.0,0.0,0.0
0.98;0.0,0.0,-0.01275026798248291;1.0,0.0,0.0,0.0
0.99;0.0,0.0,-0.013002514839172363;1.0,0.0,0.0,0.0
1.0;0.0,0.0,-0.013257026672363281;1.0,0.0,0.0,0.0
1.01;0.0,0.0,-0.01351386308670044;1.0,0.0,0.0,0.0
1.02;0.0,0.0,-0.013772964477539062;1.0,0.0,0.0,0.0
1.03;0.0,0.0,-0.0140342116355896;1.0,0.0,0.0,0.0
1.04;0.0,0.0,-0.014297783374786377;1.0,0.0,0.0,0.0
1.05;0.0,0.0,-0.01456362009048462;1.0,0.0,0.0,0.0
1.06;0.0,0.0,-0.014831721782684326;1.0,0.0,0.0,0.0
1.07;0.0,0.0,-0.015102028846740723;1.0,0.0,0.0,0.0
1.08;0.0,0.0,-0.015374600887298584;1.0,0.0,0.0,0.0
1.09;0.0,0.0,-0.01564931869506836;1.0,0.0,0.0,0.0
1.1;0.0,0.0,-0.015926361083984375;1.0,0.0,0.0,0.0
1.11;0.0,0.0,-0.016205549240112305;1.0,0.0,0.0,0.0
1.12;0.0,0.0,-0.016486942768096924;1.0,0.0,0.0,0.0
1.13;0.0,0.0,-0.016770541667938232;1.0,0.0,0.0,0.0
1.14;0.0,0.0,-0.017056405544281006;1.0,0.0,0.0,0.0
1.15;0.0,0.0,-0.017344415187835693;1.0,0.0,0.0,0.0
1.16;0.0,0.0,-0.01763463020324707;1.0,0.0,0.0,0.0
1.17;0.0,0.0,-0.01792699098587036;1.0,0.0,0.0,0.0
1.18;0.0,0.0,-0.018221497535705566;1.0,0.0,0.0,0.0
1.19;0.0,0.0,-0.01851820945739746;1.0,0.0,0.0,0.0
1.2;0.0,0.0,-0.018817126750946045;1.0,0.0,0.0,0.0
1.21;0.0,0.0,-0.019118189811706543;1.0,0.0,0.0,0.0
1.22;0.0,0.0,-0.019421398639678955;1.0,0.0,0.0,0.0
1.23;0.0,0.0,-0.01972675323486328;1.0,0.0,0.0,0.0
1.24;0.0,0.0,-0.020034193992614746;1.0,0.0,0.0,0.0
1.25;0.0,0.0,-0.020343899726867676;1.0,0.0,0.0,0.0
1.26;0.0,0.0,-0.020655572414398193;1.0,0.0,0.0,0.0
1.27;0.0,0.0,-0.020969510078430176;1.0,0.0,0.0,0.0
1.28;0.0,0.0,-0.02128547430038452;1.0,0.0,0.0,0.0
1.29;0.0,0.0,-0.02160358428955078;1.0,0.0,0.0,0.0
1.3;0.0,0.0,-0.02192378044128418;1.0,0.0,0.0,0.0
1.31;0.0,0.0,-0.022246181964874268;1.0,0.0,0.0,0.0
1.32;0.0,0.0,-0.022570490837097168;1.0,0.0,0.0,0.0
1.33;0.0,0.0,-0.022897064685821533;1.0,0.0,0.0,0.0
1.34;0.0,0.0,-0.023225605487823486;1.0,0.0,0.0,0.0
1.35;0.0,0.0,-0.023556292057037354;1.0,0.0,0.0,0.0
1.36;0.0,0.0,-0.023889005184173584;1.0,0.0,0.0,0.0
1.37;0.0,0.0,-0.024223804473876953;1.0,0.0,0.0,0.0
1.38;0.0,0.0,-0.02456068992614746;1.0,0.0,0.0,0.0
1.39;0.0,0.0,-0.024899661540985107;1.0,0.0,0.0,0.0
1.4;0.0,0.0,-0.025240659713745117;1.0,0.0,0.0,0.0
1.41;0.0,0.0,-0.02558368444442749;1.0,0.0,0.0,0.0
1.42;0.0,0.0,-0.02592867612838745;1.0,0.0,0.0,0.0
1.43;0.0,0.0,-0.026275813579559326;1.0,0.0,0.0,0.0
1.44;0.0,0.0,-0.02662491798400879;1.0,0.0,0.0,0.0
1.45;0.0,0.0,-0.02697610855102539;1.0,0.0,0.0,0.0
1.46;0.0,0.0,-0.02732926607131958;1.0,0.0,0.0,0.0
1.47;0.0,0.0,-0.027684450149536133;1.0,0.0,0.0,0.0
1.48;0.0,0.0,-0.028041601181030273;1.0,0.0,0.0,0.0
1.49;0.0,0.0,-0.028400778770446777;1.0,0.0,0.0,0.0
1.5;0.0,0.0,-0.02876192331314087;1.0,0.0,0.0,0.0
1.51;0.0,0.0,-0.029125094413757324;1.0,0.0,0.0,0.0
1.52;0.0,0.0,-0.029490172863006592;1.0,0.0,0.0,0.0
1.53;0.0,0.0,-0.029857337474822998;1.0,0.0,0.0,0.0
1.54;0.0,0.0,-0.030226469039916992;1.0,0.0,0.0,0.0
1.55;0.0,0.0,-0.0305975079536438;1.0,0.0,0.0,0.0
1.56;0.0,0.0,-0.030970454216003418;1.0,0.0,0.0,0.0
1.57;0.0,0.0,-0.0313454270362854;1.0,0.0,0.0,0.0
1.58;0.0,0.0,-0.03172236680984497;1.0,0.0,0.0,0.0
1.59;0.0,0.0,-0.032101213932037354;1.0,0.0,0.0,0.0
1.6;0.0,0.0,-0.032482028007507324;1.0,0.0,0.0,0.0
1.61;0.0,0.0,-0.03286468982696533;1.0,0.0,0.0,0.0
1.62;0.0,0.0,-0.0332493782043457;1.0,0.0,0.0,0.0
1.63;0.0,0.0,-0.03363591432571411;1.0,0.0,0.0,0.0
1.64;0.0,0.0,-0.03402447700500488;1.0,0.0,0.0,0.0
1.65;0.0,0.0,-0.034414827823638916;1.0,0.0,0.0,0.0
1.66;0.0,0.0,-0.03480714559555054;1.0,0.0,0.0,0.0
1.67;0.0,0.0,-0.035201311111450195;1.0,0.0,0.0,0.0
1.68;0.0,0.0,-0.03559732437133789;1.0,0.0,0.0,0.0
1.69;0.0,0.0,-0.03599536418914795;1.0,0.0,0.0,0.0
1.7;0.0,0.0,-0.03639519214630127;1.0,0.0,0.0,0.0
1.71;0.0,0.0,-0.0367969274520874;1.0,0.0,0.0,0.0
1.72;0.0,0.0,-0.03720051050186157;1.0,0.0,0.0,0.0
1.73;0.0,0.0,-0.03760594129562378;1.0,0.0,0.0,0.0
1.74;0.0,0.0,-0.0380132794380188;1.0,0.0,0.0,0.0
1.75;0.0,0.0,-0.03842240571975708;1.0,0.0,0.0,0.0
1.76;0.0,0.0,-0.0388333797454834;1.0,0.0,0.0,0.0
1.77;0.0,0.0,-0.03924626111984253;1.0,0.0,0.0,0.0
1.78;0.0,0.0,-0.03966093063354492;1.0,0.0,0.0,0.0
1.79;0.0,0.0,-0.04007744789123535;1.0,0.0,0.0,0.0
1.8;0.0,0.0,-0.04049575328826904;1.0,0.0,0.0,0.0
1.81;0.0,0.0,-0.04091590642929077;1.0,0.0,0.0,0.0
1.82;0.0,0.0,-0.04133784770965576;1.0,0.0,0.0,0.0
1.83;0.0,0.0,-0.04176163673400879;1.0,0.0,0.0,0.0
1.84;0.0,0.0,-0.0421871542930603;1.0,0.0,0.0,0.0
1.85;0.0,0.0,-0.042614519596099854;1.0,0.0,0.0,0.0
1.86;0.0,0.0,-0.04304373264312744;1.0,0.0,0.0,0.0
1.87;0.0,0.0,-0.043474674224853516;1.0,0.0,0.0,0.0
1.88;0.0,0.0,-0.04390740394592285;1.0,0.0,0.0,0.0
1.89;0.0,0.0,-0.0443418025970459;1.0,0.0,0.0,0.0
1.9;0.0,0.0,-0.04477810859680176;1.0,0.0,0.0,0.0
1.91;0.0,0.0,-0.04521608352661133;1.0,0.0,0.0,0.0
1.92;0.0,0.0,-0.04565584659576416;1.0,0.0,0.0,0.0
1.93;0.0,0.0,-0.046097397804260254;1.0,0.0,0.0,0.0
1.94;0.0,0.0,-0.04654061794281006;1.0,0.0,0.0,0.0
1.95;0.0,0.0,-0.04698556661605835;1.0,0.0,0.0,0.0
1.96;0.0,0.0,-0.04743236303329468;1.0,0.0,0.0,0.0
1.97;0.0,0.0,-0.04788082838058472;1.0,0.0,0.0,0.0
1.98;0.0,0.0,-0.04833090305328369;1.0,0.0,0.0,0.0
1.99;0.0,0.0,-0.04878288507461548;1.0,0.0,0.0,0.0
2.0;0.0,0.0,-0.049236416816711426;1.0,0.0,0.0,0.0
2.01;0.0,0.0,-0.049691736698150635;1.0,0.0,0.0,0.0
2.02;0.0,0.0,-0.050148725509643555;1.0,0.0,0.0,0.0
2.03;0.0,0.0,-0.05060744285583496;1.0,0.0,0.0,0.0
2.04;0.0,0.0,-0.0510677695274353;1.0,0.0,0.0,0.0
2.05;0.0,0.0,-0.05152982473373413;1.0,0.0,0.0,0.0
2.06;0.0,0.0,-0.05199354887008667;1.0,0.0,0.0,0.0
2.07;0.0,0.0,-0.05245894193649292;1.0,0.0,0.0,0.0
2.08;0.0,0.0,-0.05292600393295288;1.0,0.0,0.0,0.0
2.09;0.0,0.0,-0.05339473485946655;1.0,0.0,0.0,0.0
2.1;0.0,0.0,-0.053865134716033936;1.0,0.0,0.0,0.0
2.11;0.0,0.0,-0.054337143898010254;1.0,0.0,0.0,0.0
2.12;0.0,0.0,-0.05481076240539551;1.0,0.0,0.0,0.0
2.13;0.0,0.0,-0.05528610944747925;1.0,0.0,0.0,0.0
2.14;0.0,0.0,-0.05576300621032715;1.0,0.0,0.0,0.0
2.15;0.0,0.0,-0.05624157190322876;1.0,0.0,0.0,0.0
2.16;0.0,0.0,-0.05672174692153931;1.0,0.0,0.0,0.0
2.17;0.0,0.0,-0.05720353126525879;1.0,0.0,0.0,0.0
2.18;0.0,0.0,-0.05768692493438721;1.0,0.0,0.0,0.0
2.19;0.0,0.0,-0.058171868324279785;1.0,0.0,0.0,0.0
2.2;0.0,0.0,-0.058658480644226074;1.0,0.0,0.0,0.0
2.21;0.0,0.0,-0.05914664268493652;1.0,0.0,0.0,0.0
2.22;0.0,0.0,-0.05963635444641113;1.0,0.0,0.0,0.0
2.23;0.0,0.0,-0.06012767553329468;1.0,0.0,0.0,0.0
2.24;0.0,0.0,-0.06062060594558716;1.0,0.0,0.0,0.0
2.25;0.0,0.0,-0.0611150860786438;1.0,0.0,0.0,0.0
2.26;0.0,0.0,-0.0616111159324646;1.0,0.0,0.0,0.0
2.27;0.0,0.0,-0.06210869550704956;1.0,0.0,0.0,0.0
2.28;0.0,0.0,-0.06260788440704346;1.0,0.0,0.0,0.0
2.29;0.0,0.0,-0.06310856342315674;1.0,0.0,0.0,0.0
2.3;0.0,0.0,-0.06361079216003418;1.0,0.0,0.0,0.0
2.31;0.0,0.0,-0.064114511013031;1.0,0.0,0.0,0.0
2.32;0.0,0.0,-0.06461977958679199;1.0,0.0,0.0,0.0
2.33;0.0,0.0,-0.06512659788131714;1.0,0.0,0.0,0.0
2.34;0.0,0.0,-0.06563490629196167;1.0,0.0,0.0,0.0
2.35;0.0,0.0,-0.06614476442337036;1.0,0.0,0.0,0.0
2.36;0.0,0.0,-0.06665611267089844;1.0,0.0,0.0,0.0
2.37;0.0,0.0,-0.0671689510345459;1.0,0.0,0.0,0.0
2.38;0.0,0.0,-0.06768327951431274;1.0,0.0,0.0,0.0
2.39;0.0,0.0,-0.06819909811019897;1.0,0.0,0.0,0.0
2.4;0.0,0.0,-0.06871634721755981;1.0,0.0,0.0,0.0
2.41;0.0,0.0,-0.06923514604568481;1.0,0.0,0.0,0.0
2.42;0.0,0.0,-0.06975537538528442;1.0,0.0,0.0,0.0
2.43;0.0,0.0,-0.07027709484100342;1.0,0.0,0.0,0.0
2.44;0.0,0.0,-0.07080024480819702;1.0,0.0,0.0,0.0
2.45;0.0,0.0,-0.07132488489151001;1.0,0.0,0.0,0.0
2.46;0.0,0.0,-0.07185095548629761;1.0,0.0,0.0,0.0
2.47;0.0,0.0,-0.07237845659255981;1.0,0.0,0.0,0.0
2.48;0.0,0.0,-0.07290738821029663;1.0,0.0,0.0,0.0
2.49;0.0,0.0,-0.07343775033950806;1.0,0.0,0.0,0.0
2.5;0.0,0.0,-0.07396954298019409;1.0,0.0,0.0,0.0
2.51;0.0,0.0,-0.07450276613235474;1.0,0.0,0.0,0.0
2.52;0.0,0.0,-0.07503741979598999;1.0,0.0,0.0,0.0
2.53;0.0,0.0,-0.07557344436645508;1.0,0.0,0.0,0.0
2.54;0.0,0.0,-0.07611089944839478;1.0,0.0,0.0,0.0
2.55;0.0,0.0,-0.0766497254371643;1.0,0.0,0.0,0.0
2.56;0.0,0.0,-0.07718992233276367;1.0,0.0,0.0,0.0
2.57;0.0,0.0,-0.07773154973983765;1.0,0.0,0.0,0.0
2.58;0.0,0.0,-0.07827460765838623;1.0,0.0,0.0,0.0
2.59;0.0,0.0,-0.0788189172744751;1.0,0.0,0.0,0.0
2.6;0.0,0.0,-0.07936471700668335;1.0,0.0,0.0,0.0
2.61;0.0,0.0,-0.07991176843643188;1.0,0.0,0.0,0.0
2.62;0.0,0.0,-0.08046019077301025;1.0,0.0,0.0,0.0
2.63;0.0,0.0,-0.08101004362106323;1.0,0.0,0.0,0.0
2.64;0.0,0.0,-0.08156120777130127;1.0,0.0,0.0,0.0
2.65;0.0,0.0,-0.08211368322372437;1.0,0.0,0.0,0.0
2.66;0.0,0.0,-0.0826675295829773;1.0,0.0,0.0,0.0
2.67;0.0,0.0,-0.08322262763977051;1.0,0.0,0.0,0.0
2.68;0.0,0.0,-0.08377909660339355;1.0,0.0,0.0,0.0
2.69;0.0,0.0,-0.08433687686920166;1.0,0.0,0.0,0.0
2.7;0.0,0.0,-0.08489596843719482;1.0,0.0,0.0,0.0
2.71;0.0,0.0,-0.08545643091201782;1.0,0.0,0.0,0.0
2.72;0.0,0.0,-0.08601808547973633;1.0,0.0,0.0,0.0
2.73;0.0,0.0,-0.08658111095428467;1.0,0.0,0.0,0.0
2.74;0.0,0.0,-0.08714538812637329;1.0,0.0,0.0,0.0
2.75;0.0,0.0,-0.08771097660064697;1.0,0.0,0.0,0.0
2.76;0.0,0.0,-0.08827787637710571;1.0,0.0,0.0,0.0
2.77;0.0,0.0,-0.08884596824645996;1.0,0.0,0.0,0.0
2.78;0.0,0.0,-0.08941531181335449;1.0,0.0,0.0,0.0
2.79;0.0,0.0,-0.08998596668243408;1.0,0.0,0.0,0.0
2.8;0.0,0.0,-0.09055787324905396;1.0,0.0,0.0,0.0
2.81;0.0,0.0,-0.09113103151321411;1.0,0.0,0.0,0.0
2.82;0.0,0.0,-0.09170538187026978;1.0,0.0,0.0,0.0
2.83;0.0,0.0,-0.09228098392486572;1.0,0.0,0.0,0.0
2.84;0.0,0.0,-0.09285789728164673;1.0,0.0,0.0,0.0
2.85;0.0,0.0,-0.09343594312667847;1.0,0.0,0.0,0.0
2.86;0.0,0.0,-0.09401524066925049;1.0,0.0,0.0,0.0
2.87;0.0,0.0,-0.09459578990936279;1.0,0.0,0.0,0.0
2.88;0.0,0.0,-0.0951775312423706;1.0,0.0,0.0,0.0
2.89;0.0,0.0,-0.09576046466827393;1.0,0.0,0.0,0.0
2.9;0.0,0.0,-0.09634459018707275;1.0,0.0,0.0,0.0
2.91;0.0,0.0,-0.09692990779876709;1.0,0.0,0.0,0.0
2.92;0.0,0.0,-0.09751635789871216;1.0,0.0,0.0,0.0
2.93;0.0,0.0,-0.09810405969619751;1.0,0.0,0.0,0.0
2.94;0.0,0.0,-0.0986928939819336;1.0,0.0,0.0,0.0
2.95;0.0,0.0,-0.09928292036056519;1.0,0.0,0.0,0.0
2.96;0.0,0.0,-0.09987413883209229;1.0,0.0,0.0,0.0
2.97;0.0,0.0,-0.10046648979187012;1.0,0.0,0.0,0.0
2.98;0.0,0.0,-0.10105997323989868;1.0,0.0,0.0,0.0
2.99;0.0,0.0,-0.10165464878082275;1.0,0.0,0.0,0.0
3.0;0.0,0.0,-0.10225039720535278;1.0,0.0,0.0,0.0
3.01;0.0,0.0,-0.1028473973274231;1.0,0.0,0.0,0.0
3.02;0.0,0.0,-0.10344535112380981;1.0,0.0,0.0,0.0
3.03;0.0,0.0,-0.10404449701309204;1.0,0.0,0.0,0.0
3.04;0.0,0.0,-0.10464483499526978;1.0,0.0,0.0,0.0
3.05;0.0,0.0,-0.10524624586105347;1.0,0.0,0.0,0.0
3.06;0.0,0.0,-0.10584878921508789;1.0,0.0,0.0,0.0
3.07;0.0,0.0,-0.10645240545272827;1.0,0.0,0.0,0.0
3.08;0.0,0.0,-0.10705703496932983;1.0,0.0,0.0,0.0
3.09;0.0,0.0,-0.1076628565788269;1.0,0.0,0.0,0.0
3.1;0.0,0.0,-0.10826975107192993;1.0,0.0,0.0,0.0
3.11;0.0,0.0,-0.10887771844863892;1.0,0.0,0.0,0.0
3.12;0.0,0.0,-0.10948675870895386;1.0,0.0,0.0,0.0
3.13;0.0,0.0,-0.11009681224822998;1.0,0.0,0.0,0.0
3.14;0.0,0.0,-0.11070793867111206;1.0,0.0,0.0,0.0
3.15;0.0,0.0,-0.11132019758224487;1.0,0.0,0.0,0.0
3.16;0.0,0.0,-0.11193346977233887;1.0,0.0,0.0,0.0
3.17;0.0,0.0,-0.11254775524139404;1.0,0.0,0.0,0.0
3.18;0.0,0.0,-0.1131630539894104;1.0,0.0,0.0,0.0
3.19;0.0,0.0,-0.11377948522567749;1.0,0.0,0.0,0.0
3.2;0.0,0.0,-0.11439687013626099;1.0,0.0,0.0,0.0
3.21;0.0,0.0,-0.11501526832580566;1.0,0.0,0.0,0.0
3.22;0.0,0.0,-0.1156347393989563;1.0,0.0,0.0,0.0
3.23;0.0,0.0,-0.11625516414642334;1.0,0.0,0.0,0.0
3.24;0.0,0.0,-0.11687660217285156;1.0,0.0,0.0,0.0
3.25;0.0,0.0,-0.11749905347824097;1.0,0.0,0.0,0.0
3.26;0.0,0.0,-0.11812251806259155;1.0,0.0,0.0,0.0
3.27;0.0,0.0,-0.11874693632125854;1.0,0.0,0.0,0.0
3.28;0.0,0.0,-0.11937230825424194;1.0,0.0,0.0,0.0
3.29;0.0,0.0,-0.1199987530708313;1.0,0.0,0.0,0.0
3.3;0.0,0.0,-0.12062603235244751;1.0,0.0,0.0,0.0
3.31;0.0,0.0,-0.12125438451766968;1.0,0.0,0.0,0.0
3.32;0.0,0.0,-0.12188369035720825;1.0,0.0,0.0,0.0
3.33;0.0,0.0,-0.12251389026641846;1.0,0.0,0.0,0.0
3.34;0.0,0.0,-0.12314504384994507;1.0,0.0,0.0,0.0
3.35;0.0,0.0,-0.12377721071243286;1.0,0.0,0.0,0.0
3.36;0.0,0.0,-0.12441021203994751;1.0,0.0,0.0,0.0
3.37;0.0,0.0,-0.12504422664642334;1.0,0.0,0.0,0.0
3.38;0.0,0.0,-0.1256791353225708;1.0,0.0,0.0,0.0
3.39;0.0,0.0,-0.1263149380683899;1.0,0.0,0.0,0.0
3.4;0.0,0.0,-0.1269516944885254;1.0,0.0,0.0,0.0
3.41;0.0,0.0,-0.12758928537368774;1.0,0.0,0.0,0.0
3.42;0.0,0.0,-0.1282278299331665;1.0,0.0,0.0,0.0
3.43;0.0,0.0,-0.12886732816696167;1.0,0.0,0.0,0.0
3.44;0.0,0.0,-0.12950760126113892;1.0,0.0,0.0,0.0
3.45;0.0,0.0,-0.13014882802963257;1.0,0.0,0.0,0.0
3.46;0.0,0.0,-0.13079094886779785;1.0,0.0,0.0,0.0
3.47;0.0,0.0,-0.13143390417099;1.0,0.0,0.0,0.0
3.48;0.0,0.0,-0.13207775354385376;1.0,0.0,0.0,0.0
3.49;0.0,0.0,-0.13272243738174438;1.0,0.0,0.0,0.0
3.5;0.0,0.0,-0.13336798548698425;1.0,0.0,0.0,0.0
3.51;0.0,0.0,-0.13401439785957336;1.0,0.0,0.0,0.0
3.52;0.0,0.0,-0.13466164469718933;1.0,0.0,0.0,0.0
3.53;0.0,0.0,-0.13530969619750977;1.0,0.0,0.0,0.0
3.54;0.0,0.0,-0.13595864176750183;1.0,0.0,0.0,0.0
3.55;0.0,0.0,-0.13660842180252075;1.0,0.0,0.0,0.0
3.56;0.0,0.0,-0.13725894689559937;1.0,0.0,0.0,0.0
3.57;0.0,0.0,-0.13791033625602722;1.0,0.0,0.0,0.0
3.58;0.0,0.0,-0.13856253027915955;1.0,0.0,0.0,0.0
3.59;0.0,0.0,-0.13921555876731873;1.0,0.0,0.0,0.0
3.6;0.0,0.0,-0.13986936211585999;1.0,0.0,0.0,0.0
3.61;0.0,0.0,-0.14052394032478333;1.0,0.0,0.0,0.0
3.62;0.0,0.0,-0.14117929339408875;1.0,0.0,0.0,0.0
3.63;0.0,0.0,-0.1418355107307434;1.0,0.0,0.0,0.0
3.64;0.0,0.0,-0.14249244332313538;1.0,0.0,0.0,0.0
3.65;0.0,0.0,-0.14315012097358704;1.0,0.0,0.0,0.0
3.66;0.0,0.0,-0.14380863308906555;1.0,0.0,0.0,0.0
3.67;0.0,0.0,-0.14446783065795898;1.0,0.0,0.0,0.0
3.68;0.0,0.0,-0.14512783288955688;1.0,0.0,0.0,0.0
3.69;0.0,0.0,-0.14578858017921448;1.0,0.0,0.0,0.0
3.7;0.0,0.0,-0.14645007252693176;1.0,0.0,0.0,0.0
3.71;0.0,0.0,-0.14711225032806396;1.0,0.0,0.0,0.0
3.72;0.0,0.0,-0.14777520298957825;1.0,0.0,0.0,0.0
3.73;0.0,0.0,-0.14843887090682983;1.0,0.0,0.0,0.0
3.74;0.0,0.0,-0.1491032838821411;1.0,0.0,0.0,0.0
3.75;0.0,0.0,-0.1497683823108673;1.0,0.0,0.0,0.0
3.76;0.0,0.0,-0.1504341959953308;1.0,0.0,0.0,0.0
3.77;0.0,0.0,-0.15110072493553162;1.0,0.0,0.0,0.0
3.78;0.0,0.0,-0.15176790952682495;1.0,0.0,0.0,0.0
3.79;0.0,0.0,-0.15243583917617798;1.0,0.0,0.0,0.0
3.8;0.0,0.0,-0.15310445427894592;1.0,0.0,0.0,0.0
3.81;0.0,0.0,-0.1537737250328064;1.0,0.0,0.0,0.0
3.82;0.0,0.0,-0.154443621635437;1.0,0.0,0.0,0.0
3.83;0.0,0.0,-0.15511423349380493;1.0,0.0,0.0,0.0
3.84;0.0,0.0,-0.15578550100326538;1.0,0.0,0.0,0.0
3.85;0.0,0.0,-0.15645745396614075;1.0,0.0,0.0,0.0
3.86;0.0,0.0,-0.15713006258010864;1.0,0.0,0.0,0.0
3.87;0.0,0.0,-0.1578032672405243;1.0,0.0,0.0,0.0
3.88;0.0,0.0,-0.15847712755203247;1.0,0.0,0.0,0.0
3.89;0.0,0.0,-0.1591516137123108;1.0,0.0,0.0,0.0
3.9;0.0,0.0,-0.15982672572135925;1.0,0.0,0.0,0.0
3.91;0.0,0.0,-0.16050249338150024;1.0,0.0,0.0,0.0
3.92;0.0,0.0,-0.1611788272857666;1.0,0.0,0.0,0.0
3.93;0.0,0.0,-0.16185584664344788;1.0,0.0,0.0,0.0
3.94;0.0,0.0,-0.16253343224525452;1.0,0.0,0.0,0.0
3.95;0.0,0.0,-0.1632116436958313;1.0,0.0,0.0,0.0
3.96;0.0,0.0,-0.16389039158821106;1.0,0.0,0.0,0.0
3.97;0.0,0.0,-0.16456979513168335;1.0,0.0,0.0,0.0
3.98;0.0,0.0,-0.16524970531463623;1.0,0.0,0.0,0.0
3.99;0.0,0.0,-0.16593024134635925;1.0,0.0,0.0,0.0
4.0;0.0,0.0,-0.16661134362220764;1.0,0.0,0.0,0.0
4.01;0.0,0.0,-0.1672930121421814;1.0,0.0,0.0,0.0
4.02;0.0,0.0,-0.16797524690628052;1.0,0.0,0.0,0.0
4.03;0.0,0.0,-0.16865798830986023;1.0,0.0,0.0,0.0
4.04;0.0,0.0,-0.16934135556221008;1.0,0.0,0.0,0.0
4.05;0.0,0.0,-0.17002522945404053;1.0,0.0,0.0,0.0
4.06;0.0,0.0,-0.17070963978767395;1.0,0.0,0.0,0.0
4.07;0.0,0.0,-0.17139458656311035;1.0,0.0,0.0,0.0
4.08;0.0,0.0,-0.17208006978034973;1.0,0.0,0.0,0.0
4.09;0.0,0.0,-0.17276602983474731;1.0,0.0,0.0,0.0
4.1;0.0,0.0,-0.17345255613327026;1.0,0.0,0.0,0.0
4.11;0.0,0.0,-0.17413955926895142;1.0,0.0,0.0,0.0
4.12;0.0,0.0,-0.17482703924179077;1.0,0.0,0.0,0.0
4.13;0.0,0.0,-0.17551511526107788;1.0,0.0,0.0,0.0
4.14;0.0,0.0,-0.17620360851287842;1.0,0.0,0.0,0.0
4.15;0.0,0.0,-0.17689257860183716;1.0,0.0,0.0,0.0
4.16;0.0,0.0,-0.1775820553302765;1.0,0.0,0.0,0.0
4.17;0.0,0.0,-0.17827200889587402;1.0,0.0,0.0,0.0
4.18;0.0,0.0,-0.17896243929862976;1.0,0.0,0.0,0.0
4.19;0.0,0.0,-0.17965328693389893;1.0,0.0,0.0,0.0
4.2;0.0,0.0,-0.18034464120864868;1.0,0.0,0.0,0.0
4.21;0.0,0.0,-0.18103644251823425;1.0,0.0,0.0,0.0
4.22;0.0,0.0,-0.18172866106033325;1.0,0.0,0.0,0.0
4.23;0.0,0.0,-0.18242135643959045;1.0,0.0,0.0,0.0
4.24;0.0,0.0,-0.18311446905136108;1.0,0.0,0.0,0.0
4.25;0.0,0.0,-0.18380802869796753;1.0,0.0,0.0,0.0
4.26;0.0,0.0,-0.1845020055770874;1.0,0.0,0.0,0.0
4.27;0.0,0.0,-0.18519636988639832;1.0,0.0,0.0,0.0
4.28;0.0,0.0,-0.18589115142822266;1.0,0.0,0.0,0.0
4.29;0.0,0.0,-0.1865863800048828;1.0,0.0,0.0,0.0
4.3;0.0,0.0,-0.18728196620941162;1.0,0.0,0.0,0.0
4.31;0.0,0.0,-0.18797796964645386;1.0,0.0,0.0,0.0
4.32;0.0,0.0,-0.18867436051368713;1.0,0.0,0.0,0.0
4.33;0.0,0.0,-0.18937116861343384;1.0,0.0,0.0,0.0
4.34;0.0,0.0,-0.1900683045387268;1.0,0.0,0.0,0.0
4.35;0.0,0.0,-0.19076579809188843;1.0,0.0,0.0,0.0
4.36;0.0,0.0,-0.19146370887756348;1.0,0.0,0.0,0.0
4.37;0.0,0.0,-0.1921619474887848;1.0,0.0,0.0,0.0
4.38;0.0,0.0,-0.19286054372787476;1.0,0.0,0.0,0.0
4.39;0.0,0.0,-0.19355952739715576;1.0,0.0,0.0,0.0
4.4;0.0,0.0,-0.19425880908966064;1.0,0.0,0.0,0.0
4.41;0.0,0.0,-0.19495844841003418;1.0,0.0,0.0,0.0
4.42;0.0,0.0,-0.19565844535827637;1.0,0.0,0.0,0.0
4.43;0.0,0.0,-0.19635874032974243;1.0,0.0,0.0,0.0
4.44;0.0,0.0,-0.19705933332443237;1.0,0.0,0.0,0.0
4.45;0.0,0.0,-0.19776031374931335;1.0,0.0,0.0,0.0
4.46;0.0,0.0,-0.19846153259277344;1.0,0.0,0.0,0.0
4.47;0.0,0.0,-0.19916307926177979;1.0,0.0,0.0,0.0
4.48;0.0,0.0,-0.1998649537563324;1.0,0.0,0.0,0.0
4.49;0.0,0.0,-0.2005670666694641;1.0,0.0,0.0,0.0
4.5;0.0,0.0,-0.20126953721046448;1.0,0.0,0.0,0.0
4.51;0.0,0.0,-0.20197224617004395;1.0,0.0,0.0,0.0
4.52;0.0,0.0,-0.2026752233505249;1.0,0.0,0.0,0.0
4.53;0.0,0.0,-0.20337849855422974;1.0,0.0,0.0,0.0
4.54;0.0,0.0,-0.20408198237419128;1.0,0.0,0.0,0.0
4.55;0.0,0.0,-0.2047857940196991;1.0,0.0,0.0,0.0
4.56;0.0,0.0,-0.20548981428146362;1.0,0.0,0.0,0.0
4.57;0.0,0.0,-0.20619407296180725;1.0,0.0,0.0,0.0
4.58;0.0,0.0,-0.20689859986305237;1.0,0.0,0.0,0.0
4.59;0.0,0.0,-0.2076033651828766;1.0,0.0,0.0,0.0
4.6;0.0,0.0,-0.20830833911895752;1.0,0.0,0.0,0.0
4.61;0.0,0.0,-0.20901358127593994;1.0,0.0,0.0,0.0
4.62;0.0,0.0,-0.2097190022468567;1.0,0.0,0.0,0.0
4.63;0.0,0.0,-0.21042463183403015;1.0,0.0,0.0,0.0
4.64;0.0,0.0,-0.21113049983978271;1.0,0.0,0.0,0.0
4.65;0.0,0.0,-0.2118365466594696;1.0,0.0,0.0,0.0
4.66;0.0,0.0,-0.2125428318977356;1.0,0.0,0.0,0.0
4.67;0.0,0.0,-0.21324923634529114;1.0,0.0,0.0,0.0
4.68;0.0,0.0,-0.21395587921142578;1.0,0.0,0.0,0.0
4.69;0.0,0.0,-0.21466267108917236;1.0,0.0,0.0,0.0
4.7;0.0,0.0,-0.21536967158317566;1.0,0.0,0.0,0.0
4.71;0.0,0.0,-0.2160768210887909;1.0,0.0,0.0,0.0
4.72;0.0,0.0,-0.21678411960601807;1.0,0.0,0.0,0.0
4.73;0.0,0.0,-0.21749159693717957;1.0,0.0,0.0,0.0
4.74;0.0,0.0,-0.21819919347763062;1.0,0.0,0.0,0.0
4.75;0.0,0.0,-0.21890699863433838;1.0,0.0,0.0,0.0
4.76;0.0,0.0,-0.21961486339569092;1.0,0.0,0.0,0.0
4.77;0.0,0.0,-0.22032290697097778;1.0,0.0,0.0,0.0
4.78;0.0,0.0,-0.2210310697555542;1.0,0.0,0.0,0.0
4.79;0.0,0.0,-0.22173938155174255;1.0,0.0,0.0,0.0
4.8;0.0,0.0,-0.22244778275489807;1.0,0.0,0.0,0.0
4.81;0.0,0.0,-0.22315627336502075;1.0,0.0,0.0,0.0
4.82;0.0,0.0,-0.22386488318443298;1.0,0.0,0.0,0.0
4.83;0.0,0.0,-0.22457361221313477;1.0,0.0,0.0,0.0
4.84;0.0,0.0,-0.2252824306488037;1.0,0.0,0.0,0.0
4.85;0.0,0.0,-0.22599133849143982;1.0,0.0,0.0,0.0
4.86;0.0,0.0,-0.2267003059387207;1.0,0.0,0.0,0.0
4.87;0.0,0.0,-0.22740936279296875;1.0,0.0,0.0,0.0
4.88;0.0,0.0,-0.22811847925186157;1.0,0.0,0.0,0.0
4.89;0.0,0.0,-0.22882768511772156;1.0,0.0,0.0,0.0
4.9;0.0,0.0,-0.22953695058822632;1.0,0.0,0.0,0.0
4.91;0.0,0.0,-0.23024624586105347;1.0,0.0,0.0,0.0
4.92;0.0,0.0,-0.2309556007385254;1.0,0.0,0.0,0.0
4.93;0.0,0.0,-0.2316650152206421;1.0,0.0,0.0,0.0
4.94;0.0,0.0,-0.23237445950508118;1.0,0.0,0.0,0.0
4.95;0.0,0.0,-0.23308393359184265;1.0,0.0,0.0,0.0
4.96;0.0,0.0,-0.2337934374809265;1.0,0.0,0.0,0.0
4.97;0.0,0.0,-0.23450294137001038;1.0,0.0,0.0,0.0
4.98;0.0,0.0,-0.23521244525909424;1.0,0.0,0.0,0.0
4.99;0.0,0.0,-0.2359219789505005;1.0,0.0,0.0,0.0
5.0;0.0,0.0,-0.23663151264190674;1.0,0.0,0.0,0.0
5.01;0.0,0.0,-0.237341046333313;1.0,0.0,0.0,0.0
5.02;0.0,0.0,-0.23805060982704163;1.0,0.0,0.0,0.0
5.03;0.0,0.0,-0.2387600839138031;1.0,0.0,0.0,0.0
5.04;0.0,0.0,-0.23946958780288696;1.0,0.0,0.0,0.0
5.05;0.0,0.0,-0.24017906188964844;1.0,0.0,0.0,0.0
5.06;0.0,0.0,-0.24088850617408752;1.0,0.0,0.0,0.0
5.07;0.0,0.0,-0.24159789085388184;1.0,0.0,0.0,0.0
5.08;0.0,0.0,-0.24230724573135376;1.0,0.0,0.0,0.0
5.09;0.0,0.0,-0.2430165708065033;1.0,0.0,0.0,0.0
5.1;0.0,0.0,-0.24372583627700806;1.0,0.0,0.0,0.0
5.11;0.0,0.0,-0.24443501234054565;1.0,0.0,0.0,0.0
5.12;0.0,0.0,-0.24514412879943848;1.0,0.0,0.0,0.0
5.13;0.0,0.0,-0.2458532452583313;1.0,0.0,0.0,0.0
5.14;0.0,0.0,-0.2465621829032898;1.0,0.0,0.0,0.0
5.15;0.0,0.0,-0.2472711205482483;1.0,0.0,0.0,0.0
5.16;0.0,0.0,-0.24797987937927246;1.0,0.0,0.0,0.0
5.17;0.0,0.0,-0.24868863821029663;1.0,0.0,0.0,0.0
5.18;0.0,0.0,-0.24939721822738647;1.0,0.0,0.0,0.0
5.19;0.0,0.0,-0.25010573863983154;1.0,0.0,0.0,0.0
5.2;0.0,0.0,-0.25081413984298706;1.0,0.0,0.0,0.0
5.21;0.0,0.0,-0.2515224814414978;1.0,0.0,0.0,0.0
5.22;0.0,0.0,-0.25223058462142944;1.0,0.0,0.0,0.0
5.23;0.0,0.0,-0.2529386281967163;1.0,0.0,0.0,0.0
5.24;0.0,0.0,-0.25364649295806885;1.0,0.0,0.0,0.0
5.25;0.0,0.0,-0.2543542981147766;1.0,0.0,0.0,0.0
5.26;0.0,0.0,-0.25506192445755005;1.0,0.0,0.0,0.0
5.27;0.0,0.0,-0.25576937198638916;1.0,0.0,0.0,0.0
5.28;0.0,0.0,-0.2564767003059387;1.0,0.0,0.0,0.0
5.29;0.0,0.0,-0.25718384981155396;1.0,0.0,0.0,0.0
5.3;0.0,0.0,-0.2578907907009125;1.0,0.0,0.0,0.0
5.31;0.0,0.0,-0.25859761238098145;1.0,0.0,0.0,0.0
5.32;0.0,0.0,-0.2593042552471161;1.0,0.0,0.0,0.0
5.33;0.0,0.0,-0.2600107192993164;1.0,0.0,0.0,0.0
5.34;0.0,0.0,-0.2607169449329376;1.0,0.0,0.0,0.0
5.35;0.0,0.0,-0.2614229917526245;1.0,0.0,0.0,0.0
5.36;0.0,0.0,-0.2621288299560547;1.0,0.0,0.0,0.0
5.37;0.0,0.0,-0.26283448934555054;1.0,0.0,0.0,0.0
5.38;0.0,0.0,-0.2635399401187897;1.0,0.0,0.0,0.0
5.39;0.0,0.0,-0.2642451524734497;1.0,0.0,0.0,0.0
5.4;0.0,0.0,-0.264950156211853;1.0,0.0,0.0,0.0
5.41;0.0,0.0,-0.26565492153167725;1.0,0.0,0.0,0.0
5.42;0.0,0.0,-0.2663593888282776;1.0,0.0,0.0,0.0
5.43;0.0,0.0,-0.2670636773109436;1.0,0.0,0.0,0.0
5.44;0.0,0.0,-0.2677677273750305;1.0,0.0,0.0,0.0
5.45;0.0,0.0,-0.26847150921821594;1.0,0.0,0.0,0.0
5.46;0.0,0.0,-0.2691750228404999;1.0,0.0,0.0,0.0
5.47;0.0,0.0,-0.2698783278465271;1.0,0.0,0.0,0.0
5.48;0.0,0.0,-0.27058127522468567;1.0,0.0,0.0,0.0
5.49;0.0,0.0,-0.27128395438194275;1.0,0.0,0.0,0.0
5.5;0.0,0.0,-0.2719864845275879;1.0,0.0,0.0,0.0
5.51;0.0,0.0,-0.272688627243042;1.0,0.0,0.0,0.0
5.52;0.0,0.0,-0.2733904719352722;1.0,0.0,0.0,0.0
5.53;0.0,0.0,-0.27409201860427856;1.0,0.0,0.0,0.0
5.54;0.0,0.0,-0.27479323744773865;1.0,0.0,0.0,0.0
5.55;0.0,0.0,-0.27549415826797485;1.0,0.0,0.0,0.0
5.56;0.0,0.0,-0.27619481086730957;1.0,0.0,0.0,0.0
5.57;0.0,0.0,-0.27689510583877563;1.0,0.0,0.0,0.0
5.58;0.0,0.0,-0.2775951027870178;1.0,0.0,0.0,0.0
5.59;0.0,0.0,-0.2782946825027466;1.0,0.0,0.0,0.0
5.6;0.0,0.0,-0.27899402379989624;1.0,0.0,0.0,0.0
5.61;0.0,0.0,-0.27969300746917725;1.0,0.0,0.0,0.0
5.62;0.0,0.0,-0.2803915739059448;1.0,0.0,0.0,0.0
5.63;0.0,0.0,-0.2810898423194885;1.0,0.0,0.0,0.0
5.64;0.0,0.0,-0.2817877531051636;1.0,0.0,0.0,0.0
5.65;0.0,0.0,-0.2824852168560028;1.0,0.0,0.0,0.0
5.66;0.0,0.0,-0.28318238258361816;1.0,0.0,0.0,0.0
5.67;0.0,0.0,-0.2838791608810425;1.0,0.0,0.0,0.0
5.68;0.0,0.0,-0.28457558155059814;1.0,0.0,0.0,0.0
5.69;0.0,0.0,-0.2852715849876404;1.0,0.0,0.0,0.0
5.7;0.0,0.0,-0.2859671711921692;1.0,0.0,0.0,0.0
5.71;0.0,0.0,-0.28666236996650696;1.0,0.0,0.0,0.0
5.72;0.0,0.0,-0.2873571515083313;1.0,0.0,0.0,0.0
5.73;0.0,0.0,-0.2880515456199646;1.0,0.0,0.0,0.0
5.74;0.0,0.0,-0.2887455224990845;1.0,0.0,0.0,0.0
5.75;0.0,0.0,-0.28943905234336853;1.0,0.0,0.0,0.0
5.76;0.0,0.0,-0.29013216495513916;1.0,0.0,0.0,0.0
5.77;0.0,0.0,-0.290824830532074;1.0,0.0,0.0,0.0
5.78;0.0,0.0,-0.29151707887649536;1.0,0.0,0.0,0.0
5.79;0.0,0.0,-0.29220888018608093;1.0,0.0,0.0,0.0
5.8;0.0,0.0,-0.2929002046585083;1.0,0.0,0.0,0.0
5.81;0.0,0.0,-0.29359108209609985;1.0,0.0,0.0,0.0
5.82;0.0,0.0,-0.2942815124988556;1.0,0.0,0.0,0.0
5.83;0.0,0.0,-0.2949714660644531;1.0,0.0,0.0,0.0
5.84;0.0,0.0,-0.29566094279289246;1.0,0.0,0.0,0.0
5.85;0.0,0.0,-0.2963499426841736;1.0,0.0,0.0,0.0
5.86;0.0,0.0,-0.2970384359359741;1.0,0.0,0.0,0.0
5.87;0.0,0.0,-0.29772645235061646;1.0,0.0,0.0,0.0
5.88;0.0,0.0,-0.2984139621257782;1.0,0.0,0.0,0.0
5.89;0.0,0.0,-0.29910099506378174;1.0,0.0,0.0,0.0
5.9;0.0,0.0,-0.2997874915599823;1.0,0.0,0.0,0.0
5.91;0.0,0.0,-0.30047348141670227;1.0,0.0,0.0,0.0
5.92;0.0,0.0,-0.30115893483161926;1.0,0.0,0.0,0.0
5.93;0.0,0.0,-0.30184388160705566;1.0,0.0,0.0,0.0
5.94;0.0,0.0,-0.3025282919406891;1.0,0.0,0.0,0.0
5.95;0.0,0.0,-0.3032121956348419;1.0,0.0,0.0,0.0
5.96;0.0,0.0,-0.3038954734802246;1.0,0.0,0.0,0.0
5.97;0.0,0.0,-0.3045782744884491;1.0,0.0,0.0,0.0
5.98;0.0,0.0,-0.3052605390548706;1.0,0.0,0.0,0.0
5.99;0.0,0.0,-0.305942177772522;1.0,0.0,0.0,0.0
6.0;0.0,0.0,-0.30662328004837036;1.0,0.0,0.0,0.0
6.01;0.0,0.0,-0.307303786277771;1.0,0.0,0.0,0.0
6.02;0.0,0.0,-0.30798375606536865;1.0,0.0,0.0,0.0
6.03;0.0,0.0,-0.30866310000419617;1.0,0.0,0.0,0.0
6.04;0.0,0.0,-0.3093419075012207;1.0,0.0,0.0,0.0
6.05;0.0,0.0,-0.3100201189517975;1.0,0.0,0.0,0.0
6.06;0.0,0.0,-0.31069767475128174;1.0,0.0,0.0,0.0
6.07;0.0,0.0,-0.31137460470199585;1.0,0.0,0.0,0.0
6.08;0.0,0.0,-0.312050998210907;1.0,0.0,0.0,0.0
6.09;0.0,0.0,-0.312726765871048;1.0,0.0,0.0,0.0
6.1;0.0,0.0,-0.3134019374847412;1.0,0.0,0.0,0.0
6.11;0.0,0.0,-0.31407636404037476;1.0,0.0,0.0,0.0
6.12;0.0,0.0,-0.3147502839565277;1.0,0.0,0.0,0.0
6.13;0.0,0.0,-0.31542348861694336;1.0,0.0,0.0,0.0
6.14;0.0,0.0,-0.31609606742858887;1.0,0.0,0.0,0.0
6.15;0.0,0.0,-0.31676799058914185;1.0,0.0,0.0,0.0
6.16;0.0,0.0,-0.3174392580986023;1.0,0.0,0.0,0.0
6.17;0.0,0.0,-0.318109929561615;1.0,0.0,0.0,0.0
6.18;0.0,0.0,-0.3187798261642456;1.0,0.0,0.0,0.0
6.19;0.0,0.0,-0.3194490969181061;1.0,0.0,0.0,0.0
6.2;0.0,0.0,-0.32011765241622925;1.0,0.0,0.0,0.0
6.21;0.0,0.0,-0.32078561186790466;1.0,0.0,0.0,0.0
6.22;0.0,0.0,-0.321452796459198;1.0,0.0,0.0,0.0
6.23;0.0,0.0,-0.3221193253993988;1.0,0.0,0.0,0.0
6.24;0.0,0.0,-0.3227851092815399;1.0,0.0,0.0,0.0
6.25;0.0,0.0,-0.3234502077102661;1.0,0.0,0.0,0.0
6.26;0.0,0.0,-0.32411468029022217;1.0,0.0,0.0,0.0
6.27;0.0,0.0,-0.324778288602829;1.0,0.0,0.0,0.0
6.28;0.0,0.0,-0.32544124126434326;1.0,0.0,0.0,0.0
6.29;0.0,0.0,-0.32610344886779785;1.0,0.0,0.0,0.0
6.3;0.0,0.0,-0.3267649710178375;1.0,0.0,0.0,0.0
6.31;0.0,0.0,-0.32742568850517273;1.0,0.0,0.0,0.0
6.32;0.0,0.0,-0.32808566093444824;1.0,0.0,0.0,0.0
6.33;0.0,0.0,-0.32874488830566406;1.0,0.0,0.0,0.0
6.34;0.0,0.0,-0.3294033408164978;1.0,0.0,0.0,0.0
6.35;0.0,0.0,-0.33006104826927185;1.0,0.0,0.0,0.0
6.36;0.0,0.0,-0.3307180404663086;1.0,0.0,0.0,0.0
6.37;0.0,0.0,-0.3313741981983185;1.0,0.0,0.0,0.0
6.38;0.0,0.0,-0.3320295810699463;1.0,0.0,0.0,0.0
6.39;0.0,0.0,-0.33268415927886963;1.0,0.0,0.0,0.0
6.4;0.0,0.0,-0.3333379626274109;1.0,0.0,0.0,0.0
6.41;0.0,0.0,-0.3339909315109253;1.0,0.0,0.0,0.0
6.42;0.0,0.0,-0.3346431255340576;1.0,0.0,0.0,0.0
6.43;0.0,0.0,-0.33529457449913025;1.0,0.0,0.0,0.0
6.44;0.0,0.0,-0.3359450697898865;1.0,0.0,0.0,0.0
6.45;0.0,0.0,-0.3365948498249054;1.0,0.0,0.0,0.0
6.46;0.0,0.0,-0.3372437655925751;1.0,0.0,0.0,0.0
6.47;0.0,0.0,-0.3378918766975403;1.0,0.0,0.0,0.0
6.48;0.0,0.0,-0.33853912353515625;1.0,0.0,0.0,0.0
6.49;0.0,0.0,-0.33918553590774536;1.0,0.0,0.0,0.0
6.5;0.0,0.0,-0.33983108401298523;1.0,0.0,0.0,0.0
6.51;0.0,0.0,-0.34047582745552063;1.0,0.0,0.0,0.0
6.52;0.0,0.0,-0.341119647026062;1.0,0.0,0.0,0.0
6.53;0.0,0.0,-0.34176263213157654;1.0,0.0,0.0,0.0
6.54;0.0,0.0,-0.34240472316741943;1.0,0.0,0.0,0.0
6.55;0.0,0.0,-0.3430459201335907;1.0,0.0,0.0,0.0
6.56;0.0,0.0,-0.34368622303009033;1.0,0.0,0.0,0.0
6.57;0.0,0.0,-0.3443256616592407;1.0,0.0,0.0,0.0
6.58;0.0,0.0,-0.34496426582336426;1.0,0.0,0.0,0.0
6.59;0.0,0.0,-0.3456018567085266;1.0,0.0,0.0,0.0
6.6;0.0,0.0,-0.3462385833263397;1.0,0.0,0.0,0.0
6.61;0.0,0.0,-0.3468744158744812;1.0,0.0,0.0,0.0
6.62;0.0,0.0,-0.34750935435295105;1.0,0.0,0.0,0.0
6.63;0.0,0.0,-0.3481433093547821;1.0,0.0,0.0,0.0
6.64;0.0,0.0,-0.34877637028694153;1.0,0.0,0.0,0.0
6.65;0.0,0.0,-0.34940844774246216;1.0,0.0,0.0,0.0
6.66;0.0,0.0,-0.35003963112831116;1.0,0.0,0.0,0.0
6.67;0.0,0.0,-0.35066986083984375;1.0,0.0,0.0,0.0
6.68;0.0,0.0,-0.3512991666793823;1.0,0.0,0.0,0.0
6.69;0.0,0.0,-0.35192742943763733;1.0,0.0,0.0,0.0
6.7;0.0,0.0,-0.3525548577308655;1.0,0.0,0.0,0.0
6.71;0.0,0.0,-0.3531811833381653;1.0,0.0,0.0,0.0
6.72;0.0,0.0,-0.35380661487579346;1.0,0.0,0.0,0.0
6.73;0.0,0.0,-0.35443106293678284;1.0,0.0,0.0,0.0
6.74;0.0,0.0,-0.35505449771881104;1.0,0.0,0.0,0.0
6.75;0.0,0.0,-0.35567691922187805;1.0,0.0,0.0,0.0
6.76;0.0,0.0,-0.3562983572483063;1.0,0.0,0.0,0.0
6.77;0.0,0.0,-0.3569188416004181;1.0,0.0,0.0,0.0
6.78;0.0,0.0,-0.35753825306892395;1.0,0.0,0.0,0.0
6.79;0.0,0.0,-0.35815665125846863;1.0,0.0,0.0,0.0
6.8;0.0,0.0,-0.3587740659713745;1.0,0.0,0.0,0.0
6.81;0.0,0.0,-0.3593904376029968;1.0,0.0,0.0,0.0
6.82;0.0,0.0,-0.36000576615333557;1.0,0.0,0.0,0.0
6.83;0.0,0.0,-0.36062008142471313;1.0,0.0,0.0,0.0
6.84;0.0,0.0,-0.36123332381248474;1.0,0.0,0.0,0.0
6.85;0.0,0.0,-0.36184555292129517;1.0,0.0,0.0,0.0
6.86;0.0,0.0,-0.36245670914649963;1.0,0.0,0.0,0.0
6.87;0.0,0.0,-0.36306682229042053;1.0,0.0,0.0,0.0
6.88;0.0,0.0,-0.3636758625507355;1.0,0.0,0.0,0.0
6.89;0.0,0.0,-0.3642837703227997;1.0,0.0,0.0,0.0
6.9;0.0,0.0,-0.3648906946182251;1.0,0.0,0.0,0.0
6.91;0.0,0.0,-0.3654963970184326;1.0,0.0,0.0,0.0
6.92;0.0,0.0,-0.36610111594200134;1.0,0.0,0.0,0.0
6.93;0.0,0.0,-0.3667047619819641;1.0,0.0,0.0,0.0
6.94;0.0,0.0,-0.36730730533599854;1.0,0.0,0.0,0.0
6.95;0.0,0.0,-0.36790868639945984;1.0,0.0,0.0,0.0
6.96;0.0,0.0,-0.3685089945793152;1.0,0.0,0.0,0.0
6.97;0.0,0.0,-0.3691081404685974;1.0,0.0,0.0,0.0
6.98;0.0,0.0,-0.3697061538696289;1.0,0.0,0.0,0.0
6.99;0.0,0.0,-0.37030312418937683;1.0,0.0,0.0,0.0
7.0;0.0,0.0,-0.3708988428115845;1.0,0.0,0.0,0.0
7.01;0.0,0.0,-0.37149348855018616;1.0,0.0,0.0,0.0
7.02;0.0,0.0,-0.3720870018005371;1.0,0.0,0.0,0.0
7.03;0.0,0.0,-0.37267938256263733;1.0,0.0,0.0,0.0
7.04;0.0,0.0,-0.37327054142951965;1.0,0.0,0.0,0.0
7.05;0.0,0.0,-0.37386056780815125;1.0,0.0,0.0,0.0
7.06;0.0,0.0,-0.37444940209388733;1.0,0.0,0.0,0.0
7.07;0.0,0.0,-0.37503719329833984;1.0,0.0,0.0,0.0
7.08;0.0,0.0,-0.3756236135959625;1.0,0.0,0.0,0.0
7.09;0.0,0.0,-0.37620893120765686;1.0,0.0,0.0,0.0
7.1;0.0,0.0,-0.37679311633110046;1.0,0.0,0.0,0.0
7.11;0.0,0.0,-0.3773760199546814;1.0,0.0,0.0,0.0
7.12;0.0,0.0,-0.3779577314853668;1.0,0.0,0.0,0.0
7.13;0.0,0.0,-0.37853825092315674;1.0,0.0,0.0,0.0
7.14;0.0,0.0,-0.37911751866340637;1.0,0.0,0.0,0.0
7.15;0.0,0.0,-0.3796956539154053;1.0,0.0,0.0,0.0
7.16;0.0,0.0,-0.3802724778652191;1.0,0.0,0.0,0.0
7.17;0.0,0.0,-0.3808481693267822;1.0,0.0,0.0,0.0
7.18;0.0,0.0,-0.3814225196838379;1.0,0.0,0.0,0.0
7.19;0.0,0.0,-0.38199561834335327;1.0,0.0,0.0,0.0
7.2;0.0,0.0,-0.38256755471229553;1.0,0.0,0.0,0.0
7.21;0.0,0.0,-0.3831382095813751;1.0,0.0,0.0,0.0
7.22;0.0,0.0,-0.38370755314826965;1.0,0.0,0.0,0.0
7.23;0.0,0.0,-0.3842756748199463;1.0,0.0,0.0,0.0
7.24;0.0,0.0,-0.38484251499176025;1.0,0.0,0.0,0.0
7.25;0.0,0.0,-0.38540810346603394;1.0,0.0,0.0,0.0
7.26;0.0,0.0,-0.38597241044044495;1.0,0.0,0.0,0.0
7.27;0.0,0.0,-0.3865354061126709;1.0,0.0,0.0,0.0
7.28;0.0,0.0,-0.3870971202850342;1.0,0.0,0.0,0.0
7.29;0.0,0.0,-0.3876575231552124;1.0,0.0,0.0,0.0
7.3;0.0,0.0,-0.38821661472320557;1.0,0.0,0.0,0.0
7.31;0.0,0.0,-0.38877442479133606;1.0,0.0,0.0,0.0
7.32;0.0,0.0,-0.3893308937549591;1.0,0.0,0.0,0.0
7.33;0.0,0.0,-0.3898860216140747;1.0,0.0,0.0,0.0
7.34;0.0,0.0,-0.39043983817100525;1.0,0.0,0.0,0.0
7.35;0.0,0.0,-0.39099231362342834;1.0,0.0,0.0,0.0
7.36;0.0,0.0,-0.391543447971344;1.0,0.0,0.0,0.0
7.37;0.0,0.0,-0.3920932710170746;1.0,0.0,0.0,0.0
7.38;0.0,0.0,-0.39264175295829773;1.0,0.0,0.0,0.0
7.39;0.0,0.0,-0.39318883419036865;1.0,0.0,0.0,0.0
7.4;0.0,0.0,-0.39373454451560974;1.0,0.0,0.0,0.0
7.41;0.0,0.0,-0.39427894353866577;1.0,0.0,0.0,0.0
7.42;0.0,0.0,-0.3948219120502472;1.0,0.0,0.0,0.0
7.43;0.0,0.0,-0.39536353945732117;1.0,0.0,0.0,0.0
7.44;0.0,0.0,-0.39590373635292053;1.0,0.0,0.0,0.0
7.45;0.0,0.0,-0.39644259214401245;1.0,0.0,0.0,0.0
7.46;0.0,0.0,-0.39698004722595215;1.0,0.0,0.0,0.0
7.47;0.0,0.0,-0.39751607179641724;1.0,0.0,0.0,0.0
7.48;0.0,0.0,-0.3980507254600525;1.0,0.0,0.0,0.0
7.49;0.0,0.0,-0.39858394861221313;1.0,0.0,0.0,0.0
7.5;0.0,0.0,-0.39911574125289917;1.0,0.0,0.0,0.0
7.51;0.0,0.0,-0.399646133184433;1.0,0.0,0.0,0.0
7.52;0.0,0.0,-0.4001750648021698;1.0,0.0,0.0,0.0
7.53;0.0,0.0,-0.4007025957107544;1.0,0.0,0.0,0.0
7.54;0.0,0.0,-0.401228666305542;1.0,0.0,0.0,0.0
7.55;0.0,0.0,-0.4017532765865326;1.0,0.0,0.0,0.0
7.56;0.0,0.0,-0.4022764563560486;1.0,0.0,0.0,0.0
7.57;0.0,0.0,-0.4027981460094452;1.0,0.0,0.0,0.0
7.58;0.0,0.0,-0.4033183753490448;1.0,0.0,0.0,0.0
7.59;0.0,0.0,-0.403837114572525;1.0,0.0,0.0,0.0
7.6;0.0,0.0,-0.4043544828891754;1.0,0.0,0.0,0.0
7.61;0.0,0.0,-0.40487027168273926;1.0,0.0,0.0,0.0
7.62;0.0,0.0,-0.4053846001625061;1.0,0.0,0.0,0.0
7.63;0.0,0.0,-0.4058973789215088;1.0,0.0,0.0,0.0
7.64;0.0,0.0,-0.40640875697135925;1.0,0.0,0.0,0.0
7.65;0.0,0.0,-0.40691855549812317;1.0,0.0,0.0,0.0
7.66;0.0,0.0,-0.4074268639087677;1.0,0.0,0.0,0.0
7.67;0.0,0.0,-0.40793368220329285;1.0,0.0,0.0,0.0
7.68;0.0,0.0,-0.4084390103816986;1.0,0.0,0.0,0.0
7.69;0.0,0.0,-0.40894272923469543;1.0,0.0,0.0,0.0
7.7;0.0,0.0,-0.4094449579715729;1.0,0.0,0.0,0.0
7.71;0.0,0.0,-0.40994566679000854;1.0,0.0,0.0,0.0
7.72;0.0,0.0,-0.41044482588768005;1.0,0.0,0.0,0.0
7.73;0.0,0.0,-0.41094234585762024;1.0,0.0,0.0,0.0
7.74;0.0,0.0,-0.4114384055137634;1.0,0.0,0.0,0.0
7.75;0.0,0.0,-0.41193291544914246;1.0,0.0,0.0,0.0
7.76;0.0,0.0,-0.41242581605911255;1.0,0.0,0.0,0.0
7.77;0.0,0.0,-0.4129171371459961;1.0,0.0,0.0,0.0
7.78;0.0,0.0,-0.4134069085121155;1.0,0.0,0.0,0.0
7.79;0.0,0.0,-0.4138950705528259;1.0,0.0,0.0,0.0
7.8;0.0,0.0,-0.41438165307044983;1.0,0.0,0.0,0.0
7.81;0.0,0.0,-0.4148666262626648;1.0,0.0,0.0,0.0
7.82;0.0,0.0,-0.4153500199317932;1.0,0.0,0.0,0.0
7.83;0.0,0.0,-0.4158318042755127;1.0,0.0,0.0,0.0
7.84;0.0,0.0,-0.41631191968917847;1.0,0.0,0.0,0.0
7.85;0.0,0.0,-0.41679051518440247;1.0,0.0,0.0,0.0
7.86;0.0,0.0,-0.41726744174957275;1.0,0.0,0.0,0.0
7.87;0.0,0.0,-0.41774269938468933;1.0,0.0,0.0,0.0
7.88;0.0,0.0,-0.41821640729904175;1.0,0.0,0.0,0.0
7.89;0.0,0.0,-0.4186883866786957;1.0,0.0,0.0,0.0
7.9;0.0,0.0,-0.4191587567329407;1.0,0.0,0.0,0.0
7.91;0.0,0.0,-0.41962748765945435;1.0,0.0,0.0,0.0
7.92;0.0,0.0,-0.4200945794582367;1.0,0.0,0.0,0.0
7.93;0.0,0.0,-0.42055997252464294;1.0,0.0,0.0,0.0
7.94;0.0,0.0,-0.4210236668586731;1.0,0.0,0.0,0.0
7.95;0.0,0.0,-0.4214857518672943;1.0,0.0,0.0,0.0
7.96;0.0,0.0,-0.42194610834121704;1.0,0.0,0.0,0.0
7.97;0.0,0.0,-0.42240482568740845;1.0,0.0,0.0,0.0
7.98;0.0,0.0,-0.422861784696579;1.0,0.0,0.0,0.0
7.99;0.0,0.0,-0.4233171045780182;1.0,0.0,0.0,0.0
8.0;0.0,0.0,-0.4237706661224365;1.0,0.0,0.0,0.0
8.01;0.0,0.0,-0.42422255873680115;1.0,0.0,0.0,0.0
8.02;0.0,0.0,-0.4246727228164673;1.0,0.0,0.0,0.0
8.03;0.0,0.0,-0.42512115836143494;1.0,0.0,0.0,0.0
8.04;0.0,0.0,-0.4255678951740265;1.0,0.0,0.0,0.0
8.05;0.0,0.0,-0.42601287364959717;1.0,0.0,0.0,0.0
8.06;0.0,0.0,-0.426456093788147;1.0,0.0,0.0,0.0
8.07;0.0,0.0,-0.42689767479896545;1.0,0.0,0.0,0.0
8.08;0.0,0.0,-0.4273374080657959;1.0,0.0,0.0,0.0
8.09;0.0,0.0,-0.42777544260025024;1.0,0.0,0.0,0.0
8.1;0.0,0.0,-0.42821168899536133;1.0,0.0,0.0,0.0
8.11;0.0,0.0,-0.42864614725112915;1.0,0.0,0.0,0.0
8.12;0.0,0.0,-0.4290788769721985;1.0,0.0,0.0,0.0
8.13;0.0,0.0,-0.4295097589492798;1.0,0.0,0.0,0.0
8.14;0.0,0.0,-0.4299389123916626;1.0,0.0,0.0,0.0
8.15;0.0,0.0,-0.43036627769470215;1.0,0.0,0.0,0.0
8.16;0.0,0.0,-0.4307919144630432;1.0,0.0,0.0,0.0
8.17;0.0,0.0,-0.4312155842781067;1.0,0.0,0.0,0.0
8.18;0.0,0.0,-0.43163758516311646;1.0,0.0,0.0,0.0
8.19;0.0,0.0,-0.43205779790878296;1.0,0.0,0.0,0.0
8.2;0.0,0.0,-0.43247610330581665;1.0,0.0,0.0,0.0
8.21;0.0,0.0,-0.4328925609588623;1.0,0.0,0.0,0.0
8.22;0.0,0.0,-0.4333072304725647;1.0,0.0,0.0,0.0
8.23;0.0,0.0,-0.43372005224227905;1.0,0.0,0.0,0.0
8.24;0.0,0.0,-0.43413108587265015;1.0,0.0,0.0,0.0
8.25;0.0,0.0,-0.4345402717590332;1.0,0.0,0.0,0.0
8.26;0.0,0.0,-0.4349476099014282;1.0,0.0,0.0,0.0
8.27;0.0,0.0,-0.43535304069519043;1.0,0.0,0.0,0.0
8.28;0.0,0.0,-0.4357565641403198;1.0,0.0,0.0,0.0
8.29;0.0,0.0,-0.43615829944610596;1.0,0.0,0.0,0.0
8.3;0.0,0.0,-0.4365581274032593;1.0,0.0,0.0,0.0
8.31;0.0,0.0,-0.43695610761642456;1.0,0.0,0.0,0.0
8.32;0.0,0.0,-0.43735218048095703;1.0,0.0,0.0,0.0
8.33;0.0,0.0,-0.4377463459968567;1.0,0.0,0.0,0.0
8.34;0.0,0.0,-0.4381387233734131;1.0,0.0,0.0,0.0
8.35;0.0,0.0,-0.4385290741920471;1.0,0.0,0.0,0.0
8.36;0.0,0.0,-0.4389175772666931;1.0,0.0,0.0,0.0
8.37;0.0,0.0,-0.4393041133880615;1.0,0.0,0.0,0.0
8.38;0.0,0.0,-0.4396887421607971;1.0,0.0,0.0,0.0
8.39;0.0,0.0,-0.4400715231895447;1.0,0.0,0.0,0.0
8.4;0.0,0.0,-0.4404522180557251;1.0,0.0,0.0,0.0
8.41;0.0,0.0,-0.44083112478256226;1.0,0.0,0.0,0.0
8.42;0.0,0.0,-0.4412080645561218;1.0,0.0,0.0,0.0
8.43;0.0,0.0,-0.44158291816711426;1.0,0.0,0.0,0.0
8.44;0.0,0.0,-0.4419560432434082;1.0,0.0,0.0,0.0
8.45;0.0,0.0,-0.44232702255249023;1.0,0.0,0.0,0.0
8.46;0.0,0.0,-0.44269615411758423;1.0,0.0,0.0,0.0
8.47;0.0,0.0,-0.44306331872940063;1.0,0.0,0.0,0.0
8.48;0.0,0.0,-0.44342851638793945;1.0,0.0,0.0,0.0
8.49;0.0,0.0,-0.44379156827926636;1.0,0.0,0.0,0.0
8.5;0.0,0.0,-0.44415271282196045;1.0,0.0,0.0,0.0
8.51;0.0,0.0,-0.44451189041137695;1.0,0.0,0.0,0.0
8.52;0.0,0.0,-0.44486916065216064;1.0,0.0,0.0,0.0
8.53;0.0,0.0,-0.44522422552108765;1.0,0.0,0.0,0.0
8.54;0.0,0.0,-0.4455774426460266;1.0,0.0,0.0,0.0
8.55;0.0,0.0,-0.44592851400375366;1.0,0.0,0.0,0.0
8.56;0.0,0.0,-0.4462776780128479;1.0,0.0,0.0,0.0
8.57;0.0,0.0,-0.4466248154640198;1.0,0.0,0.0,0.0
8.58;0.0,0.0,-0.4469698667526245;1.0,0.0,0.0,0.0
8.59;0.0,0.0,-0.44731295108795166;1.0,0.0,0.0,0.0
8.6;0.0,0.0,-0.4476538300514221;1.0,0.0,0.0,0.0
8.61;0.0,0.0,-0.44799286127090454;1.0,0.0,0.0,0.0
8.62;0.0,0.0,-0.4483296275138855;1.0,0.0,0.0,0.0
8.63;0.0,0.0,-0.44866448640823364;1.0,0.0,0.0,0.0
8.64;0.0,0.0,-0.4489971995353699;1.0,0.0,0.0,0.0
8.65;0.0,0.0,-0.44932788610458374;1.0,0.0,0.0,0.0
8.66;0.0,0.0,-0.44965648651123047;1.0,0.0,0.0,0.0
8.67;0.0,0.0,-0.44998300075531006;1.0,0.0,0.0,0.0
8.68;0.0,0.0,-0.45030736923217773;1.0,0.0,0.0,0.0
8.69;0.0,0.0,-0.45062965154647827;1.0,0.0,0.0,0.0
8.7;0.0,0.0,-0.45094984769821167;1.0,0.0,0.0,0.0
8.71;0.0,0.0,-0.4512680172920227;1.0,0.0,0.0,0.0
8.72;0.0,0.0,-0.4515840411186218;1.0,0.0,0.0,0.0
8.73;0.0,0.0,-0.45189791917800903;1.0,0.0,0.0,0.0
8.74;0.0,0.0,-0.45220959186553955;1.0,0.0,0.0,0.0
8.75;0.0,0.0,-0.4525192379951477;1.0,0.0,0.0,0.0
8.76;0.0,0.0,-0.45282667875289917;1.0,0.0,0.0,0.0
8.77;0.0,0.0,-0.45313209295272827;1.0,0.0,0.0,0.0
8.78;0.0,0.0,-0.45343536138534546;1.0,0.0,0.0,0.0
8.79;0.0,0.0,-0.4537363648414612;1.0,0.0,0.0,0.0
8.8;0.0,0.0,-0.4540351629257202;1.0,0.0,0.0,0.0
8.81;0.0,0.0,-0.45433205366134644;1.0,0.0,0.0,0.0
8.82;0.0,0.0,-0.45462650060653687;1.0,0.0,0.0,0.0
8.83;0.0,0.0,-0.45491886138916016;1.0,0.0,0.0,0.0
8.84;0.0,0.0,-0.4552091360092163;1.0,0.0,0.0,0.0
8.85;0.0,0.0,-0.4554970860481262;1.0,0.0,0.0,0.0
8.86;0.0,0.0,-0.4557828903198242;1.0,0.0,0.0,0.0
8.87;0.0,0.0,-0.4560666084289551;1.0,0.0,0.0,0.0
8.88;0.0,0.0,-0.4563479423522949;1.0,0.0,0.0,0.0
8.89;0.0,0.0,-0.45662713050842285;1.0,0.0,0.0,0.0
8.9;0.0,0.0,-0.45690423250198364;1.0,0.0,0.0,0.0
8.91;0.0,0.0,-0.45717889070510864;1.0,0.0,0.0,0.0
8.92;0.0,0.0,-0.45745140314102173;1.0,0.0,0.0,0.0
8.93;0.0,0.0,-0.4577217102050781;1.0,0.0,0.0,0.0
8.94;0.0,0.0,-0.45798975229263306;1.0,0.0,0.0,0.0
8.95;0.0,0.0,-0.4582556486129761;1.0,0.0,0.0,0.0
8.96;0.0,0.0,-0.4585192799568176;1.0,0.0,0.0,0.0
8.97;0.0,0.0,-0.45878052711486816;1.0,0.0,0.0,0.0
8.98;0.0,0.0,-0.459039568901062;1.0,0.0,0.0,0.0
8.99;0.0,0.0,-0.45929640531539917;1.0,0.0,0.0,0.0
9.0;0.0,0.0,-0.45955103635787964;1.0,0.0,0.0,0.0
9.01;0.0,0.0,-0.4598032236099243;1.0,0.0,0.0,0.0
9.02;0.0,0.0,-0.4600532054901123;1.0,0.0,0.0,0.0
9.03;0.0,0.0,-0.46030092239379883;1.0,0.0,0.0,0.0
9.04;0.0,0.0,-0.46054625511169434;1.0,0.0,0.0,0.0
9.05;0.0,0.0,-0.4607892632484436;1.0,0.0,0.0,0.0
9.06;0.0,0.0,-0.46103012561798096;1.0,0.0,0.0,0.0
9.07;0.0,0.0,-0.4612685441970825;1.0,0.0,0.0,0.0
9.08;0.0,0.0,-0.46150463819503784;1.0,0.0,0.0,0.0
9.09;0.0,0.0,-0.4617384672164917;1.0,0.0,0.0,0.0
9.1;0.0,0.0,-0.4619700312614441;1.0,0.0,0.0,0.0
9.11;0.0,0.0,-0.4621991515159607;1.0,0.0,0.0,0.0
9.12;0.0,0.0,-0.46242594718933105;1.0,0.0,0.0,0.0
9.13;0.0,0.0,-0.4626504182815552;1.0,0.0,0.0,0.0
9.14;0.0,0.0,-0.4628725051879883;1.0,0.0,0.0,0.0
9.15;0.0,0.0,-0.4630923271179199;1.0,0.0,0.0,0.0
9.16;0.0,0.0,-0.463309645652771;1.0,0.0,0.0,0.0
9.17;0.0,0.0,-0.4635246992111206;1.0,0.0,0.0,0.0
9.18;0.0,0.0,-0.4637373685836792;1.0,0.0,0.0,0.0
9.19;0.0,0.0,-0.4639476537704468;1.0,0.0,0.0,0.0
9.2;0.0,0.0,-0.46415549516677856;1.0,0.0,0.0,0.0
9.21;0.0,0.0,-0.4643610119819641;1.0,0.0,0.0,0.0
9.22;0.0,0.0,-0.4645642042160034;1.0,0.0,0.0,0.0
9.23;0.0,0.0,-0.4647648334503174;1.0,0.0,0.0,0.0
9.24;0.0,0.0,-0.46496307849884033;1.0,0.0,0.0,0.0
9.25;0.0,0.0,-0.46515893936157227;1.0,0.0,0.0,0.0
9.26;0.0,0.0,-0.4653523564338684;1.0,0.0,0.0,0.0
9.27;0.0,0.0,-0.46554338932037354;1.0,0.0,0.0,0.0
9.28;0.0,0.0,-0.46573197841644287;1.0,0.0,0.0,0.0
9.29;0.0,0.0,-0.46591824293136597;1.0,0.0,0.0,0.0
9.3;0.0,0.0,-0.46610182523727417;1.0,0.0,0.0,0.0
9.31;0.0,0.0,-0.4662832021713257;1.0,0.0,0.0,0.0
9.32;0.0,0.0,-0.46646201610565186;1.0,0.0,0.0,0.0
9.33;0.0,0.0,-0.46663832664489746;1.0,0.0,0.0,0.0
9.34;0.0,0.0,-0.4668121933937073;1.0,0.0,0.0,0.0
9.35;0.0,0.0,-0.4669836163520813;1.0,0.0,0.0,0.0
9.36;0.0,0.0,-0.46715253591537476;1.0,0.0,0.0,0.0
9.37;0.0,0.0,-0.4673190116882324;1.0,0.0,0.0,0.0
9.38;0.0,0.0,-0.46748292446136475;1.0,0.0,0.0,0.0
9.39;0.0,0.0,-0.46764451265335083;1.0,0.0,0.0,0.0
9.4;0.0,0.0,-0.467803418636322;1.0,0.0,0.0,0.0
9.41;0.0,0.0,-0.4679598808288574;1.0,0.0,0.0,0.0
9.42;0.0,0.0,-0.46811389923095703;1.0,0.0,0.0,0.0
9.43;0.0,0.0,-0.4682653546333313;1.0,0.0,0.0,0.0
9.44;0.0,0.0,-0.46841418743133545;1.0,0.0,0.0,0.0
9.45;0.0,0.0,-0.4685605764389038;1.0,0.0,0.0,0.0
9.46;0.0,0.0,-0.4687044620513916;1.0,0.0,0.0,0.0
9.47;0.0,0.0,-0.46884578466415405;1.0,0.0,0.0,0.0
9.48;0.0,0.0,-0.4689844846725464;1.0,0.0,0.0,0.0
9.49;0.0,0.0,-0.46912074089050293;1.0,0.0,0.0,0.0
9.5;0.0,0.0,-0.46925437450408936;1.0,0.0,0.0,0.0
9.51;0.0,0.0,-0.4693855047225952;1.0,0.0,0.0,0.0
9.52;0.0,0.0,-0.46951401233673096;1.0,0.0,0.0,0.0
9.53;0.0,0.0,-0.4696400761604309;1.0,0.0,0.0,0.0
9.54;0.0,0.0,-0.4697633385658264;1.0,0.0,0.0,0.0
9.55;0.0,0.0,-0.46988415718078613;1.0,0.0,0.0,0.0
9.56;0.0,0.0,-0.47000235319137573;1.0,0.0,0.0,0.0
9.57;0.0,0.0,-0.47011798620224;1.0,0.0,0.0,0.0
9.58;0.0,0.0,-0.47023099660873413;1.0,0.0,0.0,0.0
9.59;0.0,0.0,-0.47034138441085815;1.0,0.0,0.0,0.0
9.6;0.0,0.0,-0.47044920921325684;1.0,0.0,0.0,0.0
9.61;0.0,0.0,-0.4705544114112854;1.0,0.0,0.0,0.0
9.62;0.0,0.0,-0.4706568121910095;1.0,0.0,0.0,0.0
9.63;0.0,0.0,-0.47075676918029785;1.0,0.0,0.0,0.0
9.64;0.0,0.0,-0.4708539843559265;1.0,0.0,0.0,0.0
9.65;0.0,0.0,-0.47094863653182983;1.0,0.0,0.0,0.0
9.66;0.0,0.0,-0.47104060649871826;1.0,0.0,0.0,0.0
9.67;0.0,0.0,-0.47113001346588135;1.0,0.0,0.0,0.0
9.68;0.0,0.0,-0.47121661901474;1.0,0.0,0.0,0.0
9.69;0.0,0.0,-0.4713006615638733;1.0,0.0,0.0,0.0
9.7;0.0,0.0,-0.4713820219039917;1.0,0.0,0.0,0.0
9.71;0.0,0.0,-0.47146064043045044;1.0,0.0,0.0,0.0
9.72;0.0,0.0,-0.47153663635253906;1.0,0.0,0.0,0.0
9.73;0.0,0.0,-0.471609890460968;1.0,0.0,0.0,0.0
9.74;0.0,0.0,-0.4716804623603821;1.0,0.0,0.0,0.0
9.75;0.0,0.0,-0.471748411655426;1.0,0.0,0.0,0.0
9.76;0.0,0.0,-0.4718135595321655;1.0,0.0,0.0,0.0
9.77;0.0,0.0,-0.4718760848045349;1.0,0.0,0.0,0.0
9.78;0.0,0.0,-0.47193580865859985;1.0,0.0,0.0,0.0
9.79;0.0,0.0,-0.4719928503036499;1.0,0.0,0.0,0.0
9.8;0.0,0.0,-0.4720471501350403;1.0,0.0,0.0,0.0
9.81;0.0,0.0,-0.4720988869667053;1.0,0.0,0.0,0.0
9.82;0.0,0.0,-0.4721475839614868;1.0,0.0,0.0,0.0
9.83;0.0,0.0,-0.47219377756118774;1.0,0.0,0.0,0.0
9.84;0.0,0.0,-0.47223711013793945;1.0,0.0,0.0,0.0
9.85;0.0,0.0,-0.4722776412963867;1.0,0.0,0.0,0.0
9.86;0.0,0.0,-0.4723154902458191;1.0,0.0,0.0,0.0
9.87;0.0,0.0,-0.4723506569862366;1.0,0.0,0.0,0.0
9.88;0.0,0.0,-0.47238290309906006;1.0,0.0,0.0,0.0
9.89;0.0,0.0,-0.47241246700286865;1.0,0.0,0.0,0.0
9.9;0.0,0.0,-0.472439169883728;1.0,0.0,0.0,0.0
9.91;0.0,0.0,-0.47246307134628296;1.0,0.0,0.0,0.0
9.92;0.0,0.0,-0.4724842309951782;1.0,0.0,0.0,0.0
9.93;0.0,0.0,-0.47250258922576904;1.0,0.0,0.0,0.0
9.94;0.0,0.0,-0.4725181460380554;1.0,0.0,0.0,0.0
9.95;0.0,0.0,-0.4725308418273926;1.0,0.0,0.0,0.0
9.96;0.0,0.0,-0.4725406765937805;1.0,0.0,0.0,0.0
9.97;0.0,0.0,-0.47254782915115356;1.0,0.0,0.0,0.0
9.98;0.0,0.0,-0.4725520610809326;1.0,0.0,0.0,0.0
9.99;0.0,0.0,-0.4725535213947296;1.0,0.0,0.0,0.0
