0.0;0.0,0.0,0.0;1.0,0.0,0.0,0.0
0.01;0.0,0.0,0.0;1.0,0.0,0.0,0.0
0.02;0.0,0.0,0.0;1.0,0.0,0.0,0.0
0.03;0.0,0.0,0.0;1.0,0.0,0.0,0.0
0.04;0.0,0.0,0.0;1.0,0.0,0.0,0.0
0.05;0.0,0.0,0.0;1.0,0.0,0.0,0.0
0.06;0.0,0.0,0.0;1.0,0.0,0.0,0.0
0.07;0.0,0.0,0.0;1.0,0.0,0.0,0.0
0.08;0.0,0.0,0.0;1.0,0.0,0.0,0.0
0.09;0.0,0.0,0.0;1.0,0.0,0.0,0.0
0.1;0.0,0.0,0.0;1.0,0.0,0.0,0.0
0.11;0.0,0.0,0.0;1.0,0.0,0.0,0.0
0.12;0.0,0.0,0.0;1.0,0.0,0.0,0.0
0.13;0.0,0.0,0.0;1.0,0.0,0.0,0.0
0.14;0.0,0.0,0.0;1.0,0.0,0.0,0.0
0.15;0.0,0.0,0.0;1.0,0.0,0.0,0.0
0.16;0.0,0.0,0.0;1.0,0.0,0.0,0.0
0.17;0.0,0.0,0.0;1.0,0.0,0.0,0.0
0.18;0.0,0.0,0.0;1.0,0.0,0.0,0.0
0.19;0.0,0.0,0.0;1.0,0.0,0.0,0.0
0.2;0.0,0.0,0.0;1.0,0.0,0.0,0.0
0.21;0.0,0.0,0.0;1.0,0.0,0.0,0.0
0.22;0.0,0.0,0.0;1.0,0.0,0.0,0.0
0.23;0.0,0.0,0.0;1.0,0.0,0.0,0.0
0.24;0.0,0.0,0.0;1.0,0.0,0.0,0.0
0.25;0.0,0.0,0.0;1.0,0.0,0.0,0.0
0.26;0.0,0.0,0.0;1.0,0.0,0.0,0.0
0.27;0.0,0.0,0.0;1.0,0.0,0.0,0.0
0.28;0.0,0.0,0.0;1.0,0.0,0.0,0.0
0.29;0.0,0.0,0.0;1.0,0.0,0.0,0.0
0.3;0.0,0.0,0.0;1.0,0.0,0.0,0.0
0.31;0.0,0.0,0.0;1.0,0.0,0.0,0.0
0.32;0.0,0.0,0.0;1.0,0.0,0.0,0.0
0.33;0.0,0.0,0.0;1.0,0.0,0.0,0.0
0.34;0.0,0.0,0.0;1.0,0.0,0.0,0.0
0.35;0.0,0.0,0.0;1.0,0.0,0.0,0.0
0.36;0.0,0.0,0.0;1.0,0.0,0.0,0.0
0.37;0.0,0.0,0.0;1.0,0.0,0.0,0.0
0.38;0.0,0.0,0.0;1.0,0.0,0.0,0.0
0.39;0.0,0.0,0.0;1.0,0.0,0.0,0.0
0.4;0.0,0.0,0.0;1.0,0.0,0.0,0.0
0.41;0.0,0.0,0.0;1.0,0.0,0.0,0.0
0.42;0.0,0.0,0.0;1.0,0.0,0.0,0.0
0.43;0.0,0.0,0.0;1.0,0.0,0.0,0.0
0.44;0.0,0.0,0.0;1.0,0.0,0.0,0.0
0.45;0.0,0.0,0.0;1.0,0.0,0.0,0.0
0.46;0.0,0.0,0.0;1.0,0.0,0.0,0.0
0.47;0.0,0.0,0.0;1.0,0.0,0.0,0.0
0.48;0.0,0.0,0.0;1.0,0.0,0.0,0.0
0.49;0.0,0.0,0.0;1.0,0.0,0.0,0.0
0.5;0.0,0.0,0.0;1.0,0.0,0.0,0.0
0.51;0.0,0.0,0.0;1.0,0.0,0.0,0.0
0.52;0.0,0.0,0.0;1.0,0.0,0.0,0.0
0.53;0.0,0.0,0.0;1.0,0.0,0.0,0.0
0.54;0.0,0.0,0.0;1.0,0.0,0.0,0.0
0.55;0.0,0.0,0.0;1.0,0.0,0.0,0.0
0.56;0.0,0.0,0.0;1.0,0.0,0.0,0.0
0.57;0.0,0.0,0.0;1.0,0.0,0.0,0.0
0.58;0.0,0.0,0.0;1.0,0.0,0.0,0.0
0.59;0.0,0.0,0.0;1.0,0.0,0.0,0.0
0.6;0.0,0.0,0.0;1.0,0.0,0.0,0.0
0.61;0.0,0.0,0.0;1.0,0.0,0.0,0.0
0.62;0.0,0.0,0.0;1.0,0.0,0.0,0.0
0.63;0.0,0.0,0.0;1.0,0.0,0.0,0.0
0.64;0.0,0.0,0.0;1.0,0.0,0.0,0.0
0.65;0.0,0.0,0.0;1.0,0.0,0.0,0.0
0.66;0.0,0.0,0.0;1.0,0.0,0.0,0.0
0.67;0.0,0.0,0.0;1.0,0.0,0.0,0.0
0.68;0.0,0.0,0.0;1.0,0.0,0.0,0.0
0.69;0.0,0.0,0.0;1.0,0.0,0.0,0.0
0.7;0.0,0.0,0.0;1.0,0.0,0.0,0.0
0.71;0.0,0.0,0.0;1.0,0.0,0.0,0.0
0.72;0.0,0.0,0.0;1.0,0.0,0.0,0.0
0.73;0.0,0.0,0.0;1.0,0.0,0.0,0.0
0.74;0.0,0.0,0.0;1.0,0.0,0.0,0.0
0.75;0.0,0.0,0.0;1.0,0.0,0.0,0.0
0.76;0.0,0.0,0.0;1.0,0.0,0.0,0.0
0.77;0.0,0.0,0.0;1.0,0.0,0.0,0.0
0.78;0.0,0.0,0.0;1.0,0.0,0.0,0.0
0.79;0.0,0.0,0.0;1.0,0.0,0.0,0.0
0.8;0.0,0.0,0.0;1.0,0.0,0.0,0.0
0.81;0.0,0.0,0.0;1.0,0.0,0.0,0.0
0.82;0.0,0.0,0.0;1.0,0.0,0.0,0.0
0.83;0.0,0.0,0.0;1.0,0.0,0.0,0.0
0.84;0.0,0.0,0.0;1.0,0.0,0.0,0.0
0.85;0.0,0.0,0.0;1.0,0.0,0.0,0.0
0.86;0.0,0.0,0.0;1.0,0.0,0.0,0.0
0.87;0.0,0.0,0.0;1.0,0.0,0.0,0.0
0.88;0.0,0.0,0.0;1.0,0.0,0.0,0.0
0.89;0.0,0.0,0.0;1.0,0.0,0.0,0.0
0.9;0.0,0.0,0.0;1.0,0.0,0.0,0.0
0.91;0.0,0.0,0.0;1.0,0.0,0.0,0.0
0.92;0.0,0.0,0.0;1.0,0.0,0.0,0.0
0.93;0.0,0.0,0.0;1.0,0.0,0.0,0.0
0.94;0.0,0.0,0.0;1.0,0.0,0.0,0.0
0.95;0.0,0.0,0.0;1.0,0.0,0.0,0.0
0.96;0.0,0.0,0.0;1.0,0.0,0.0,0.0
0.97;0.0,0.0,0.0;1.0,0.0,0.0,0.0
0.98;0.0,0.0,0.0;1.0,0.0,0.0,0.0
0.99;0.0,0.0,0.0;1.0,0.0,0.0,0.0
1.0;0.0,0.0,0.0;1.0,0.0,0.0,0.0
1.01;0.0,0.0,0.0;1.0,0.0,0.0,0.0
1.02;0.0,0.0,0.0;1.0,0.0,0.0,0.0
1.03;0.0,0.0,0.0;1.0,0.0,0.0,0.0
1.04;0.0,0.0,0.0;1.0,0.0,0.0,0.0
1.05;0.0,0.0,0.0;1.0,0.0,0.0,0.0
1.06;0.0,0.0,0.0;1.0,0.0,0.0,0.0
1.07;0.0,0.0,0.0;1.0,0.0,0.0,0.0
1.08;0.0,0.0,0.0;1.0,0.0,0.0,0.0
1.09;0.0,0.0,0.0;1.0,0.0,0.0,0.0
1.1;0.0,0.0,0.0;1.0,0.0,0.0,0.0
1.11;0.0,0.0,0.0;1.0,0.0,0.0,0.0
1.12;0.0,0.0,0.0;1.0,0.0,0.0,0.0
1.13;0.0,0.0,0.0;1.0,0.0,0.0,0.0
1.14;0.0,0.0,0.0;1.0,0.0,0.0,0.0
1.15;0.0,0.0,0.0;1.0,0.0,0.0,0.0
1.16;0.0,0.0,0.0;1.0,0.0,0.0,0.0
1.17;0.0,0.0,0.0;1.0,0.0,0.0,0.0
1.18;0.0,0.0,0.0;1.0,0.0,0.0,0.0
1.19;0.0,0.0,0.0;1.0,0.0,0.0,0.0
1.2;0.0,0.0,0.0;1.0,0.0,0.0,0.0
1.21;0.0,0.0,0.0;1.0,0.0,0.0,0.0
1.22;0.0,0.0,0.0;1.0,0.0,0.0,0.0
1.23;0.0,0.0,0.0;1.0,0.0,0.0,0.0
1.24;0.0,0.0,0.0;1.0,0.0,0.0,0.0
1.25;0.0,0.0,0.0;1.0,0.0,0.0,0.0
1.26;0.0,0.0,0.0;1.0,0.0,0.0,0.0
1.27;0.0,0.0,0.0;1.0,0.0,0.0,0.0
1.28;0.0,0.0,0.0;1.0,0.0,0.0,0.0
1.29;0.0,0.0,0.0;1.0,0.0,0.0,0.0
1.3;0.0,0.0,0.0;1.0,0.0,0.0,0.0
1.31;0.0,0.0,0.0;1.0,0.0,0.0,0.0
1.32;0.0,0.0,0.0;1.0,0.0,0.0,0.0
1.33;0.0,0.0,0.0;1.0,0.0,0.0,0.0
1.34;0.0,0.0,0.0;1.0,0.0,0.0,0.0
1.35;0.0,0.0,0.0;1.0,0.0,0.0,0.0
1.36;0.0,0.0,0.0;1.0,0.0,0.0,0.0
1.37;0.0,0.0,0.0;1.0,0.0,0.0,0.0
1.38;0.0,0.0,0.0;1.0,0.0,0.0,0.0
1.39;0.0,0.0,0.0;1.0,0.0,0.0,0.0
1.4;0.0,0.0,0.0;1.0,0.0,0.0,0.0
1.41;0.0,0.0,0.0;1.0,0.0,0.0,0.0
1.42;0.0,0.0,0.0;1.0,0.0,0.0,0.0
1.43;0.0,0.0,0.0;1.0,0.0,0.0,0.0
1.44;0.0,0.0,0.0;1.0,0.0,0.0,0.0
1.45;0.0,0.0,0.0;1.0,0.0,0.0,0.0
1.46;0.0,0.0,0.0;1.0,0.0,0.0,0.0
1.47;0.0,0.0,0.0;1.0,0.0,0.0,0.0
1.48;0.0,0.0,0.0;1.0,0.0,0.0,0.0
1.49;0.0,0.0,0.0;1.0,0.0,0.0,0.0
1.5;0.0,0.0,0.0;1.0,0.0,0.0,0.0
1.51;0.0,0.0,0.0;1.0,0.0,0.0,0.0
1.52;0.0,0.0,0.0;1.0,0.0,0.0,0.0
1.53;0.0,0.0,0.0;1.0,0.0,0.0,0.0
1.54;0.0,0.0,0.0;1.0,0.0,0.0,0.0
1.55;0.0,0.0,0.0;1.0,0.0,0.0,0.0
1.56;0.0,0.0,0.0;1.0,0.0,0.0,0.0
1.57;0.0,0.0,0.0;1.0,0.0,0.0,0.0
1.58;0.0,0.0,0.0;1.0,0.0,0.0,0.0
1.59;0.0,0.0,0.0;1.0,0.0,0.0,0.0
1.6;0.0,0.0,0.0;1.0,0.0,0.0,0.0
1.61;0.0,0.0,0.0;1.0,0.0,0.0,0.0
1.62;0.0,0.0,0.0;1.0,0.0,0.0,0.0
1.63;0.0,0.0,0.0;1.0,0.0,0.0,0.0
1.64;0.0,0.0,0.0;1.0,0.0,0.0,0.0
1.65;0.0,0.0,0.0;1.0,0.0,0.0,0.0
1.66;0.0,0.0,0.0;1.0,0.0,0.0,0.0
1.67;0.0,0.0,0.0;1.0,0.0,0.0,0.0
1.68;0.0,0.0,0.0;1.0,0.0,0.0,0.0
1.69;0.0,0.0,0.0;1.0,0.0,0.0,0.0
1.7;0.0,0.0,0.0;1.0,0.0,0.0,0.0
1.71;0.0,0.0,0.0;1.0,0.0,0.0,0.0
1.72;0.0,0.0,0.0;1.0,0.0,0.0,0.0
1.73;0.0,0.0,0.0;1.0,0.0,0.0,0.0
1.74;0.0,0.0,0.0;1.0,0.0,0.0,0.0
1.75;0.0,0.0,0.0;1.0,0.0,0.0,0.0
1.76;0.0,0.0,0.0;1.0,0.0,0.0,0.0
1.77;0.0,0.0,0.0;1.0,0.0,0.0,0.0
1.78;0.0,0.0,0.0;1.0,0.0,0.0,0.0
1.79;0.0,0.0,0.0;1.0,0.0,0.0,0.0
1.8;0.0,0.0,0.0;1.0,0.0,0.0,0.0
1.81;0.0,0.0,0.0;1.0,0.0,0.0,0.0
1.82;0.0,0.0,0.0;1.0,0.0,0.0,0.0
1.83;0.0,0.0,0.0;1.0,0.0,0.0,0.0
1.84;0.0,0.0,0.0;1.0,0.0,0.0,0.0
1.85;0.0,0.0,0.0;1.0,0.0,0.0,0.0
1.86;0.0,0.0,0.0;1.0,0.0,0.0,0.0
1.87;0.0,0.0,0.0;1.0,0.0,0.0,0.0
1.88;0.0,0.0,0.0;1.0,0.0,0.0,0.0
1.89;0.0,0.0,0.0;1.0,0.0,0.0,0.0
1.9;0.0,0.0,0.0;1.0,0.0,0.0,0.0
1.91;0.0,0.0,0.0;1.0,0.0,0.0,0.0
1.92;0.0,0.0,0.0;1.0,0.0,0.0,0.0
1.93;0.0,0.0,0.0;1.0,0.0,0.0,0.0
1.94;0.0,0.0,0.0;1.0,0.0,0.0,0.0
1.95;0.0,0.0,0.0;1.0,0.0,0.0,0.0
1.96;0.0,0.0,0.0;1.0,0.0,0.0,0.0
1.97;0.0,0.0,0.0;1.0,0.0,0.0,0.0
1.98;0.0,0.0,0.0;1.0,0.0,0.0,0.0
1.99;0.0,0.0,0.0;1.0,0.0,0.0,0.0
2.0;0.0,0.0,0.0;1.0,0.0,0.0,0.0
2.01;0.0,0.0,0.0;1.0,0.0,0.0,0.0
2.02;0.0,0.0,0.0;1.0,0.0,0.0,0.0
2.03;0.0,0.0,0.0;1.0,0.0,0.0,0.0
2.04;0.0,0.0,0.0;1.0,0.0,0.0,0.0
2.05;0.0,0.0,0.0;1.0,0.0,0.0,0.0
2.06;0.0,0.0,0.0;1.0,0.0,0.0,0.0
2.07;0.0,0.0,0.0;1.0,0.0,0.0,0.0
2.08;0.0,0.0,0.0;1.0,0.0,0.0,0.0
2.09;0.0,0.0,0.0;1.0,0.0,0.0,0.0
2.1;0.0,0.0,0.0;1.0,0.0,0.0,0.0
2.11;0.0,0.0,0.0;1.0,0.0,0.0,0.0
2.12;0.0,0.0,0.0;1.0,0.0,0.0,0.0
2.13;0.0,0.0,0.0;1.0,0.0,0.0,0.0
2.14;0.0,0.0,0.0;1.0,0.0,0.0,0.0
2.15;0.0,0.0,0.0;1.0,0.0,0.0,0.0
2.16;0.0,0.0,0.0;1.0,0.0,0.0,0.0
2.17;0.0,0.0,0.0;1.0,0.0,0.0,0.0
2.18;0.0,0.0,0.0;1.0,0.0,0.0,0.0
2.19;0.0,0.0,0.0;1.0,0.0,0.0,0.0
2.2;0.0,0.0,0.0;1.0,0.0,0.0,0.0
2.21;0.0,0.0,0.0;1.0,0.0,0.0,0.0
2.22;0.0,0.0,0.0;1.0,0.0,0.0,0.0
2.23;0.0,0.0,0.0;1.0,0.0,0.0,0.0
2.24;0.0,0.0,0.0;1.0,0.0,0.0,0.0
2.25;0.0,0.0,0.0;1.0,0.0,0.0,0.0
2.26;0.0,0.0,0.0;1.0,0.0,0.0,0.0
2.27;0.0,0.0,0.0;1.0,0.0,0.0,0.0
2.28;0.0,0.0,0.0;1.0,0.0,0.0,0.0
2.29;0.0,0.0,0.0;1.0,0.0,0.0,0.0
2.3;0.0,0.0,0.0;1.0,0.0,0.0,0.0
2.31;0.0,0.0,0.0;1.0,0.0,0.0,0.0
2.32;0.0,0.0,0.0;1.0,0.0,0.0,0.0
2.33;0.0,0.0,0.0;1.0,0.0,0.0,0.0
2.34;0.0,0.0,0.0;1.0,0.0,0.0,0.0
2.35;0.0,0.0,0.0;1.0,0.0,0.0,0.0
2.36;0.0,0.0,0.0;1.0,0.0,0.0,0.0
2.37;0.0,0.0,0.0;1.0,0.0,0.0,0.0
2.38;0.0,0.0,0.0;1.0,0.0,0.0,0.0
2.39;0.0,0.0,0.0;1.0,0.0,0.0,0.0
2.4;0.0,0.0,0.0;1.0,0.0,0.0,0.0
2.41;0.0,0.0,0.0;1.0,0.0,0.0,0.0
2.42;0.0,0.0,0.0;1.0,0.0,0.0,0.0
2.43;0.0,0.0,0.0;1.0,0.0,0.0,0.0
2.44;0.0,0.0,0.0;1.0,0.0,0.0,0.0
2.45;0.0,0.0,0.0;1.0,0.0,0.0,0.0
2.46;0.0,0.0,0.0;1.0,0.0,0.0,0.0
2.47;0.0,0.0,0.0;1.0,0.0,0.0,0.0
2.48;0.0,0.0,0.0;1.0,0.0,0.0,0.0
2.49;0.0,0.0,0.0;1.0,0.0,0.0,0.0
2.5;0.0,0.0,0.0;1.0,0.0,0.0,0.0
2.51;0.0,0.0,0.0;1.0,0.0,0.0,0.0
2.52;0.0,0.0,0.0;1.0,0.0,0.0,0.0
2.53;0.0,0.0,0.0;1.0,0.0,0.0,0.0
2.54;0.0,0.0,0.0;1.0,0.0,0.0,0.0
2.55;0.0,0.0,0.0;1.0,0.0,0.0,0.0
2.56;0.0,0.0,0.0;1.0,0.0,0.0,0.0
2.57;0.0,0.0,0.0;1.0,0.0,0.0,0.0
2.58;0.0,0.0,0.0;1.0,0.0,0.0,0.0
2.59;0.0,0.0,0.0;1.0,0.0,0.0,0.0
2.6;0.0,0.0,0.0;1.0,0.0,0.0,0.0
2.61;0.0,0.0,0.0;1.0,0.0,0.0,0.0
2.62;0.0,0.0,0.0;1.0,0.0,0.0,0.0
2.63;0.0,0.0,0.0;1.0,0.0,0.0,0.0
2.64;0.0,0.0,0.0;1.0,0.0,0.0,0.0
2.65;0.0,0.0,0.0;1.0,0.0,0.0,0.0
2.66;0.0,0.0,0.0;1.0,0.0,0.0,0.0
2.67;0.0,0.0,0.0;1.0,0.0,0.0,0.0
2.68;0.0,0.0,0.0;1.0,0.0,0.0,0.0
2.69;0.0,0.0,0.0;1.0,0.0,0.0,0.0
2.7;0.0,0.0,0.0;1.0,0.0,0.0,0.0
2.71;0.0,0.0,0.0;1.0,0.0,0.0,0.0
2.72;0.0,0.0,0.0;1.0,0.0,0.0,0.0
2.73;0.0,0.0,0.0;1.0,0.0,0.0,0.0
2.74;0.0,0.0,0.0;1.0,0.0,0.0,0.0
2.75;0.0,0.0,0.0;1.0,0.0,0.0,0.0
2.76;0.0,0.0,0.0;1.0,0.0,0.0,0.0
2.77;0.0,0.0,0.0;1.0,0.0,0.0,0.0
2.78;0.0,0.0,0.0;1.0,0.0,0.0,0.0
2.79;0.0,0.0,0.0;1.0,0.0,0.0,0.0
2.8;0.0,0.0,0.0;1.0,0.0,0.0,0.0
2.81;0.0,0.0,0.0;1.0,0.0,0.0,0.0
2.82;0.0,0.0,0.0;1.0,0.0,0.0,0.0
2.83;0.0,0.0,0.0;1.0,0.0,0.0,0.0
2.84;0.0,0.0,0.0;1.0,0.0,0.0,0.0
2.85;0.0,0.0,0.0;1.0,0.0,0.0,0.0
2.86;0.0,0.0,0.0;1.0,0.0,0.0,0.0
2.87;0.0,0.0,0.0;1.0,0.0,0.0,0.0
2.88;0.0,0.0,0.0;1.0,0.0,0.0,0.0
2.89;0.0,0.0,0.0;1.0,0.0,0.0,0.0
2.9;0.0,0.0,0.0;1.0,0.0,0.0,0.0
2.91;0.0,0.0,0.0;1.0,0.0,0.0,0.0
2.92;0.0,0.0,0.0;1.0,0.0,0.0,0.0
2.93;0.0,0.0,0.0;1.0,0.0,0.0,0.0
2.94;0.0,0.0,0.0;1.0,0.0,0.0,0.0
2.95;0.0,0.0,0.0;1.0,0.0,0.0,0.0
2.96;0.0,0.0,0.0;1.0,0.0,0.0,0.0
2.97;0.0,0.0,0.0;1.0,0.0,0.0,0.0
2.98;0.0,0.0,0.0;1.0,0.0,0.0,0.0
2.99;0.0,0.0,0.0;1.0,0.0,0.0,0.0
3.0;0.0,0.0,0.0;1.0,0.0,0.0,0.0
3.01;0.0,0.0,0.0;1.0,0.0,0.0,0.0
3.02;0.0,0.0,0.0;1.0,0.0,0.0,0.0
3.03;0.0,0.0,0.0;1.0,0.0,0.0,0.0
3.04;0.0,0.0,0.0;1.0,0.0,0.0,0.0
3.05;0.0,0.0,0.0;1.0,0.0,0.0,0.0
3.06;0.0,0.0,0.0;1.0,0.0,0.0,0.0
3.07;0.0,0.0,0.0;1.0,0.0,0.0,0.0
3.08;0.0,0.0,0.0;1.0,0.0,0.0,0.0
3.09;0.0,0.0,0.0;1.0,0.0,0.0,0.0
3.1;0.0,0.0,0.0;1.0,0.0,0.0,0.0
3.11;0.0,0.0,0.0;1.0,0.0,0.0,0.0
3.12;0.0,0.0,0.0;1.0,0.0,0.0,0.0
3.13;0.0,0.0,0.0;1.0,0.0,0.0,0.0
3.14;0.0,0.0,0.0;1.0,0.0,0.0,0.0
3.15;0.0,0.0,0.0;1.0,0.0,0.0,0.0
3.16;0.0,0.0,0.0;1.0,0.0,0.0,0.0
3.17;0.0,0.0,0.0;1.0,0.0,0.0,0.0
3.18;0.0,0.0,0.0;1.0,0.0,0.0,0.0
3.19;0.0,0.0,0.0;1.0,0.0,0.0,0.0
3.2;0.0,0.0,0.0;1.0,0.0,0.0,0.0
3.21;0.0,0.0,0.0;1.0,0.0,0.0,0.0
3.22;0.0,0.0,0.0;1.0,0.0,0.0,0.0
3.23;0.0,0.0,0.0;1.0,0.0,0.0,0.0
3.24;0.0,0.0,0.0;1.0,0.0,0.0,0.0
3.25;0.0,0.0,0.0;1.0,0.0,0.0,0.0
3.26;0.0,0.0,0.0;1.0,0.0,0.0,0.0
3.27;0.0,0.0,0.0;1.0,0.0,0.0,0.0
3.28;0.0,0.0,0.0;1.0,0.0,0.0,0.0
3.29;0.0,0.0,0.0;1.0,0.0,0.0,0.0
3.3;0.0,0.0,0.0;1.0,0.0,0.0,0.0
3.31;0.0,0.0,0.0;1.0,0.0,0.0,0.0
3.32;0.0,0.0,0.0;1.0,0.0,0.0,0.0
3.33;0.0,0.0,0.0;1.0,0.0,0.0,0.0
3.34;0.0,0.0,0.0;1.0,0.0,0.0,0.0
3.35;0.0,0.0,0.0;1.0,0.0,0.0,0.0
3.36;0.0,0.0,0.0;1.0,0.0,0.0,0.0
3.37;0.0,0.0,0.0;1.0,0.0,0.0,0.0
3.38;0.0,0.0,0.0;1.0,0.0,0.0,0.0
3.39;0.0,0.0,0.0;1.0,0.0,0.0,0.0
3.4;0.0,0.0,0.0;1.0,0.0,0.0,0.0
3.41;0.0,0.0,0.0;1.0,0.0,0.0,0.0
3.42;0.0,0.0,0.0;1.0,0.0,0.0,0.0
3.43;0.0,0.0,0.0;1.0,0.0,0.0,0.0
3.44;0.0,0.0,0.0;1.0,0.0,0.0,0.0
3.45;0.0,0.0,0.0;1.0,0.0,0.0,0.0
3.46;0.0,0.0,0.0;1.0,0.0,0.0,0.0
3.47;0.0,0.0,0.0;1.0,0.0,0.0,0.0
3.48;0.0,0.0,0.0;1.0,0.0,0.0,0.0
3.49;0.0,0.0,0.0;1.0,0.0,0.0,0.0
3.5;0.0,0.0,0.0;1.0,0.0,0.0,0.0
3.51;0.0,0.0,0.0;1.0,0.0,0.0,0.0
3.52;0.0,0.0,0.0;1.0,0.0,0.0,0.0
3.53;0.0,0.0,0.0;1.0,0.0,0.0,0.0
3.54;0.0,0.0,0.0;1.0,0.0,0.0,0.0
3.55;0.0,0.0,0.0;1.0,0.0,0.0,0.0
3.56;0.0,0.0,0.0;1.0,0.0,0.0,0.0
3.57;0.0,0.0,0.0;1.0,0.0,0.0,0.0
3.58;0.0,0.0,0.0;1.0,0.0,0.0,0.0
3.59;0.0,0.0,0.0;1.0,0.0,0.0,0.0
3.6;0.0,0.0,0.0;1.0,0.0,0.0,0.0
3.61;0.0,0.0,0.0;1.0,0.0,0.0,0.0
3.62;0.0,0.0,0.0;1.0,0.0,0.0,0.0
3.63;0.0,0.0,0.0;1.0,0.0,0.0,0.0
3.64;0.0,0.0,0.0;1.0,0.0,0.0,0.0
3.65;0.0,0.0,0.0;1.0,0.0,0.0,0.0
3.66;0.0,0.0,0.0;1.0,0.0,0.0,0.0
3.67;0.0,0.0,0.0;1.0,0.0,0.0,0.0
3.68;0.0,0.0,0.0;1.0,0.0,0.0,0.0
3.69;0.0,0.0,0.0;1.0,0.0,0.0,0.0
3.7;0.0,0.0,0.0;1.0,0.0,0.0,0.0
3.71;0.0,0.0,0.0;1.0,0.0,0.0,0.0
3.72;0.0,0.0,0.0;1.0,0.0,0.0,0.0
3.73;0.0,0.0,0.0;1.0,0.0,0.0,0.0
3.74;0.0,0.0,0.0;1.0,0.0,0.0,0.0
3.75;0.0,0.0,0.0;1.0,0.0,0.0,0.0
3.76;0.0,0.0,0.0;1.0,0.0,0.0,0.0
3.77;0.0,0.0,0.0;1.0,0.0,0.0,0.0
3.78;0.0,0.0,0.0;1.0,0.0,0.0,0.0
3.79;0.0,0.0,0.0;1.0,0.0,0.0,0.0
3.8;0.0,0.0,0.0;1.0,0.0,0.0,0.0
3.81;0.0,0.0,0.0;1.0,0.0,0.0,0.0
3.82;0.0,0.0,0.0;1.0,0.0,0.0,0.0
3.83;0.0,0.0,0.0;1.0,0.0,0.0,0.0
3.84;0.0,0.0,0.0;1.0,0.0,0.0,0.0
3.85;0.0,0.0,0.0;1.0,0.0,0.0,0.0
3.86;0.0,0.0,0.0;1.0,0.0,0.0,0.0
3.87;0.0,0.0,0.0;1.0,0.0,0.0,0.0
3.88;0.0,0.0,0.0;1.0,0.0,0.0,0.0
3.89;0.0,0.0,0.0;1.0,0.0,0.0,0.0
3.9;0.0,0.0,0.0;1.0,0.0,0.0,0.0
3.91;0.0,0.0,0.0;1.0,0.0,0.0,0.0
3.92;0.0,0.0,0.0;1.0,0.0,0.0,0.0
3.93;0.0,0.0,0.0;1.0,0.0,0.0,0.0
3.94;0.0,0.0,0.0;1.0,0.0,0.0,0.0
3.95;0.0,0.0,0.0;1.0,0.0,0.0,0.0
3.96;0.0,0.0,0.0;1.0,0.0,0.0,0.0
3.97;0.0,0.0,0.0;1.0,0.0,0.0,0.0
3.98;0.0,0.0,0.0;1.0,0.0,0.0,0.0
3.99;0.0,0.0,0.0;1.0,0.0,0.0,0.0
4.0;0.0,0.0,0.0;1.0,0.0,0.0,0.0
4.01;0.0,0.0,0.0;1.0,0.0,0.0,0.0
4.02;0.0,0.0,0.0;1.0,0.0,0.0,0.0
4.03;0.0,0.0,0.0;1.0,0.0,0.0,0.0
4.04;0.0,0.0,0.0;1.0,0.0,0.0,0.0
4.05;0.0,0.0,0.0;1.0,0.0,0.0,0.0
4.06;0.0,0.0,0.0;1.0,0.0,0.0,0.0
4.07;0.0,0.0,0.0;1.0,0.0,0.0,0.0
4.08;0.0,0.0,0.0;1.0,0.0,0.0,0.0
4.09;0.0,0.0,0.0;1.0,0.0,0.0,0.0
4.1;0.0,0.0,0.0;1.0,0.0,0.0,0.0
4.11;0.0,0.0,0.0;1.0,0.0,0.0,0.0
4.12;0.0,0.0,0.0;1.0,0.0,0.0,0.0
4.13;0.0,0.0,0.0;1.0,0.0,0.0,0.0
4.14;0.0,0.0,0.0;1.0,0.0,0.0,0.0
4.15;0.0,0.0,0.0;1.0,0.0,0.0,0.0
4.16;0.0,0.0,0.0;1.0,0.0,0.0,0.0
4.17;0.0,0.0,0.0;1.0,0.0,0.0,0.0
4.18;0.0,0.0,0.0;1.0,0.0,0.0,0.0
4.19;0.0,0.0,0.0;1.0,0.0,0.0,0.0
4.2;0.0,0.0,0.0;1.0,0.0,0.0,0.0
4.21;0.0,0.0,0.0;1.0,0.0,0.0,0.0
4.22;0.0,0.0,0.0;1.0,0.0,0.0,0.0
4.23;0.0,0.0,0.0;1.0,0.0,0.0,0.0
4.24;0.0,0.0,0.0;1.0,0.0,0.0,0.0
4.25;0.0,0.0,0.0;1.0,0.0,0.0,0.0
4.26;0.0,0.0,0.0;1.0,0.0,0.0,0.0
4.27;0.0,0.0,0.0;1.0,0.0,0.0,0.0
4.28;0.0,0.0,0.0;1.0,0.0,0.0,0.0
4.29;0.0,0.0,0.0;1.0,0.0,0.0,0.0
4.3;0.0,0.0,0.0;1.0,0.0,0.0,0.0
4.31;0.0,0.0,0.0;1.0,0.0,0.0,0.0
4.32;0.0,0.0,0.0;1.0,0.0,0.0,0.0
4.33;0.0,0.0,0.0;1.0,0.0,0.0,0.0
4.34;0.0,0.0,0.0;1.0,0.0,0.0,0.0
4.35;0.0,0.0,0.0;1.0,0.0,0.0,0.0
4.36;0.0,0.0,0.0;1.0,0.0,0.0,0.0
4.37;0.0,0.0,0.0;1.0,0.0,0.0,0.0
4.38;0.0,0.0,0.0;1.0,0.0,0.0,0.0
4.39;0.0,0.0,0.0;1.0,0.0,0.0,0.0
4.4;0.0,0.0,0.0;1.0,0.0,0.0,0.0
4.41;0.0,0.0,0.0;1.0,0.0,0.0,0.0
4.42;0.0,0.0,0.0;1.0,0.0,0.0,0.0
4.43;0.0,0.0,0.0;1.0,0.0,0.0,0.0
4.44;0.0,0.0,0.0;1.0,0.0,0.0,0.0
4.45;0.0,0.0,0.0;1.0,0.0,0.0,0.0
4.46;0.0,0.0,0.0;1.0,0.0,0.0,0.0
4.47;0.0,0.0,0.0;1.0,0.0,0.0,0.0
4.48;0.0,0.0,0.0;1.0,0.0,0.0,0.0
4.49;0.0,0.0,0.0;1.0,0.0,0.0,0.0
4.5;0.0,0.0,0.0;1.0,0.0,0.0,0.0
4.51;0.0,0.0,0.0;1.0,0.0,0.0,0.0
4.52;0.0,0.0,0.0;1.0,0.0,0.0,0.0
4.53;0.0,0.0,0.0;1.0,0.0,0.0,0.0
4.54;0.0,0.0,0.0;1.0,0.0,0.0,0.0
4.55;0.0,0.0,0.0;1.0,0.0,0.0,0.0
4.56;0.0,0.0,0.0;1.0,0.0,0.0,0.0
4.57;0.0,0.0,0.0;1.0,0.0,0.0,0.0
4.58;0.0,0.0,0.0;1.0,0.0,0.0,0.0
4.59;0.0,0.0,0.0;1.0,0.0,0.0,0.0
4.6;0.0,0.0,0.0;1.0,0.0,0.0,0.0
4.61;0.0,0.0,0.0;1.0,0.0,0.0,0.0
4.62;0.0,0.0,0.0;1.0,0.0,0.0,0.0
4.63;0.0,0.0,0.0;1.0,0.0,0.0,0.0
4.64;0.0,0.0,0.0;1.0,0.0,0.0,0.0
4.65;0.0,0.0,0.0;1.0,0.0,0.0,0.0
4.66;0.0,0.0,0.0;1.0,0.0,0.0,0.0
4.67;0.0,0.0,0.0;1.0,0.0,0.0,0.0
4.68;0.0,0.0,0.0;1.0,0.0,0.0,0.0
4.69;0.0,0.0,0.0;1.0,0.0,0.0,0.0
4.7;0.0,0.0,0.0;1.0,0.0,0.0,0.0
4.71;0.0,0.0,0.0;1.0,0.0,0.0,0.0
4.72;0.0,0.0,0.0;1.0,0.0,0.0,0.0
4.73;0.0,0.0,0.0;1.0,0.0,0.0,0.0
4.74;0.0,0.0,0.0;1.0,0.0,0.0,0.0
4.75;0.0,0.0,0.0;1.0,0.0,0.0,0.0
4.76;0.0,0.0,0.0;1.0,0.0,0.0,0.0
4.77;0.0,0.0,0.0;1.0,0.0,0.0,0.0
4.78;0.0,0.0,0.0;1.0,0.0,0.0,0.0
4.79;0.0,0.0,0.0;1.0,0.0,0.0,0.0
4.8;0.0,0.0,0.0;1.0,0.0,0.0,0.0
4.81;0.0,0.0,0.0;1.0,0.0,0.0,0.0
4.82;0.0,0.0,0.0;1.0,0.0,0.0,0.0
4.83;0.0,0.0,0.0;1.0,0.0,0.0,0.0
4.84;0.0,0.0,0.0;1.0,0.0,0.0,0.0
4.85;0.0,0.0,0.0;1.0,0.0,0.0,0.0
4.86;0.0,0.0,0.0;1.0,0.0,0.0,0.0
4.87;0.0,0.0,0.0;1.0,0.0,0.0,0.0
4.88;0.0,0.0,0.0;1.0,0.0,0.0,0.0
4.89;0.0,0.0,0.0;1.0,0.0,0.0,0.0
4.9;0.0,0.0,0.0;1.0,0.0,0.0,0.0
4.91;0.0,0.0,0.0;1.0,0.0,0.0,0.0
4.92;0.0,0.0,0.0;1.0,0.0,0.0,0.0
4.93;0.0,0.0,0.0;1.0,0.0,0.0,0.0
4.94;0.0,0.0,0.0;1.0,0.0,0.0,0.0
4.95;0.0,0.0,0.0;1.0,0.0,0.0,0.0
4.96;0.0,0.0,0.0;1.0,0.0,0.0,0.0
4.97;0.0,0.0,0.0;1.0,0.0,0.0,0.0
4.98;0.0,0.0,0.0;1.0,0.0,0.0,0.0
4.99;0.0,0.0,0.0;1.0,0.0,0.0,0.0
5.0;0.0,0.0,0.0;1.0,0.0,0.0,0.0
5.01;0.0,0.0,0.0;1.0,0.0,0.0,0.0
5.02;0.0,0.0,0.0;1.0,0.0,0.0,0.0
5.03;0.0,0.0,0.0;1.0,0.0,0.0,0.0
5.04;0.0,0.0,0.0;1.0,0.0,0.0,0.0
5.05;0.0,0.0,0.0;1.0,0.0,0.0,0.0
5.06;0.0,0.0,0.0;1.0,0.0,0.0,0.0
5.07;0.0,0.0,0.0;1.0,0.0,0.0,0.0
5.08;0.0,0.0,0.0;1.0,0.0,0.0,0.0
5.09;0.0,0.0,0.0;1.0,0.0,0.0,0.0
5.1;0.0,0.0,0.0;1.0,0.0,0.0,0.0
5.11;0.0,0.0,0.0;1.0,0.0,0.0,0.0
5.12;0.0,0.0,0.0;1.0,0.0,0.0,0.0
5.13;0.0,0.0,0.0;1.0,0.0,0.0,0.0
5.14;0.0,0.0,0.0;1.0,0.0,0.0,0.0
5.15;0.0,0.0,0.0;1.0,0.0,0.0,0.0
5.16;0.0,0.0,0.0;1.0,0.0,0.0,0.0
5.17;0.0,0.0,0.0;1.0,0.0,0.0,0.0
5.18;0.0,0.0,0.0;1.0,0.0,0.0,0.0
5.19;0.0,0.0,0.0;1.0,0.0,0.0,0.0
5.2;0.0,0.0,0.0;1.0,0.0,0.0,0.0
5.21;0.0,0.0,0.0;1.0,0.0,0.0,0.0
5.22;0.0,0.0,0.0;1.0,0.0,0.0,0.0
5.23;0.0,0.0,0.0;1.0,0.0,0.0,0.0
5.24;0.0,0.0,0.0;1.0,0.0,0.0,0.0
5.25;0.0,0.0,0.0;1.0,0.0,0.0,0.0
5.26;0.0,0.0,0.0;1.0,0.0,0.0,0.0
5.27;0.0,0.0,0.0;1.0,0.0,0.0,0.0
5.28;0.0,0.0,0.0;1.0,0.0,0.0,0.0
5.29;0.0,0.0,0.0;1.0,0.0,0.0,0.0
5.3;0.0,0.0,0.0;1.0,0.0,0.0,0.0
5.31;0.0,0.0,0.0;1.0,0.0,0.0,0.0
5.32;0.0,0.0,0.0;1.0,0.0,0.0,0.0
5.33;0.0,0.0,0.0;1.0,0.0,0.0,0.0
5.34;0.0,0.0,0.0;1.0,0.0,0.0,0.0
5.35;0.0,0.0,0.0;1.0,0.0,0.0,0.0
5.36;0.0,0.0,0.0;1.0,0.0,0.0,0.0
5.37;0.0,0.0,0.0;1.0,0.0,0.0,0.0
5.38;0.0,0.0,0.0;1.0,0.0,0.0,0.0
5.39;0.0,0.0,0.0;1.0,0.0,0.0,0.0
5.4;0.0,0.0,0.0;1.0,0.0,0.0,0.0
5.41;0.0,0.0,0.0;1.0,0.0,0.0,0.0
5.42;0.0,0.0,0.0;1.0,0.0,0.0,0.0
5.43;0.0,0.0,0.0;1.0,0.0,0.0,0.0
5.44;0.0,0.0,0.0;1.0,0.0,0.0,0.0
5.45;0.0,0.0,0.0;1.0,0.0,0.0,0.0
5.46;0.0,0.0,0.0;1.0,0.0,0.0,0.0
5.47;0.0,0.0,0.0;1.0,0.0,0.0,0.0
5.48;0.0,0.0,0.0;1.0,0.0,0.0,0.0
5.49;0.0,0.0,0.0;1.0,0.0,0.0,0.0
5.5;0.0,0.0,0.0;1.0,0.0,0.0,0.0
5.51;0.0,0.0,0.0;1.0,0.0,0.0,0.0
5.52;0.0,0.0,0.0;1.0,0.0,0.0,0.0
5.53;0.0,0.0,0.0;1.0,0.0,0.0,0.0
5.54;0.0,0.0,0.0;1.0,0.0,0.0,0.0
5.55;0.0,0.0,0.0;1.0,0.0,0.0,0.0
5.56;0.0,0.0,0.0;1.0,0.0,0.0,0.0
5.57;0.0,0.0,0.0;1.0,0.0,0.0,0.0
5.58;0.0,0.0,0.0;1.0,0.0,0.0,0.0
5.59;0.0,0.0,0.0;1.0,0.0,0.0,0.0
5.6;0.0,0.0,0.0;1.0,0.0,0.0,0.0
5.61;0.0,0.0,0.0;1.0,0.0,0.0,0.0
5.62;0.0,0.0,0.0;1.0,0.0,0.0,0.0
5.63;0.0,0.0,0.0;1.0,0.0,0.0,0.0
5.64;0.0,0.0,0.0;1.0,0.0,0.0,0.0
5.65;0.0,0.0,0.0;1.0,0.0,0.0,0.0
5.66;0.0,0.0,0.0;1.0,0.0,0.0,0.0
5.67;0.0,0.0,0.0;1.0,0.0,0.0,0.0
5.68;0.0,0.0,0.0;1.0,0.0,0.0,0.0
5.69;0.0,0.0,0.0;1.0,0.0,0.0,0.0
5.7;0.0,0.0,0.0;1.0,0.0,0.0,0.0
5.71;0.0,0.0,0.0;1.0,0.0,0.0,0.0
5.72;0.0,0.0,0.0;1.0,0.0,0.0,0.0
5.73;0.0,0.0,0.0;1.0,0.0,0.0,0.0
5.74;0.0,0.0,0.0;1.0,0.0,0.0,0.0
5.75;0.0,0.0,0.0;1.0,0.0,0.0,0.0
5.76;0.0,0.0,0.0;1.0,0.0,0.0,0.0
5.77;0.0,0.0,0.0;1.0,0.0,0.0,0.0
5.78;0.0,0.0,0.0;1.0,0.0,0.0,0.0
5.79;0.0,0.0,0.0;1.0,0.0,0.0,0.0
5.8;0.0,0.0,0.0;1.0,0.0,0.0,0.0
5.81;0.0,0.0,0.0;1.0,0.0,0.0,0.0
5.82;0.0,0.0,0.0;1.0,0.0,0.0,0.0
5.83;0.0,0.0,0.0;1.0,0.0,0.0,0.0
5.84;0.0,0.0,0.0;1.0,0.0,0.0,0.0
5.85;0.0,0.0,0.0;1.0,0.0,0.0,0.0
5.86;0.0,0.0,0.0;1.0,0.0,0.0,0.0
5.87;0.0,0.0,0.0;1.0,0.0,0.0,0.0
5.88;0.0,0.0,0.0;1.0,0.0,0.0,0.0
5.89;0.0,0.0,0.0;1.0,0.0,0.0,0.0
5.9;0.0,0.0,0.0;1.0,0.0,0.0,0.0
5.91;0.0,0.0,0.0;1.0,0.0,0.0,0.0
5.92;0.0,0.0,0.0;1.0,0.0,0.0,0.0
5.93;0.0,0.0,0.0;1.0,0.0,0.0,0.0
5.94;0.0,0.0,0.0;1.0,0.0,0.0,0.0
5.95;0.0,0.0,0.0;1.0,0.0,0.0,0.0
5.96;0.0,0.0,0.0;1.0,0.0,0.0,0.0
5.97;0.0,0.0,0.0;1.0,0.0,0.0,0.0
5.98;0.0,0.0,0.0;1.0,0.0,0.0,0.0
5.99;0.0,0.0,0.0;1.0,0.0,0.0,0.0
6.0;0.0,0.0,0.0;1.0,0.0,0.0,0.0
6.01;0.0,0.0,0.0;1.0,0.0,0.0,0.0
6.02;0.0,0.0,0.0;1.0,0.0,0.0,0.0
6.03;0.0,0.0,0.0;1.0,0.0,0.0,0.0
6.04;0.0,0.0,0.0;1.0,0.0,0.0,0.0
6.05;0.0,0.0,0.0;1.0,0.0,0.0,0.0
6.06;0.0,0.0,0.0;1.0,0.0,0.0,0.0
6.07;0.0,0.0,0.0;1.0,0.0,0.0,0.0
6.08;0.0,0.0,0.0;1.0,0.0,0.0,0.0
6.09;0.0,0.0,0.0;1.0,0.0,0.0,0.0
6.1;0.0,0.0,0.0;1.0,0.0,0.0,0.0
6.11;0.0,0.0,0.0;1.0,0.0,0.0,0.0
6.12;0.0,0.0,0.0;1.0,0.0,0.0,0.0
6.13;0.0,0.0,0.0;1.0,0.0,0.0,0.0
6.14;0.0,0.0,0.0;1.0,0.0,0.0,0.0
6.15;0.0,0.0,0.0;1.0,0.0,0.0,0.0
6.16;0.0,0.0,0.0;1.0,0.0,0.0,0.0
6.17;0.0,0.0,0.0;1.0,0.0,0.0,0.0
6.18;0.0,0.0,0.0;1.0,0.0,0.0,0.0
6.19;0.0,0.0,0.0;1.0,0.0,0.0,0.0
6.2;0.0,0.0,0.0;1.0,0.0,0.0,0.0
6.21;0.0,0.0,0.0;1.0,0.0,0.0,0.0
6.22;0.0,0.0,0.0;1.0,0.0,0.0,0.0
6.23;0.0,0.0,0.0;1.0,0.0,0.0,0.0
6.24;0.0,0.0,0.0;1.0,0.0,0.0,0.0
6.25;0.0,0.0,0.0;1.0,0.0,0.0,0.0
6.26;0.0,0.0,0.0;1.0,0.0,0.0,0.0
6.27;0.0,0.0,0.0;1.0,0.0,0.0,0.0
6.28;0.0,0.0,0.0;1.0,0.0,0.0,0.0
6.29;0.0,0.0,0.0;1.0,0.0,0.0,0.0
6.3;0.0,0.0,0.0;1.0,0.0,0.0,0.0
6.31;0.0,0.0,0.0;1.0,0.0,0.0,0.0
6.32;0.0,0.0,0.0;1.0,0.0,0.0,0.0
6.33;0.0,0.0,0.0;1.0,0.0,0.0,0.0
6.34;0.0,0.0,0.0;1.0,0.0,0.0,0.0
6.35;0.0,0.0,0.0;1.0,0.0,0.0,0.0
6.36;0.0,0.0,0.0;1.0,0.0,0.0,0.0
6.37;0.0,0.0,0.0;1.0,0.0,0.0,0.0
6.38;0.0,0.0,0.0;1.0,0.0,0.0,0.0
6.39;0.0,0.0,0.0;1.0,0.0,0.0,0.0
6.4;0.0,0.0,0.0;1.0,0.0,0.0,0.0
6.41;0.0,0.0,0.0;1.0,0.0,0.0,0.0
6.42;0.0,0.0,0.0;1.0,0.0,0.0,0.0
6.43;0.0,0.0,0.0;1.0,0.0,0.0,0.0
6.44;0.0,0.0,0.0;1.0,0.0,0.0,0.0
6.45;0.0,0.0,0.0;1.0,0.0,0.0,0.0
6.46;0.0,0.0,0.0;1.0,0.0,0.0,0.0
6.47;0.0,0.0,-1.278153376915725e-05;1.0,0.0,0.0,0.0
6.48;0.0,0.0,-5.0982522225240245e-05;1.0,0.0,0.0,0.0
6.49;0.0,0.0,-0.00011438753426773474;1.0,0.0,0.0,0.0
6.5;0.0,0.0,-0.00020278118608985096;1.0,0.0,0.0,0.0
6.51;0.0,0.0,-0.0003159479529131204;1.0,0.0,0.0,0.0
6.52;0.0,0.0,-0.0004536725755315274;1.0,0.0,0.0,0.0
6.53;0.0,0.0,-0.0006157395546324551;1.0,0.0,0.0,0.0
6.54;0.0,0.0,-0.0008019335218705237;1.0,0.0,0.0,0.0
6.55;0.0,0.0,-0.0010120389051735401;1.0,0.0,0.0,0.0
6.56;0.0,0.0,-0.0012458402197808027;1.0,0.0,0.0,0.0
6.57;0.0,0.0,-0.001503122504800558;1.0,0.0,0.0,0.0
6.58;0.0,0.0,-0.001783669926226139;1.0,0.0,0.0,0.0
6.59;0.0,0.0,-0.0020872673485428095;1.0,0.0,0.0,0.0
6.6;0.0,0.0,-0.0024136987049132586;1.0,0.0,0.0,0.0
6.61;0.0,0.0,-0.0027627493254840374;1.0,0.0,0.0,0.0
6.62;0.0,0.0,-0.003134203841909766;1.0,0.0,0.0,0.0
6.63;0.0,0.0,-0.003527846885845065;1.0,0.0,0.0,0.0
6.64;0.0,0.0,-0.003943461924791336;1.0,0.0,0.0,0.0
6.65;0.0,0.0,-0.00438083428889513;1.0,0.0,0.0,0.0
6.66;0.0,0.0,-0.00483974814414978;1.0,0.0,0.0,0.0
6.67;0.0,0.0,-0.005319989286363125;1.0,0.0,0.0,0.0
6.68;0.0,0.0,-0.005821341183036566;1.0,0.0,0.0,0.0
6.69;0.0,0.0,-0.00634358823299408;1.0,0.0,0.0,0.0
6.7;0.0,0.0,-0.006886516232043505;1.0,0.0,0.0,0.0
6.71;0.0,0.0,-0.007449908647686243;1.0,0.0,0.0,0.0
6.72;0.0,0.0,-0.008033550344407558;1.0,0.0,0.0,0.0
6.73;0.0,0.0,-0.008637228049337864;1.0,0.0,0.0,0.0
6.74;0.0,0.0,-0.009260721504688263;1.0,0.0,0.0,0.0
6.75;0.0,0.0,-0.009903820231556892;1.0,0.0,0.0,0.0
6.76;0.0,0.0,-0.010566304437816143;1.0,0.0,0.0,0.0
6.77;0.0,0.0,-0.011247961781919003;1.0,0.0,0.0,0.0
6.78;0.0,0.0,-0.011948577128350735;1.0,0.0,0.0,0.0
6.79;0.0,0.0,-0.012667933478951454;1.0,0.0,0.0,0.0
6.8;0.0,0.0,-0.013405813835561275;1.0,0.0,0.0,0.0
6.81;0.0,0.0,-0.014162006787955761;1.0,0.0,0.0,0.0
6.82;0.0,0.0,-0.014936293475329876;1.0,0.0,0.0,0.0
6.83;0.0,0.0,-0.015728462487459183;1.0,0.0,0.0,0.0
6.84;0.0,0.0,-0.016538294032216072;1.0,0.0,0.0,0.0
6.85;0.0,0.0,-0.017365574836730957;1.0,0.0,0.0,0.0
6.86;0.0,0.0,-0.018210088834166527;1.0,0.0,0.0,0.0
6.87;0.0,0.0,-0.01907161995768547;1.0,0.0,0.0,0.0
6.88;0.0,0.0,-0.019949957728385925;1.0,0.0,0.0,0.0
6.89;0.0,0.0,-0.020844878628849983;1.0,0.0,0.0,0.0
6.9;0.0,0.0,-0.02175617218017578;1.0,0.0,0.0,0.0
6.91;0.0,0.0,-0.02268362231552601;1.0,0.0,0.0,0.0
6.92;0.0,0.0,-0.023627016693353653;1.0,0.0,0.0,0.0
6.93;0.0,0.0,-0.024586133658885956;1.0,0.0,0.0,0.0
6.94;0.0,0.0,-0.025560759007930756;1.0,0.0,0.0,0.0
6.95;0.0,0.0,-0.02655067853629589;1.0,0.0,0.0,0.0
6.96;0.0,0.0,-0.027555683627724648;1.0,0.0,0.0,0.0
6.97;0.0,0.0,-0.028575550764799118;1.0,0.0,0.0,0.0
6.98;0.0,0.0,-0.02961006388068199;1.0,0.0,0.0,0.0
6.99;0.0,0.0,-0.030659012496471405;1.0,0.0,0.0,0.0
7.0;0.0,0.0,-0.03172217309474945;1.0,0.0,0.0,0.0
7.01;0.0,0.0,-0.03279934078454971;1.0,0.0,0.0,0.0
7.02;0.0,0.0,-0.03389029577374458;1.0,0.0,0.0,0.0
7.03;0.0,0.0,-0.03499482199549675;1.0,0.0,0.0,0.0
7.04;0.0,0.0,-0.0361127033829689;1.0,0.0,0.0,0.0
7.05;0.0,0.0,-0.03724372386932373;1.0,0.0,0.0,0.0
7.06;0.0,0.0,-0.038387663662433624;1.0,0.0,0.0,0.0
7.07;0.0,0.0,-0.03954432159662247;1.0,0.0,0.0,0.0
7.08;0.0,0.0,-0.04071347042918205;1.0,0.0,0.0,0.0
7.09;0.0,0.0,-0.04189490154385567;1.0,0.0,0.0,0.0
7.1;0.0,0.0,-0.0430883951485157;1.0,0.0,0.0,0.0
7.11;0.0,0.0,-0.04429373890161514;1.0,0.0,0.0,0.0
7.12;0.0,0.0,-0.045510709285736084;1.0,0.0,0.0,0.0
7.13;0.0,0.0,-0.04673910140991211;1.0,0.0,0.0,0.0
7.14;0.0,0.0,-0.04797869175672531;1.0,0.0,0.0,0.0
7.15;0.0,0.0,-0.049229271709918976;1.0,0.0,0.0,0.0
7.16;0.0,0.0,-0.050490621477365494;1.0,0.0,0.0,0.0
7.17;0.0,0.0,-0.051762524992227554;1.0,0.0,0.0,0.0
7.18;0.0,0.0,-0.053044773638248444;1.0,0.0,0.0,0.0
7.19;0.0,0.0,-0.054337143898010254;1.0,0.0,0.0,0.0
7.2;0.0,0.0,-0.05563942342996597;1.0,0.0,0.0,0.0
7.21;0.0,0.0,-0.05695139989256859;1.0,0.0,0.0,0.0
7.22;0.0,0.0,-0.05827284976840019;1.0,0.0,0.0,0.0
7.23;0.0,0.0,-0.05960356444120407;1.0,0.0,0.0,0.0
7.24;0.0,0.0,-0.06094332039356232;1.0,0.0,0.0,0.0
7.25;0.0,0.0,-0.06229192018508911;1.0,0.0,0.0,0.0
7.26;0.0,0.0,-0.06364913284778595;1.0,0.0,0.0,0.0
7.27;0.0,0.0,-0.06501474231481552;1.0,0.0,0.0,0.0
7.28;0.0,0.0,-0.06638854742050171;1.0,0.0,0.0,0.0
7.29;0.0,0.0,-0.06777031719684601;1.0,0.0,0.0,0.0
7.3;0.0,0.0,-0.06915983557701111;1.0,0.0,0.0,0.0
7.31;0.0,0.0,-0.0705568939447403;1.0,0.0,0.0,0.0
7.32;0.0,0.0,-0.07196128368377686;1.0,0.0,0.0,0.0
7.33;0.0,0.0,-0.07337278127670288;1.0,0.0,0.0,0.0
7.34;0.0,0.0,-0.07479117810726166;1.0,0.0,0.0,0.0
7.35;0.0,0.0,-0.07621624320745468;1.0,0.0,0.0,0.0
7.36;0.0,0.0,-0.07764777541160583;1.0,0.0,0.0,0.0
7.37;0.0,0.0,-0.07908555120229721;1.0,0.0,0.0,0.0
7.38;0.0,0.0,-0.0805293619632721;1.0,0.0,0.0,0.0
7.39;0.0,0.0,-0.08197899162769318;1.0,0.0,0.0,0.0
7.4;0.0,0.0,-0.08343421667814255;1.0,0.0,0.0,0.0
7.41;0.0,0.0,-0.0848948284983635;1.0,0.0,0.0,0.0
7.42;0.0,0.0,-0.0863606184720993;1.0,0.0,0.0,0.0
7.43;0.0,0.0,-0.08783134818077087;1.0,0.0,0.0,0.0
7.44;0.0,0.0,-0.08930683135986328;1.0,0.0,0.0,0.0
7.45;0.0,0.0,-0.09078682959079742;1.0,0.0,0.0,0.0
7.46;0.0,0.0,-0.09227112680673599;1.0,0.0,0.0,0.0
7.47;0.0,0.0,-0.09375953674316406;1.0,0.0,0.0,0.0
7.48;0.0,0.0,-0.09525181353092194;1.0,0.0,0.0,0.0
7.49;0.0,0.0,-0.0967477411031723;1.0,0.0,0.0,0.0
7.5;0.0,0.0,-0.09824713319540024;1.0,0.0,0.0,0.0
7.51;0.0,0.0,-0.09974976629018784;1.0,0.0,0.0,0.0
7.52;0.0,0.0,-0.101255401968956;1.0,0.0,0.0,0.0
7.53;0.0,0.0,-0.102763831615448;1.0,0.0,0.0,0.0
7.54;0.0,0.0,-0.10427483916282654;1.0,0.0,0.0,0.0
7.55;0.0,0.0,-0.10578823834657669;1.0,0.0,0.0,0.0
7.56;0.0,0.0,-0.10730378329753876;1.0,0.0,0.0,0.0
7.57;0.0,0.0,-0.10882127285003662;1.0,0.0,0.0,0.0
7.58;0.0,0.0,-0.11034049093723297;1.0,0.0,0.0,0.0
7.59;0.0,0.0,-0.11186119168996811;1.0,0.0,0.0,0.0
7.6;0.0,0.0,-0.11338319629430771;1.0,0.0,0.0,0.0
7.61;0.0,0.0,-0.11490628123283386;1.0,0.0,0.0,0.0
7.62;0.0,0.0,-0.11643022298812866;1.0,0.0,0.0,0.0
7.63;0.0,0.0,-0.11795482039451599;1.0,0.0,0.0,0.0
7.64;0.0,0.0,-0.11947984993457794;1.0,0.0,0.0,0.0
7.65;0.0,0.0,-0.12100508064031601;1.0,0.0,0.0,0.0
7.66;0.0,0.0,-0.12253029644489288;1.0,0.0,0.0,0.0
7.67;0.0,0.0,-0.12405534088611603;1.0,0.0,0.0,0.0
7.68;0.0,0.0,-0.12557992339134216;1.0,0.0,0.0,0.0
7.69;0.0,0.0,-0.12710388004779816;1.0,0.0,0.0,0.0
7.7;0.0,0.0,-0.12862694263458252;1.0,0.0,0.0,0.0
7.71;0.0,0.0,-0.1301489621400833;1.0,0.0,0.0,0.0
7.72;0.0,0.0,-0.13166967034339905;1.0,0.0,0.0,0.0
7.73;0.0,0.0,-0.1331888884305954;1.0,0.0,0.0,0.0
7.74;0.0,0.0,-0.13470637798309326;1.0,0.0,0.0,0.0
7.75;0.0,0.0,-0.13622191548347473;1.0,0.0,0.0,0.0
7.76;0.0,0.0,-0.1377353072166443;1.0,0.0,0.0,0.0
7.77;0.0,0.0,-0.13924631476402283;1.0,0.0,0.0,0.0
7.78;0.0,0.0,-0.14075474441051483;1.0,0.0,0.0,0.0
7.79;0.0,0.0,-0.14226040244102478;1.0,0.0,0.0,0.0
7.8;0.0,0.0,-0.14376300573349;1.0,0.0,0.0,0.0
7.81;0.0,0.0,-0.14526242017745972;1.0,0.0,0.0,0.0
7.82;0.0,0.0,-0.1467583328485489;1.0,0.0,0.0,0.0
7.83;0.0,0.0,-0.14825060963630676;1.0,0.0,0.0,0.0
7.84;0.0,0.0,-0.14973902702331543;1.0,0.0,0.0,0.0
7.85;0.0,0.0,-0.1512233316898346;1.0,0.0,0.0,0.0
7.86;0.0,0.0,-0.15270334482192993;1.0,0.0,0.0,0.0
7.87;0.0,0.0,-0.15417879819869995;1.0,0.0,0.0,0.0
7.88;0.0,0.0,-0.15564954280853271;1.0,0.0,0.0,0.0
7.89;0.0,0.0,-0.15711531043052673;1.0,0.0,0.0,0.0
7.9;0.0,0.0,-0.15857593715190887;1.0,0.0,0.0,0.0
7.91;0.0,0.0,-0.16003116965293884;1.0,0.0,0.0,0.0
7.92;0.0,0.0,-0.16148078441619873;1.0,0.0,0.0,0.0
7.93;0.0,0.0,-0.1629246026277542;1.0,0.0,0.0,0.0
7.94;0.0,0.0,-0.164362370967865;1.0,0.0,0.0,0.0
7.95;0.0,0.0,-0.16579392552375793;1.0,0.0,0.0,0.0
7.96;0.0,0.0,-0.16721898317337036;1.0,0.0,0.0,0.0
7.97;0.0,0.0,-0.16863739490509033;1.0,0.0,0.0,0.0
7.98;0.0,0.0,-0.17004886269569397;1.0,0.0,0.0,0.0
7.99;0.0,0.0,-0.17145326733589172;1.0,0.0,0.0,0.0
8.0;0.0,0.0,-0.17285031080245972;1.0,0.0,0.0,0.0
8.01;0.0,0.0,-0.1742398738861084;1.0,0.0,0.0,0.0
8.02;0.0,0.0,-0.1756216138601303;1.0,0.0,0.0,0.0
8.03;0.0,0.0,-0.1769954115152359;1.0,0.0,0.0,0.0
8.04;0.0,0.0,-0.17836102843284607;1.0,0.0,0.0,0.0
8.05;0.0,0.0,-0.1797182261943817;1.0,0.0,0.0,0.0
8.06;0.0,0.0,-0.1810668408870697;1.0,0.0,0.0,0.0
8.07;0.0,0.0,-0.18240658938884735;1.0,0.0,0.0,0.0
8.08;0.0,0.0,-0.18373730778694153;1.0,0.0,0.0,0.0
8.09;0.0,0.0,-0.18505877256393433;1.0,0.0,0.0,0.0
8.1;0.0,0.0,-0.18637071549892426;1.0,0.0,0.0,0.0
8.11;0.0,0.0,-0.18767301738262177;1.0,0.0,0.0,0.0
8.12;0.0,0.0,-0.18896536529064178;1.0,0.0,0.0,0.0
8.13;0.0,0.0,-0.19024762511253357;1.0,0.0,0.0,0.0
8.14;0.0,0.0,-0.19151951372623444;1.0,0.0,0.0,0.0
8.15;0.0,0.0,-0.19278086721897125;1.0,0.0,0.0,0.0
8.16;0.0,0.0,-0.1940314769744873;1.0,0.0,0.0,0.0
8.17;0.0,0.0,-0.1952710598707199;1.0,0.0,0.0,0.0
8.18;0.0,0.0,-0.19649945199489594;1.0,0.0,0.0,0.0
8.19;0.0,0.0,-0.19771641492843628;1.0,0.0,0.0,0.0
8.2;0.0,0.0,-0.19892174005508423;1.0,0.0,0.0,0.0
8.21;0.0,0.0,-0.20011524856090546;1.0,0.0,0.0,0.0
8.22;0.0,0.0,-0.20129668712615967;1.0,0.0,0.0,0.0
8.23;0.0,0.0,-0.20246586203575134;1.0,0.0,0.0,0.0
8.24;0.0,0.0,-0.2036224901676178;1.0,0.0,0.0,0.0
8.25;0.0,0.0,-0.20476645231246948;1.0,0.0,0.0,0.0
8.26;0.0,0.0,-0.20589745044708252;1.0,0.0,0.0,0.0
8.27;0.0,0.0,-0.20701536536216736;1.0,0.0,0.0,0.0
8.28;0.0,0.0,-0.20811986923217773;1.0,0.0,0.0,0.0
8.29;0.0,0.0,-0.2092108279466629;1.0,0.0,0.0,0.0
8.3;0.0,0.0,-0.21028798818588257;1.0,0.0,0.0,0.0
8.31;0.0,0.0,-0.21135114133358002;1.0,0.0,0.0,0.0
8.32;0.0,0.0,-0.21240009367465973;1.0,0.0,0.0,0.0
8.33;0.0,0.0,-0.2134346216917038;1.0,0.0,0.0,0.0
8.34;0.0,0.0,-0.21445447206497192;1.0,0.0,0.0,0.0
8.35;0.0,0.0,-0.21545949578285217;1.0,0.0,0.0,0.0
8.36;0.0,0.0,-0.21644939482212067;1.0,0.0,0.0,0.0
8.37;0.0,0.0,-0.21742403507232666;1.0,0.0,0.0,0.0
8.38;0.0,0.0,-0.21838313341140747;1.0,0.0,0.0,0.0
8.39;0.0,0.0,-0.21932655572891235;1.0,0.0,0.0,0.0
8.4;0.0,0.0,-0.22025397419929504;1.0,0.0,0.0,0.0
8.41;0.0,0.0,-0.221165269613266;1.0,0.0,0.0,0.0
8.42;0.0,0.0,-0.2220602035522461;1.0,0.0,0.0,0.0
8.43;0.0,0.0,-0.22293853759765625;1.0,0.0,0.0,0.0
8.44;0.0,0.0,-0.22380003333091736;1.0,0.0,0.0,0.0
8.45;0.0,0.0,-0.22464463114738464;1.0,0.0,0.0,0.0
8.46;0.0,0.0,-0.2254718840122223;1.0,0.0,0.0,0.0
8.47;0.0,0.0,-0.22628170251846313;1.0,0.0,0.0,0.0
8.48;0.0,0.0,-0.22707387804985046;1.0,0.0,0.0,0.0
8.49;0.0,0.0,-0.22784817218780518;1.0,0.0,0.0,0.0
8.5;0.0,0.0,-0.22860434651374817;1.0,0.0,0.0,0.0
8.51;0.0,0.0,-0.2293422818183899;1.0,0.0,0.0,0.0
8.52;0.0,0.0,-0.2300616204738617;1.0,0.0,0.0,0.0
8.53;0.0,0.0,-0.23076221346855164;1.0,0.0,0.0,0.0
8.54;0.0,0.0,-0.23144382238388062;1.0,0.0,0.0,0.0
8.55;0.0,0.0,-0.23210635781288147;1.0,0.0,0.0,0.0
8.56;0.0,0.0,-0.23274946212768555;1.0,0.0,0.0,0.0
8.57;0.0,0.0,-0.23337292671203613;1.0,0.0,0.0,0.0
8.58;0.0,0.0,-0.23397663235664368;1.0,0.0,0.0,0.0
8.59;0.0,0.0,-0.2345602810382843;1.0,0.0,0.0,0.0
8.6;0.0,0.0,-0.2351236641407013;1.0,0.0,0.0,0.0
8.61;0.0,0.0,-0.23566660284996033;1.0,0.0,0.0,0.0
8.62;0.0,0.0,-0.23618879914283752;1.0,0.0,0.0,0.0
8.63;0.0,0.0,-0.23669016361236572;1.0,0.0,0.0,0.0
8.64;0.0,0.0,-0.23717039823532104;1.0,0.0,0.0,0.0
8.65;0.0,0.0,-0.23762938380241394;1.0,0.0,0.0,0.0
8.66;0.0,0.0,-0.23806670308113098;1.0,0.0,0.0,0.0
8.67;0.0,0.0,-0.23848232626914978;1.0,0.0,0.0,0.0
8.68;0.0,0.0,-0.23887598514556885;1.0,0.0,0.0,0.0
8.69;0.0,0.0,-0.2392474114894867;1.0,0.0,0.0,0.0
8.7;0.0,0.0,-0.23959651589393616;1.0,0.0,0.0,0.0
8.71;0.0,0.0,-0.2399229109287262;1.0,0.0,0.0,0.0
8.72;0.0,0.0,-0.24022650718688965;1.0,0.0,0.0,0.0
8.73;0.0,0.0,-0.2405070662498474;1.0,0.0,0.0,0.0
8.74;0.0,0.0,-0.240764319896698;1.0,0.0,0.0,0.0
8.75;0.0,0.0,-0.24099814891815186;1.0,0.0,0.0,0.0
8.76;0.0,0.0,-0.24120822548866272;1.0,0.0,0.0,0.0
8.77;0.0,0.0,-0.24139440059661865;1.0,0.0,0.0,0.0
8.78;0.0,0.0,-0.24155649542808533;1.0,0.0,0.0,0.0
8.79;0.0,0.0,-0.24169424176216125;1.0,0.0,0.0,0.0
8.8;0.0,0.0,-0.24180740118026733;1.0,0.0,0.0,0.0
8.81;0.0,0.0,-0.24189579486846924;1.0,0.0,0.0,0.0
8.82;0.0,0.0,-0.24195921421051025;1.0,0.0,0.0,0.0
8.83;0.0,0.0,-0.24199742078781128;1.0,0.0,0.0,0.0
8.84;0.0,0.0,-0.24201016128063202;1.0,0.0,0.0,0.0
8.85;0.0,0.0,-0.24201016128063202;1.0,0.0,0.0,0.0
8.86;0.0,0.0,-0.24201016128063202;1.0,0.0,0.0,0.0
8.87;0.0,0.0,-0.24201016128063202;1.0,0.0,0.0,0.0
8.88;0.0,0.0,-0.24201016128063202;1.0,0.0,0.0,0.0
8.89;0.0,0.0,-0.24201016128063202;1.0,0.0,0.0,0.0
8.9;0.0,0.0,-0.24201016128063202;1.0,0.0,0.0,0.0
8.91;0.0,0.0,-0.24201016128063202;1.0,0.0,0.0,0.0
8.92;0.0,0.0,-0.24201016128063202;1.0,0.0,0.0,0.0
8.93;0.0,0.0,-0.24201016128063202;1.0,0.0,0.0,0.0
8.94;0.0,0.0,-0.24201016128063202;1.0,0.0,0.0,0.0
8.95;0.0,0.0,-0.24201016128063202;1.0,0.0,0.0,0.0
8.96;0.0,0.0,-0.24201016128063202;1.0,0.0,0.0,0.0
8.97;0.0,0.0,-0.24201016128063202;1.0,0.0,0.0,0.0
8.98;0.0,0.0,-0.24201016128063202;1.0,0.0,0.0,0.0
8.99;0.0,0.0,-0.24201016128063202;1.0,0.0,0.0,0.0
9.0;0.0,0.0,-0.24201016128063202;1.0,0.0,0.0,0.0
9.01;0.0,0.0,-0.24201016128063202;1.0,0.0,0.0,0.0
9.02;0.0,0.0,-0.24201016128063202;1.0,0.0,0.0,0.0
9.03;0.0,0.0,-0.24201016128063202;1.0,0.0,0.0,0.0
9.04;0.0,0.0,-0.24201016128063202;1.0,0.0,0.0,0.0
9.05;0.0,0.0,-0.24201016128063202;1.0,0.0,0.0,0.0
9.06;0.0,0.0,-0.24201016128063202;1.0,0.0,0.0,0.0
9.07;0.0,0.0,-0.24201016128063202;1.0,0.0,0.0,0.0
9.08;0.0,0.0,-0.24201016128063202;1.0,0.0,0.0,0.0
9.09;0.0,0.0,-0.24201016128063202;1.0,0.0,0.0,0.0
9.1;0.0,0.0,-0.24201016128063202;1.0,0.0,0.0,0.0
9.11;0.0,0.0,-0.24201016128063202;1.0,0.0,0.0,0.0
9.12;0.0,0.0,-0.24201016128063202;1.0,0.0,0.0,0.0
9.13;0.0,0.0,-0.24201016128063202;1.0,0.0,0.0,0.0
9.14;0.0,0.0,-0.24201016128063202;1.0,0.0,0.0,0.0
9.15;0.0,0.0,-0.24201016128063202;1.0,0.0,0.0,0.0
9.16;0.0,0.0,-0.24201016128063202;1.0,0.0,0.0,0.0
9.17;0.0,0.0,-0.24201016128063202;1.0,0.0,0.0,0.0
9.18;0.0,0.0,-0.24201016128063202;1.0,0.0,0.0,0.0
9.19;0.0,0.0,-0.24201016128063202;1.0,0.0,0.0,0.0
9.2;0.0,0.0,-0.24201016128063202;1.0,0.0,0.0,0.0
9.21;0.0,0.0,-0.24201016128063202;1.0,0.0,0.0,0.0
9.22;0.0,0.0,-0.24201016128063202;1.0,0.0,0.0,0.0
9.23;0.0,0.0,-0.24201016128063202;1.0,0.0,0.0,0.0
9.24;0.0,0.0,-0.24201016128063202;1.0,0.0,0.0,0.0
9.25;0.0,0.0,-0.24201016128063202;1.0,0.0,0.0,0.0
9.26;0.0,0.0,-0.24201016128063202;1.0,0.0,0.0,0.0
9.27;0.0,0.0,-0.24201016128063202;1.0,0.0,0.0,0.0
9.28;0.0,0.0,-0.24201016128063202;1.0,0.0,0.0,0.0
9.29;0.0,0.0,-0.24201016128063202;1.0,0.0,0.0,0.0
9.3;0.0,0.0,-0.24201016128063202;1.0,0.0,0.0,0.0
9.31;0.0,0.0,-0.24201016128063202;1.0,0.0,0.0,0.0
9.32;0.0,0.0,-0.24201016128063202;1.0,0.0,0.0,0.0
9.33;0.0,0.0,-0.24201016128063202;1.0,0.0,0.0,0.0
9.34;0.0,0.0,-0.24201016128063202;1.0,0.0,0.0,0.0
9.35;0.0,0.0,-0.24201016128063202;1.0,0.0,0.0,0.0
9.36;0.0,0.0,-0.24201016128063202;1.0,0.0,0.0,0.0
9.37;0.0,0.0,-0.24201016128063202;1.0,0.0,0.0,0.0
9.38;0.0,0.0,-0.24201016128063202;1.0,0.0,0.0,0.0
9.39;0.0,0.0,-0.24201016128063202;1.0,0.0,0.0,0.0
9.4;0.0,0.0,-0.24201016128063202;1.0,0.0,0.0,0.0
9.41;0.0,0.0,-0.24201016128063202;1.0,0.0,0.0,0.0
9.42;0.0,0.0,-0.24201016128063202;1.0,0.0,0.0,0.0
9.43;0.0,0.0,-0.24201016128063202;1.0,0.0,0.0,0.0
9.44;0.0,0.0,-0.24201016128063202;1.0,0.0,0.0,0.0
9.45;0.0,0.0,-0.24201016128063202;1.0,0.0,0.0,0.0
9.46;0.0,0.0,-0.24201016128063202;1.0,0.0,0.0,0.0
9.47;0.0,0.0,-0.24201016128063202;1.0,0.0,0.0,0.0
9.48;0.0,0.0,-0.24201016128063202;1.0,0.0,0.0,0.0
9.49;0.0,0.0,-0.24201016128063202;1.0,0.0,0.0,0.0
9.5;0.0,0.0,-0.24201016128063202;1.0,0.0,0.0,0.0
9.51;0.0,0.0,-0.24201016128063202;1.0,0.0,0.0,0.0
9.52;0.0,0.0,-0.24201016128063202;1.0,0.0,0.0,0.0
9.53;0.0,0.0,-0.24201016128063202;1.0,0.0,0.0,0.0
9.54;0.0,0.0,-0.24201016128063202;1.0,0.0,0.0,0.0
9.55;0.0,0.0,-0.24201016128063202;1.0,0.0,0.0,0.0
9.56;0.0,0.0,-0.24201016128063202;1.0,0.0,0.0,0.0
9.57;0.0,0.0,-0.24201016128063202;1.0,0.0,0.0,0.0
9.58;0.0,0.0,-0.24201016128063202;1.0,0.0,0.0,0.0
9.59;0.0,0.0,-0.24201016128063202;1.0,0.0,0.0,0.0
9.6;0.0,0.0,-0.24201016128063202;1.0,0.0,0.0,0.0
9.61;0.0,0.0,-0.24201016128063202;1.0,0.0,0.0,0.0
9.62;0.0,0.0,-0.24201016128063202;1.0,0.0,0.0,0.0
9.63;0.0,0.0,-0.24201016128063202;1.0,0.0,0.0,0.0
9.64;0.0,0.0,-0.24201016128063202;1.0,0.0,0.0,0.0
9.65;0.0,0.0,-0.24201016128063202;1.0,0.0,0.0,0.0
9.66;0.0,0.0,-0.24201016128063202;1.0,0.0,0.0,0.0
9.67;0.0,0.0,-0.24201016128063202;1.0,0.0,0.0,0.0
9.68;0.0,0.0,-0.24201016128063202;1.0,0.0,0.0,0.0
9.69;0.0,0.0,-0.24201016128063202;1.0,0.0,0.0,0.0
9.7;0.0,0.0,-0.24201016128063202;1.0,0.0,0.0,0.0
9.71;0.0,0.0,-0.24201016128063202;1.0,0.0,0.0,0.0
9.72;0.0,0.0,-0.24201016128063202;1.0,0.0,0.0,0.0
9.73;0.0,0.0,-0.24201016128063202;1.0,0.0,0.0,0.0
9.74;0.0,0.0,-0.24201016128063202;1.0,0.0,0.0,0.0
9.75;0.0,0.0,-0.24201016128063202;1.0,0.0,0.0,0.0
9.76;0.0,0.0,-0.24201016128063202;1.0,0.0,0.0,0.0
9.77;0.0,0.0,-0.24201016128063202;1.0,0.0,0.0,0.0
9.78;0.0,0.0,-0.24201016128063202;1.0,0.0,0.0,0.0
9.79;0.0,0.0,-0.24201016128063202;1.0,0.0,0.0,0.0
9.8;0.0,0.0,-0.24201016128063202;1.0,0.0,0.0,0.0
9.81;0.0,0.0,-0.24201016128063202;1.0,0.0,0.0,0.0
9.82;0.0,0.0,-0.24201016128063202;1.0,0.0,0.0,0.0
9.83;0.0,0.0,-0.24201016128063202;1.0,0.0,0.0,0.0
9.84;0.0,0.0,-0.24201016128063202;1.0,0.0,0.0,0.0
9.85;0.0,0.0,-0.24201016128063202;1.0,0.0,0.0,0.0
9.86;0.0,0.0,-0.24201016128063202;1.0,0.0,0.0,0.0
9.87;0.0,0.0,-0.24201016128063202;1.0,0.0,0.0,0.0
9.88;0.0,0.0,-0.24201016128063202;1.0,0.0,0.0,0.0
9.89;0.0,0.0,-0.24201016128063202;1.0,0.0,0.0,0.0
9.9;0.0,0.0,-0.24201016128063202;1.0,0.0,0.0,0.0
9.91;0.0,0.0,-0.24201016128063202;1.0,0.0,0.0,0.0
9.92;0.0,0.0,-0.24201016128063202;1.0,0.0,0.0,0.0
9.93;0.0,0.0,-0.24201016128063202;1.0,0.0,0.0,0.0
9.94;0.0,0.0,-0.24201016128063202;1.0,0.0,0.0,0.0
9.95;0.0,0.0,-0.24201016128063202;1.0,0.0,0.0,0.0
9.96;0.0,0.0,-0.24201016128063202;1.0,0.0,0.0,0.0
9.97;0.0,0.0,-0.24201016128063202;1.0,0.0,0.0,0.0
9.98;0.0,0.0,-0.24201016128063202;1.0,0.0,0.0,0.0
9.99;0.0,0.0,-0.24201016128063202;1.0,0.0,0.0,0.0
10.0;0.0,0.0,-0.24201016128063202;1.0,0.0,0.0,0.0
10.01;0.0,0.0,-0.24201016128063202;1.0,0.0,0.0,0.0
10.02;0.0,0.0,-0.24201016128063202;1.0,0.0,0.0,0.0
10.03;0.0,0.0,-0.24201016128063202;1.0,0.0,0.0,0.0
10.04;0.0,0.0,-0.24201016128063202;1.0,0.0,0.0,0.0
10.05;0.0,0.0,-0.24201016128063202;1.0,0.0,0.0,0.0
10.06;0.0,0.0,-0.24201016128063202;1.0,0.0,0.0,0.0
10.07;0.0,0.0,-0.24201016128063202;1.0,0.0,0.0,0.0
10.08;0.0,0.0,-0.24201016128063202;1.0,0.0,0.0,0.0
10.09;0.0,0.0,-0.24201016128063202;1.0,0.0,0.0,0.0
10.1;0.0,0.0,-0.24201016128063202;1.0,0.0,0.0,0.0
10.11;0.0,0.0,-0.24201016128063202;1.0,0.0,0.0,0.0
10.12;0.0,0.0,-0.24201016128063202;1.0,0.0,0.0,0.0
10.13;0.0,0.0,-0.24201016128063202;1.0,0.0,0.0,0.0
10.14;0.0,0.0,-0.24201016128063202;1.0,0.0,0.0,0.0
10.15;0.0,0.0,-0.24201016128063202;1.0,0.0,0.0,0.0
10.16;0.0,0.0,-0.24201016128063202;1.0,0.0,0.0,0.0
10.17;0.0,0.0,-0.24201016128063202;1.0,0.0,0.0,0.0
10.18;0.0,0.0,-0.24201016128063202;1.0,0.0,0.0,0.0
10.19;0.0,0.0,-0.24201016128063202;1.0,0.0,0.0,0.0
10.2;0.0,0.0,-0.24201016128063202;1.0,0.0,0.0,0.0
10.21;0.0,0.0,-0.24201016128063202;1.0,0.0,0.0,0.0
10.22;0.0,0.0,-0.24201016128063202;1.0,0.0,0.0,0.0
10.23;0.0,0.0,-0.24201016128063202;1.0,0.0,0.0,0.0
10.24;0.0,0.0,-0.24201016128063202;1.0,0.0,0.0,0.0
10.25;0.0,0.0,-0.24201016128063202;1.0,0.0,0.0,0.0
10.26;0.0,0.0,-0.24201016128063202;1.0,0.0,0.0,0.0
10.27;0.0,0.0,-0.24201016128063202;1.0,0.0,0.0,0.0
10.28;0.0,0.0,-0.24201016128063202;1.0,0.0,0.0,0.0
10.29;0.0,0.0,-0.24201016128063202;1.0,0.0,0.0,0.0
10.3;0.0,0.0,-0.24201016128063202;1.0,0.0,0.0,0.0
10.31;0.0,0.0,-0.24201016128063202;1.0,0.0,0.0,0.0
10.32;0.0,0.0,-0.24201016128063202;1.0,0.0,0.0,0.0
10.33;0.0,0.0,-0.24201016128063202;1.0,0.0,0.0,0.0
10.34;0.0,0.0,-0.24201016128063202;1.0,0.0,0.0,0.0
10.35;0.0,0.0,-0.24201016128063202;1.0,0.0,0.0,0.0
10.36;0.0,0.0,-0.24201016128063202;1.0,0.0,0.0,0.0
10.37;0.0,0.0,-0.24201016128063202;1.0,0.0,0.0,0.0
10.38;0.0,0.0,-0.24201016128063202;1.0,0.0,0.0,0.0
10.39;0.0,0.0,-0.24201016128063202;1.0,0.0,0.0,0.0
10.4;0.0,0.0,-0.24201016128063202;1.0,0.0,0.0,0.0
10.41;0.0,0.0,-0.24201016128063202;1.0,0.0,0.0,0.0
10.42;0.0,0.0,-0.24201016128063202;1.0,0.0,0.0,0.0
10.43;0.0,0.0,-0.24201016128063202;1.0,0.0,0.0,0.0
10.44;0.0,0.0,-0.24201016128063202;1.0,0.0,0.0,0.0
10.45;0.0,0.0,-0.24201016128063202;1.0,0.0,0.0,0.0
10.46;0.0,0.0,-0.24201016128063202;1.0,0.0,0.0,0.0
10.47;0.0,0.0,-0.24201016128063202;1.0,0.0,0.0,0.0
10.48;0.0,0.0,-0.24201016128063202;1.0,0.0,0.0,0.0
10.49;0.0,0.0,-0.24201016128063202;1.0,0.0,0.0,0.0
10.5;0.0,0.0,-0.24201016128063202;1.0,0.0,0.0,0.0
10.51;0.0,0.0,-0.24201016128063202;1.0,0.0,0.0,0.0
10.52;0.0,0.0,-0.24201016128063202;1.0,0.0,0.0,0.0
10.53;0.0,0.0,-0.24201016128063202;1.0,0.0,0.0,0.0
10.54;0.0,0.0,-0.24201016128063202;1.0,0.0,0.0,0.0
10.55;0.0,0.0,-0.24201016128063202;1.0,0.0,0.0,0.0
10.56;0.0,0.0,-0.24201016128063202;1.0,0.0,0.0,0.0
10.57;0.0,0.0,-0.24201016128063202;1.0,0.0,0.0,0.0
10.58;0.0,0.0,-0.24201016128063202;1.0,0.0,0.0,0.0
10.59;0.0,0.0,-0.24201016128063202;1.0,0.0,0.0,0.0
10.6;0.0,0.0,-0.24201016128063202;1.0,0.0,0.0,0.0
10.61;0.0,0.0,-0.24201016128063202;1.0,0.0,0.0,0.0
10.62;0.0,0.0,-0.24201016128063202;1.0,0.0,0.0,0.0
10.63;0.0,0.0,-0.24201016128063202;1.0,0.0,0.0,0.0
10.64;0.0,0.0,-0.24201016128063202;1.0,0.0,0.0,0.0
10.65;0.0,0.0,-0.24201016128063202;1.0,0.0,0.0,0.0
10.66;0.0,0.0,-0.24201016128063202;1.0,0.0,0.0,0.0
10.67;0.0,0.0,-0.24201016128063202;1.0,0.0,0.0,0.0
10.68;0.0,0.0,-0.24201016128063202;1.0,0.0,0.0,0.0
10.69;0.0,0.0,-0.24201016128063202;1.0,0.0,0.0,0.0
10.7;0.0,0.0,-0.24201016128063202;1.0,0.0,0.0,0.0
10.71;0.0,0.0,-0.24201016128063202;1.0,0.0,0.0,0.0
10.72;0.0,0.0,-0.24201016128063202;1.0,0.0,0.0,0.0
10.73;0.0,0.0,-0.24201016128063202;1.0,0.0,0.0,0.0
10.74;0.0,0.0,-0.24201016128063202;1.0,0.0,0.0,0.0
10.75;0.0,0.0,-0.24201016128063202;1.0,0.0,0.0,0.0
10.76;0.0,0.0,-0.24201016128063202;1.0,0.0,0.0,0.0
10.77;0.0,0.0,-0.24201016128063202;1.0,0.0,0.0,0.0
10.78;0.0,0.0,-0.24201016128063202;1.0,0.0,0.0,0.0
10.79;0.0,0.0,-0.24201016128063202;1.0,0.0,0.0,0.0
10.8;0.0,0.0,-0.24201016128063202;1.0,0.0,0.0,0.0
10.81;0.0,0.0,-0.24201016128063202;1.0,0.0,0.0,0.0
10.82;0.0,0.0,-0.24201016128063202;1.0,0.0,0.0,0.0
10.83;0.0,0.0,-0.24201016128063202;1.0,0.0,0.0,0.0
10.84;0.0,0.0,-0.24201016128063202;1.0,0.0,0.0,0.0
10.85;0.0,0.0,-0.24201016128063202;1.0,0.0,0.0,0.0
10.86;0.0,0.0,-0.24201016128063202;1.0,0.0,0.0,0.0
10.87;0.0,0.0,-0.24201016128063202;1.0,0.0,0.0,0.0
10.88;0.0,0.0,-0.24201016128063202;1.0,0.0,0.0,0.0
10.89;0.0,0.0,-0.24201016128063202;1.0,0.0,0.0,0.0
10.9;0.0,0.0,-0.24201016128063202;1.0,0.0,0.0,0.0
10.91;0.0,0.0,-0.24201016128063202;1.0,0.0,0.0,0.0
10.92;0.0,0.0,-0.24201016128063202;1.0,0.0,0.0,0.0
10.93;0.0,0.0,-0.24201016128063202;1.0,0.0,0.0,0.0
10.94;0.0,0.0,-0.24201016128063202;1.0,0.0,0.0,0.0
10.95;0.0,0.0,-0.24201016128063202;1.0,0.0,0.0,0.0
10.96;0.0,0.0,-0.24201016128063202;1.0,0.0,0.0,0.0
10.97;0.0,0.0,-0.24201016128063202;1.0,0.0,0.0,0.0
10.98;0.0,0.0,-0.24201016128063202;1.0,0.0,0.0,0.0
10.99;0.0,0.0,-0.24201016128063202;1.0,0.0,0.0,0.0
11.0;0.0,0.0,-0.24201016128063202;1.0,0.0,0.0,0.0
11.01;0.0,0.0,-0.24201016128063202;1.0,0.0,0.0,0.0
11.02;0.0,0.0,-0.24201016128063202;1.0,0.0,0.0,0.0
11.03;0.0,0.0,-0.24201016128063202;1.0,0.0,0.0,0.0
11.04;0.0,0.0,-0.24201016128063202;1.0,0.0,0.0,0.0
11.05;0.0,0.0,-0.24201016128063202;1.0,0.0,0.0,0.0
11.06;0.0,0.0,-0.24201016128063202;1.0,0.0,0.0,0.0
11.07;0.0,0.0,-0.24201016128063202;1.0,0.0,0.0,0.0
11.08;0.0,0.0,-0.24201016128063202;1.0,0.0,0.0,0.0
11.09;0.0,0.0,-0.24201016128063202;1.0,0.0,0.0,0.0
11.1;0.0,0.0,-0.24201016128063202;1.0,0.0,0.0,0.0
11.11;0.0,0.0,-0.24201016128063202;1.0,0.0,0.0,0.0
11.12;0.0,0.0,-0.24201016128063202;1.0,0.0,0.0,0.0
11.13;0.0,0.0,-0.24201016128063202;1.0,0.0,0.0,0.0
11.14;0.0,0.0,-0.24201016128063202;1.0,0.0,0.0,0.0
11.15;0.0,0.0,-0.24201016128063202;1.0,0.0,0.0,0.0
11.16;0.0,0.0,-0.24201016128063202;1.0,0.0,0.0,0.0
11.17;0.0,0.0,-0.24201016128063202;1.0,0.0,0.0,0.0
11.18;0.0,0.0,-0.24201016128063202;1.0,0.0,0.0,0.0
11.19;0.0,0.0,-0.24201016128063202;1.0,0.0,0.0,0.0
11.2;0.0,0.0,-0.24201016128063202;1.0,0.0,0.0,0.0
11.21;0.0,0.0,-0.24201016128063202;1.0,0.0,0.0,0.0
11.22;0.0,0.0,-0.24201016128063202;1.0,0.0,0.0,0.0
11.23;0.0,0.0,-0.24201016128063202;1.0,0.0,0.0,0.0
11.24;0.0,0.0,-0.24201016128063202;1.0,0.0,0.0,0.0
11.25;0.0,0.0,-0.24201016128063202;1.0,0.0,0.0,0.0
11.26;0.0,0.0,-0.24201016128063202;1.0,0.0,0.0,0.0
11.27;0.0,0.0,-0.24201016128063202;1.0,0.0,0.0,0.0
11.28;0.0,0.0,-0.24201016128063202;1.0,0.0,0.0,0.0
11.29;0.0,0.0,-0.24201016128063202;1.0,0.0,0.0,0.0
11.3;0.0,0.0,-0.24201016128063202;1.0,0.0,0.0,0.0
11.31;0.0,0.0,-0.24201016128063202;1.0,0.0,0.0,0.0
11.32;0.0,0.0,-0.24201016128063202;1.0,0.0,0.0,0.0
11.33;0.0,0.0,-0.24201016128063202;1.0,0.0,0.0,0.0
11.34;0.0,0.0,-0.24201016128063202;1.0,0.0,0.0,0.0
11.35;0.0,0.0,-0.24201016128063202;1.0,0.0,0.0,0.0
11.36;0.0,0.0,-0.24201016128063202;1.0,0.0,0.0,0.0
11.37;0.0,0.0,-0.24201016128063202;1.0,0.0,0.0,0.0
11.38;0.0,0.0,-0.24201016128063202;1.0,0.0,0.0,0.0
11.39;0.0,0.0,-0.24201016128063202;1.0,0.0,0.0,0.0
11.4;0.0,0.0,-0.24201016128063202;1.0,0.0,0.0,0.0
11.41;0.0,0.0,-0.24201016128063202;1.0,0.0,0.0,0.0
11.42;0.0,0.0,-0.24201016128063202;1.0,0.0,0.0,0.0
11.43;0.0,0.0,-0.24201016128063202;1.0,0.0,0.0,0.0
11.44;0.0,0.0,-0.24201016128063202;1.0,0.0,0.0,0.0
11.45;0.0,0.0,-0.24201016128063202;1.0,0.0,0.0,0.0
11.46;0.0,0.0,-0.24201016128063202;1.0,0.0,0.0,0.0
11.47;0.0,0.0,-0.24201016128063202;1.0,0.0,0.0,0.0
11.48;0.0,0.0,-0.24201016128063202;1.0,0.0,0.0,0.0
11.49;0.0,0.0,-0.24201016128063202;1.0,0.0,0.0,0.0
11.5;0.0,0.0,-0.24201016128063202;1.0,0.0,0.0,0.0
11.51;0.0,0.0,-0.24201016128063202;1.0,0.0,0.0,0.0
11.52;0.0,0.0,-0.24201016128063202;1.0,0.0,0.0,0.0
11.53;0.0,0.0,-0.24201016128063202;1.0,0.0,0.0,0.0
11.54;0.0,0.0,-0.24201016128063202;1.0,0.0,0.0,0.0
11.55;0.0,0.0,-0.24201016128063202;1.0,0.0,0.0,0.0
11.56;0.0,0.0,-0.24201016128063202;1.0,0.0,0.0,0.0
11.57;0.0,0.0,-0.24201016128063202;1.0,0.0,0.0,0.0
11.58;0.0,0.0,-0.24201016128063202;1.0,0.0,0.0,0.0
11.59;0.0,0.0,-0.24201016128063202;1.0,0.0,0.0,0.0
11.6;0.0,0.0,-0.24201016128063202;1.0,0.0,0.0,0.0
11.61;0.0,0.0,-0.24201016128063202;1.0,0.0,0.0,0.0
11.62;0.0,0.0,-0.24201016128063202;1.0,0.0,0.0,0.0
11.63;0.0,0.0,-0.24201016128063202;1.0,0.0,0.0,0.0
11.64;0.0,0.0,-0.24201016128063202;1.0,0.0,0.0,0.0
11.65;0.0,0.0,-0.24201016128063202;1.0,0.0,0.0,0.0
11.66;0.0,0.0,-0.24201016128063202;1.0,0.0,0.0,0.0
11.67;0.0,0.0,-0.24201016128063202;1.0,0.0,0.0,0.0
11.68;0.0,0.0,-0.24201016128063202;1.0,0.0,0.0,0.0
11.69;0.0,0.0,-0.24201016128063202;1.0,0.0,0.0,0.0
11.7;0.0,0.0,-0.24201016128063202;1.0,0.0,0.0,0.0
11.71;0.0,0.0,-0.24201016128063202;1.0,0.0,0.0,0.0
11.72;0.0,0.0,-0.24201016128063202;1.0,0.0,0.0,0.0
11.73;0.0,0.0,-0.24201016128063202;1.0,0.0,0.0,0.0
11.74;0.0,0.0,-0.24201016128063202;1.0,0.0,0.0,0.0
11.75;0.0,0.0,-0.24201016128063202;1.0,0.0,0.0,0.0
11.76;0.0,0.0,-0.24201016128063202;1.0,0.0,0.0,0.0
11.77;0.0,0.0,-0.24201016128063202;1.0,0.0,0.0,0.0
11.78;0.0,0.0,-0.24201016128063202;1.0,0.0,0.0,0.0
11.79;0.0,0.0,-0.24201016128063202;1.0,0.0,0.0,0.0
11.8;0.0,0.0,-0.24201016128063202;1.0,0.0,0.0,0.0
11.81;0.0,0.0,-0.24201016128063202;1.0,0.0,0.0,0.0
11.82;0.0,0.0,-0.24201016128063202;1.0,0.0,0.0,0.0
11.83;0.0,0.0,-0.24201016128063202;1.0,0.0,0.0,0.0
11.84;0.0,0.0,-0.24201016128063202;1.0,0.0,0.0,0.0
11.85;0.0,0.0,-0.24201016128063202;1.0,0.0,0.0,0.0
11.86;0.0,0.0,-0.24201016128063202;1.0,0.0,0.0,0.0
11.87;0.0,0.0,-0.24201016128063202;1.0,0.0,0.0,0.0
11.88;0.0,0.0,-0.24201016128063202;1.0,0.0,0.0,0.0
11.89;0.0,0.0,-0.24201016128063202;1.0,0.0,0.0,0.0
11.9;0.0,0.0,-0.24201016128063202;1.0,0.0,0.0,0.0
11.91;0.0,0.0,-0.24201016128063202;1.0,0.0,0.0,0.0
11.92;0.0,0.0,-0.24201016128063202;1.0,0.0,0.0,0.0
11.93;0.0,0.0,-0.24201016128063202;1.0,0.0,0.0,0.0
11.94;0.0,0.0,-0.24201016128063202;1.0,0.0,0.0,0.0
11.95;0.0,0.0,-0.24201016128063202;1.0,0.0,0.0,0.0
11.96;0.0,0.0,-0.24201016128063202;1.0,0.0,0.0,0.0
11.97;0.0,0.0,-0.24201016128063202;1.0,0.0,0.0,0.0
11.98;0.0,0.0,-0.24201016128063202;1.0,0.0,0.0,0.0
11.99;0.0,0.0,-0.24201016128063202;1.0,0.0,0.0,0.0
12.0;0.0,0.0,-0.24201016128063202;1.0,0.0,0.0,0.0
12.01;0.0,0.0,-0.24201016128063202;1.0,0.0,0.0,0.0
12.02;0.0,0.0,-0.24201016128063202;1.0,0.0,0.0,0.0
12.03;0.0,0.0,-0.24201016128063202;1.0,0.0,0.0,0.0
12.04;0.0,0.0,-0.24201016128063202;1.0,0.0,0.0,0.0
12.05;0.0,0.0,-0.24201016128063202;1.0,0.0,0.0,0.0
12.06;0.0,0.0,-0.24201016128063202;1.0,0.0,0.0,0.0
12.07;0.0,0.0,-0.24201016128063202;1.0,0.0,0.0,0.0
12.08;0.0,0.0,-0.24201016128063202;1.0,0.0,0.0,0.0
12.09;0.0,0.0,-0.24201016128063202;1.0,0.0,0.0,0.0
12.1;0.0,0.0,-0.24201016128063202;1.0,0.0,0.0,0.0
12.11;0.0,0.0,-0.24201016128063202;1.0,0.0,0.0,0.0
12.12;0.0,0.0,-0.24201016128063202;1.0,0.0,0.0,0.0
12.13;0.0,0.0,-0.24201016128063202;1.0,0.0,0.0,0.0
12.14;0.0,0.0,-0.24201016128063202;1.0,0.0,0.0,0.0
12.15;0.0,0.0,-0.24201016128063202;1.0,0.0,0.0,0.0
12.16;0.0,0.0,-0.24201016128063202;1.0,0.0,0.0,0.0
12.17;0.0,0.0,-0.24201016128063202;1.0,0.0,0.0,0.0
12.18;0.0,0.0,-0.24201016128063202;1.0,0.0,0.0,0.0
12.19;0.0,0.0,-0.24201016128063202;1.0,0.0,0.0,0.0
12.2;0.0,0.0,-0.24201016128063202;1.0,0.0,0.0,0.0
12.21;0.0,0.0,-0.24201016128063202;1.0,0.0,0.0,0.0
12.22;0.0,0.0,-0.24201016128063202;1.0,0.0,0.0,0.0
12.23;0.0,0.0,-0.24201016128063202;1.0,0.0,0.0,0.0
12.24;0.0,0.0,-0.24201016128063202;1.0,0.0,0.0,0.0
12.25;0.0,0.0,-0.24201016128063202;1.0,0.0,0.0,0.0
12.26;0.0,0.0,-0.24201016128063202;1.0,0.0,0.0,0.0
12.27;0.0,0.0,-0.24201016128063202;1.0,0.0,0.0,0.0
12.28;0.0,0.0,-0.24201016128063202;1.0,0.0,0.0,0.0
12.29;0.0,0.0,-0.24201016128063202;1.0,0.0,0.0,0.0
12.3;0.0,0.0,-0.24201016128063202;1.0,0.0,0.0,0.0
12.31;0.0,0.0,-0.24201016128063202;1.0,0.0,0.0,0.0
12.32;0.0,0.0,-0.24201016128063202;1.0,0.0,0.0,0.0
12.33;0.0,0.0,-0.24201016128063202;1.0,0.0,0.0,0.0
12.34;0.0,0.0,-0.24201016128063202;1.0,0.0,0.0,0.0
12.35;0.0,0.0,-0.24201016128063202;1.0,0.0,0.0,0.0
12.36;0.0,0.0,-0.24201016128063202;1.0,0.0,0.0,0.0
12.37;0.0,0.0,-0.24201016128063202;1.0,0.0,0.0,0.0
12.38;0.0,0.0,-0.24201016128063202;1.0,0.0,0.0,0.0
12.39;0.0,0.0,-0.24201016128063202;1.0,0.0,0.0,0.0
12.4;0.0,0.0,-0.24201016128063202;1.0,0.0,0.0,0.0
12.41;0.0,0.0,-0.24201016128063202;1.0,0.0,0.0,0.0
12.42;0.0,0.0,-0.24201016128063202;1.0,0.0,0.0,0.0
12.43;0.0,0.0,-0.24201016128063202;1.0,0.0,0.0,0.0
12.44;0.0,0.0,-0.24201016128063202;1.0,0.0,0.0,0.0
12.45;0.0,0.0,-0.24201016128063202;1.0,0.0,0.0,0.0
12.46;0.0,0.0,-0.24201016128063202;1.0,0.0,0.0,0.0
12.47;0.0,0.0,-0.24201016128063202;1.0,0.0,0.0,0.0
12.48;0.0,0.0,-0.24201016128063202;1.0,0.0,0.0,0.0
12.49;0.0,0.0,-0.24201016128063202;1.0,0.0,0.0,0.0
12.5;0.0,0.0,-0.24201016128063202;1.0,0.0,0.0,0.0
12.51;0.0,0.0,-0.24201016128063202;1.0,0.0,0.0,0.0
12.52;0.0,0.0,-0.24201016128063202;1.0,0.0,0.0,0.0
12.53;0.0,0.0,-0.24201016128063202;1.0,0.0,0.0,0.0
12.54;0.0,0.0,-0.24201016128063202;1.0,0.0,0.0,0.0
12.55;0.0,0.0,-0.24201016128063202;1.0,0.0,0.0,0.0
12.56;0.0,0.0,-0.24201016128063202;1.0,0.0,0.0,0.0
12.57;0.0,0.0,-0.24201016128063202;1.0,0.0,0.0,0.0
12.58;0.0,0.0,-0.24201016128063202;1.0,0.0,0.0,0.0
12.59;0.0,0.0,-0.24201016128063202;1.0,0.0,0.0,0.0
12.6;0.0,0.0,-0.24201016128063202;1.0,0.0,0.0,0.0
12.61;0.0,0.0,-0.24201016128063202;1.0,0.0,0.0,0.0
12.62;0.0,0.0,-0.24201016128063202;1.0,0.0,0.0,0.0
12.63;0.0,0.0,-0.24201016128063202;1.0,0.0,0.0,0.0
12.64;0.0,0.0,-0.24201016128063202;1.0,0.0,0.0,0.0
12.65;0.0,0.0,-0.24201016128063202;1.0,0.0,0.0,0.0
12.66;0.0,0.0,-0.24201016128063202;1.0,0.0,0.0,0.0
12.67;0.0,0.0,-0.24201016128063202;1.0,0.0,0.0,0.0
12.68;0.0,0.0,-0.24201016128063202;1.0,0.0,0.0,0.0
12.69;0.0,0.0,-0.24201016128063202;1.0,0.0,0.0,0.0
12.7;0.0,0.0,-0.24201016128063202;1.0,0.0,0.0,0.0
12.71;0.0,0.0,-0.24201016128063202;1.0,0.0,0.0,0.0
12.72;0.0,0.0,-0.24201016128063202;1.0,0.0,0.0,0.0
12.73;0.0,0.0,-0.24201016128063202;1.0,0.0,0.0,0.0
12.74;0.0,0.0,-0.24201016128063202;1.0,0.0,0.0,0.0
12.75;0.0,0.0,-0.24201016128063202;1.0,0.0,0.0,0.0
12.76;0.0,0.0,-0.24201016128063202;1.0,0.0,0.0,0.0
12.77;0.0,0.0,-0.24201016128063202;1.0,0.0,0.0,0.0
12.78;0.0,0.0,-0.24201016128063202;1.0,0.0,0.0,0.0
12.79;0.0,0.0,-0.24201016128063202;1.0,0.0,0.0,0.0
12.8;0.0,0.0,-0.24201016128063202;1.0,0.0,0.0,0.0
12.81;0.0,0.0,-0.24201016128063202;1.0,0.0,0.0,0.0
12.82;0.0,0.0,-0.24201016128063202;1.0,0.0,0.0,0.0
12.83;0.0,0.0,-0.24201016128063202;1.0,0.0,0.0,0.0
12.84;0.0,0.0,-0.24201016128063202;1.0,0.0,0.0,0.0
12.85;0.0,0.0,-0.24201016128063202;1.0,0.0,0.0,0.0
12.86;0.0,0.0,-0.24201016128063202;1.0,0.0,0.0,0.0
12.87;0.0,0.0,-0.24201016128063202;1.0,0.0,0.0,0.0
12.88;0.0,0.0,-0.24201016128063202;1.0,0.0,0.0,0.0
12.89;0.0,0.0,-0.24201016128063202;1.0,0.0,0.0,0.0
12.9;0.0,0.0,-0.24201016128063202;1.0,0.0,0.0,0.0
12.91;0.0,0.0,-0.24201016128063202;1.0,0.0,0.0,0.0
12.92;0.0,0.0,-0.24201016128063202;1.0,0.0,0.0,0.0
12.93;0.0,0.0,-0.24201016128063202;1.0,0.0,0.0,0.0
12.94;0.0,0.0,-0.24201016128063202;1.0,0.0,0.0,0.0
12.95;0.0,0.0,-0.24201016128063202;1.0,0.0,0.0,0.0
12.96;0.0,0.0,-0.24201016128063202;1.0,0.0,0.0,0.0
12.97;0.0,0.0,-0.24201016128063202;1.0,0.0,0.0,0.0
12.98;0.0,0.0,-0.24201016128063202;1.0,0.0,0.0,0.0
12.99;0.0,0.0,-0.24201016128063202;1.0,0.0,0.0,0.0
13.0;0.0,0.0,-0.24201016128063202;1.0,0.0,0.0,0.0
13.01;0.0,0.0,-0.24201016128063202;1.0,0.0,0.0,0.0
13.02;0.0,0.0,-0.24201016128063202;1.0,0.0,0.0,0.0
13.03;0.0,0.0,-0.24201016128063202;1.0,0.0,0.0,0.0
13.04;0.0,0.0,-0.24201016128063202;1.0,0.0,0.0,0.0
13.05;0.0,0.0,-0.24201016128063202;1.0,0.0,0.0,0.0
13.06;0.0,0.0,-0.24201016128063202;1.0,0.0,0.0,0.0
13.07;0.0,0.0,-0.24201016128063202;1.0,0.0,0.0,0.0
13.08;0.0,0.0,-0.24201016128063202;1.0,0.0,0.0,0.0
13.09;0.0,0.0,-0.24201016128063202;1.0,0.0,0.0,0.0
13.1;0.0,0.0,-0.24201016128063202;1.0,0.0,0.0,0.0
13.11;0.0,0.0,-0.24201016128063202;1.0,0.0,0.0,0.0
13.12;0.0,0.0,-0.24201016128063202;1.0,0.0,0.0,0.0
13.13;0.0,0.0,-0.24201016128063202;1.0,0.0,0.0,0.0
13.14;0.0,0.0,-0.24201016128063202;1.0,0.0,0.0,0.0
13.15;0.0,0.0,-0.24201016128063202;1.0,0.0,0.0,0.0
13.16;0.0,0.0,-0.24201016128063202;1.0,0.0,0.0,0.0
13.17;0.0,0.0,-0.24201016128063202;1.0,0.0,0.0,0.0
13.18;0.0,0.0,-0.24201016128063202;1.0,0.0,0.0,0.0
13.19;0.0,0.0,-0.24201016128063202;1.0,0.0,0.0,0.0
13.2;0.0,0.0,-0.24201016128063202;1.0,0.0,0.0,0.0
13.21;0.0,0.0,-0.24201016128063202;1.0,0.0,0.0,0.0
13.22;0.0,0.0,-0.24201016128063202;1.0,0.0,0.0,0.0
13.23;0.0,0.0,-0.24201016128063202;1.0,0.0,0.0,0.0
13.24;0.0,0.0,-0.24201016128063202;1.0,0.0,0.0,0.0
13.25;0.0,0.0,-0.24201016128063202;1.0,0.0,0.0,0.0
13.26;0.0,0.0,-0.24201016128063202;1.0,0.0,0.0,0.0
13.27;0.0,0.0,-0.24201016128063202;1.0,0.0,0.0,0.0
13.28;0.0,0.0,-0.24201016128063202;1.0,0.0,0.0,0.0
13.29;0.0,0.0,-0.24201016128063202;1.0,0.0,0.0,0.0
13.3;0.0,0.0,-0.24201016128063202;1.0,0.0,0.0,0.0
13.31;0.0,0.0,-0.24201016128063202;1.0,0.0,0.0,0.0
13.32;0.0,0.0,-0.24201016128063202;1.0,0.0,0.0,0.0
13.33;0.0,0.0,-0.24201016128063202;1.0,0.0,0.0,0.0
13.34;0.0,0.0,-0.24201016128063202;1.0,0.0,0.0,0.0
13.35;0.0,0.0,-0.24201016128063202;1.0,0.0,0.0,0.0
13.36;0.0,0.0,-0.24201016128063202;1.0,0.0,0.0,0.0
13.37;0.0,0.0,-0.24201016128063202;1.0,0.0,0.0,0.0
13.38;0.0,0.0,-0.24201016128063202;1.0,0.0,0.0,0.0
13.39;0.0,0.0,-0.24201016128063202;1.0,0.0,0.0,0.0
13.4;0.0,0.0,-0.24201016128063202;1.0,0.0,0.0,0.0
13.41;0.0,0.0,-0.24201016128063202;1.0,0.0,0.0,0.0
13.42;0.0,0.0,-0.24201016128063202;1.0,0.0,0.0,0.0
13.43;0.0,0.0,-0.24201016128063202;1.0,0.0,0.0,0.0
13.44;0.0,0.0,-0.24201016128063202;1.0,0.0,0.0,0.0
13.45;0.0,0.0,-0.24201016128063202;1.0,0.0,0.0,0.0
13.46;0.0,0.0,-0.24201016128063202;1.0,0.0,0.0,0.0
13.47;0.0,0.0,-0.24201016128063202;1.0,0.0,0.0,0.0
13.48;0.0,0.0,-0.24201016128063202;1.0,0.0,0.0,0.0
13.49;0.0,0.0,-0.24201016128063202;1.0,0.0,0.0,0.0
13.5;0.0,0.0,-0.24201016128063202;1.0,0.0,0.0,0.0
13.51;0.0,0.0,-0.24201016128063202;1.0,0.0,0.0,0.0
13.52;0.0,0.0,-0.24201016128063202;1.0,0.0,0.0,0.0
13.53;0.0,0.0,-0.24201016128063202;1.0,0.0,0.0,0.0
13.54;0.0,0.0,-0.24201016128063202;1.0,0.0,0.0,0.0
13.55;0.0,0.0,-0.24201016128063202;1.0,0.0,0.0,0.0
13.56;0.0,0.0,-0.24201016128063202;1.0,0.0,0.0,0.0
13.57;0.0,0.0,-0.24201016128063202;1.0,0.0,0.0,0.0
13.58;0.0,0.0,-0.24201016128063202;1.0,0.0,0.0,0.0
13.59;0.0,0.0,-0.24201016128063202;1.0,0.0,0.0,0.0
13.6;0.0,0.0,-0.24201016128063202;1.0,0.0,0.0,0.0
13.61;0.0,0.0,-0.24201016128063202;1.0,0.0,0.0,0.0
13.62;0.0,0.0,-0.24201016128063202;1.0,0.0,0.0,0.0
13.63;0.0,0.0,-0.24201016128063202;1.0,0.0,0.0,0.0
13.64;0.0,0.0,-0.24201016128063202;1.0,0.0,0.0,0.0
13.65;0.0,0.0,-0.24201016128063202;1.0,0.0,0.0,0.0
13.66;0.0,0.0,-0.24201016128063202;1.0,0.0,0.0,0.0
13.67;0.0,0.0,-0.24201016128063202;1.0,0.0,0.0,0.0
13.68;0.0,0.0,-0.24201016128063202;1.0,0.0,0.0,0.0
13.69;0.0,0.0,-0.24201016128063202;1.0,0.0,0.0,0.0
13.7;0.0,0.0,-0.24201016128063202;1.0,0.0,0.0,0.0
13.71;0.0,0.0,-0.24201016128063202;1.0,0.0,0.0,0.0
13.72;0.0,0.0,-0.24201016128063202;1.0,0.0,0.0,0.0
13.73;0.0,0.0,-0.24201016128063202;1.0,0.0,0.0,0.0
13.74;0.0,0.0,-0.24201016128063202;1.0,0.0,0.0,0.0
13.75;0.0,0.0,-0.24201016128063202;1.0,0.0,0.0,0.0
13.76;0.0,0.0,-0.24201016128063202;1.0,0.0,0.0,0.0
13.77;0.0,0.0,-0.24201016128063202;1.0,0.0,0.0,0.0
13.78;0.0,0.0,-0.24201016128063202;1.0,0.0,0.0,0.0
13.79;0.0,0.0,-0.24201016128063202;1.0,0.0,0.0,0.0
13.8;0.0,0.0,-0.24201016128063202;1.0,0.0,0.0,0.0
13.81;0.0,0.0,-0.24201016128063202;1.0,0.0,0.0,0.0
13.82;0.0,0.0,-0.24201016128063202;1.0,0.0,0.0,0.0
13.83;0.0,0.0,-0.24201016128063202;1.0,0.0,0.0,0.0
13.84;0.0,0.0,-0.24201016128063202;1.0,0.0,0.0,0.0
13.85;0.0,0.0,-0.24201016128063202;1.0,0.0,0.0,0.0
13.86;0.0,0.0,-0.24201016128063202;1.0,0.0,0.0,0.0
13.87;0.0,0.0,-0.24201016128063202;1.0,0.0,0.0,0.0
13.88;0.0,0.0,-0.24201016128063202;1.0,0.0,0.0,0.0
13.89;0.0,0.0,-0.24201016128063202;1.0,0.0,0.0,0.0
13.9;0.0,0.0,-0.24201016128063202;1.0,0.0,0.0,0.0
13.91;0.0,0.0,-0.24201016128063202;1.0,0.0,0.0,0.0
13.92;0.0,0.0,-0.24201016128063202;1.0,0.0,0.0,0.0
13.93;0.0,0.0,-0.24201016128063202;1.0,0.0,0.0,0.0
13.94;0.0,0.0,-0.24201016128063202;1.0,0.0,0.0,0.0
13.95;0.0,0.0,-0.24201016128063202;1.0,0.0,0.0,0.0
13.96;0.0,0.0,-0.24201016128063202;1.0,0.0,0.0,0.0
13.97;0.0,0.0,-0.24201016128063202;1.0,0.0,0.0,0.0
13.98;0.0,0.0,-0.24201016128063202;1.0,0.0,0.0,0.0
13.99;0.0,0.0,-0.24201016128063202;1.0,0.0,0.0,0.0
14.0;0.0,0.0,-0.24201016128063202;1.0,0.0,0.0,0.0
14.01;0.0,0.0,-0.24201016128063202;1.0,0.0,0.0,0.0
14.02;0.0,0.0,-0.24201016128063202;1.0,0.0,0.0,0.0
14.03;0.0,0.0,-0.24201016128063202;1.0,0.0,0.0,0.0
14.04;0.0,0.0,-0.24201016128063202;1.0,0.0,0.0,0.0
14.05;0.0,0.0,-0.24201016128063202;1.0,0.0,0.0,0.0
14.06;0.0,0.0,-0.24201016128063202;1.0,0.0,0.0,0.0
14.07;0.0,0.0,-0.24201016128063202;1.0,0.0,0.0,0.0
14.08;0.0,0.0,-0.24201016128063202;1.0,0.0,0.0,0.0
14.09;0.0,0.0,-0.24201016128063202;1.0,0.0,0.0,0.0
14.1;0.0,0.0,-0.24201016128063202;1.0,0.0,0.0,0.0
14.11;0.0,0.0,-0.24201016128063202;1.0,0.0,0.0,0.0
14.12;0.0,0.0,-0.24201016128063202;1.0,0.0,0.0,0.0
14.13;0.0,0.0,-0.24201016128063202;1.0,0.0,0.0,0.0
14.14;0.0,0.0,-0.24201016128063202;1.0,0.0,0.0,0.0
14.15;0.0,0.0,-0.24201016128063202;1.0,0.0,0.0,0.0
14.16;0.0,0.0,-0.24201016128063202;1.0,0.0,0.0,0.0
14.17;0.0,0.0,-0.24201016128063202;1.0,0.0,0.0,0.0
14.18;0.0,0.0,-0.24201016128063202;1.0,0.0,0.0,0.0
14.19;0.0,0.0,-0.24201016128063202;1.0,0.0,0.0,0.0
14.2;0.0,0.0,-0.24201016128063202;1.0,0.0,0.0,0.0
14.21;0.0,0.0,-0.24201016128063202;1.0,0.0,0.0,0.0
14.22;0.0,0.0,-0.24201016128063202;1.0,0.0,0.0,0.0
14.23;0.0,0.0,-0.24201016128063202;1.0,0.0,0.0,0.0
14.24;0.0,0.0,-0.24201016128063202;1.0,0.0,0.0,0.0
14.25;0.0,0.0,-0.24201016128063202;1.0,0.0,0.0,0.0
14.26;0.0,0.0,-0.24201016128063202;1.0,0.0,0.0,0.0
14.27;0.0,0.0,-0.24201016128063202;1.0,0.0,0.0,0.0
14.28;0.0,0.0,-0.24201016128063202;1.0,0.0,0.0,0.0
14.29;0.0,0.0,-0.24201016128063202;1.0,0.0,0.0,0.0
14.3;0.0,0.0,-0.24201016128063202;1.0,0.0,0.0,0.0
14.31;0.0,0.0,-0.24201016128063202;1.0,0.0,0.0,0.0
14.32;0.0,0.0,-0.24201016128063202;1.0,0.0,0.0,0.0
14.33;0.0,0.0,-0.24201016128063202;1.0,0.0,0.0,0.0
14.34;0.0,0.0,-0.24201016128063202;1.0,0.0,0.0,0.0
14.35;0.0,0.0,-0.24201016128063202;1.0,0.0,0.0,0.0
14.36;0.0,0.0,-0.24201016128063202;1.0,0.0,0.0,0.0
14.37;0.0,0.0,-0.24201016128063202;1.0,0.0,0.0,0.0
14.38;0.0,0.0,-0.24201016128063202;1.0,0.0,0.0,0.0
14.39;0.0,0.0,-0.24201016128063202;1.0,0.0,0.0,0.0
14.4;0.0,0.0,-0.24201016128063202;1.0,0.0,0.0,0.0
14.41;0.0,0.0,-0.24201016128063202;1.0,0.0,0.0,0.0
14.42;0.0,0.0,-0.24201016128063202;1.0,0.0,0.0,0.0
14.43;0.0,0.0,-0.24201016128063202;1.0,0.0,0.0,0.0
14.44;0.0,0.0,-0.24201016128063202;1.0,0.0,0.0,0.0
14.45;0.0,0.0,-0.24201016128063202;1.0,0.0,0.0,0.0
14.46;0.0,0.0,-0.24201016128063202;1.0,0.0,0.0,0.0
14.47;0.0,0.0,-0.24201016128063202;1.0,0.0,0.0,0.0
14.48;0.0,0.0,-0.24201016128063202;1.0,0.0,0.0,0.0
14.49;0.0,0.0,-0.24201016128063202;1.0,0.0,0.0,0.0
14.5;0.0,0.0,-0.24201016128063202;1.0,0.0,0.0,0.0
14.51;0.0,0.0,-0.24201016128063202;1.0,0.0,0.0,0.0
14.52;0.0,0.0,-0.24201016128063202;1.0,0.0,0.0,0.0
14.53;0.0,0.0,-0.24201016128063202;1.0,0.0,0.0,0.0
14.54;0.0,0.0,-0.24201016128063202;1.0,0.0,0.0,0.0
14.55;0.0,0.0,-0.24201016128063202;1.0,0.0,0.0,0.0
14.56;0.0,0.0,-0.24201016128063202;1.0,0.0,0.0,0.0
14.57;0.0,0.0,-0.24201016128063202;1.0,0.0,0.0,0.0
14.58;0.0,0.0,-0.24201016128063202;1.0,0.0,0.0,0.0
14.59;0.0,0.0,-0.24201016128063202;1.0,0.0,0.0,0.0
14.6;0.0,0.0,-0.24201016128063202;1.0,0.0,0.0,0.0
14.61;0.0,0.0,-0.24201016128063202;1.0,0.0,0.0,0.0
14.62;0.0,0.0,-0.24201016128063202;1.0,0.0,0.0,0.0
14.63;0.0,0.0,-0.24201016128063202;1.0,0.0,0.0,0.0
14.64;0.0,0.0,-0.24201016128063202;1.0,0.0,0.0,0.0
14.65;0.0,0.0,-0.24201016128063202;1.0,0.0,0.0,0.0
14.66;0.0,0.0,-0.24201016128063202;1.0,0.0,0.0,0.0
14.67;0.0,0.0,-0.24201016128063202;1.0,0.0,0.0,0.0
14.68;0.0,0.0,-0.24201016128063202;1.0,0.0,0.0,0.0
14.69;0.0,0.0,-0.24201016128063202;1.0,0.0,0.0,0.0
14.7;0.0,0.0,-0.24201016128063202;1.0,0.0,0.0,0.0
14.71;0.0,0.0,-0.24201016128063202;1.0,0.0,0.0,0.0
14.72;0.0,0.0,-0.24201016128063202;1.0,0.0,0.0,0.0
14.73;0.0,0.0,-0.24201016128063202;1.0,0.0,0.0,0.0
14.74;0.0,0.0,-0.24201016128063202;1.0,0.0,0.0,0.0
14.75;0.0,0.0,-0.24201016128063202;1.0,0.0,0.0,0.0
14.76;0.0,0.0,-0.24201016128063202;1.0,0.0,0.0,0.0
14.77;0.0,0.0,-0.24201016128063202;1.0,0.0,0.0,0.0
14.78;0.0,0.0,-0.24201016128063202;1.0,0.0,0.0,0.0
14.79;0.0,0.0,-0.24201016128063202;1.0,0.0,0.0,0.0
14.8;0.0,0.0,-0.24201016128063202;1.0,0.0,0.0,0.0
14.81;0.0,0.0,-0.24201016128063202;1.0,0.0,0.0,0.0
14.82;0.0,0.0,-0.24201016128063202;1.0,0.0,0.0,0.0
14.83;0.0,0.0,-0.24201016128063202;1.0,0.0,0.0,0.0
14.84;0.0,0.0,-0.24201016128063202;1.0,0.0,0.0,0.0
14.85;0.0,0.0,-0.24201016128063202;1.0,0.0,0.0,0.0
14.86;0.0,0.0,-0.24201016128063202;1.0,0.0,0.0,0.0
14.87;0.0,0.0,-0.24201016128063202;1.0,0.0,0.0,0.0
14.88;0.0,0.0,-0.24201016128063202;1.0,0.0,0.0,0.0
14.89;0.0,0.0,-0.24201016128063202;1.0,0.0,0.0,0.0
14.9;0.0,0.0,-0.24201016128063202;1.0,0.0,0.0,0.0
14.91;0.0,0.0,-0.24201016128063202;1.0,0.0,0.0,0.0
14.92;0.0,0.0,-0.24201016128063202;1.0,0.0,0.0,0.0
14.93;0.0,0.0,-0.24201016128063202;1.0,0.0,0.0,0.0
14.94;0.0,0.0,-0.24201016128063202;1.0,0.0,0.0,0.0
14.95;0.0,0.0,-0.24201016128063202;1.0,0.0,0.0,0.0
14.96;0.0,0.0,-0.24201016128063202;1.0,0.0,0.0,0.0
14.97;0.0,0.0,-0.24201016128063202;1.0,0.0,0.0,0.0
14.98;0.0,0.0,-0.24201016128063202;1.0,0.0,0.0,0.0
14.99;0.0,0.0,-0.24201016128063202;1.0,0.0,0.0,0.0
