0.0;0.0,0.0,0.0;1.0,0.0,0.0,0.0
0.01;0.0,0.0,1.4603137969970703e-06;1.0,0.0,0.0,0.0
0.02;0.0,0.0,5.848705768585205e-06;1.0,0.0,0.0,0.0
0.03;0.0,0.0,1.3142824172973633e-05;1.0,0.0,0.0,0.0
0.04;0.0,0.0,2.3350119590759277e-05;1.0,0.0,0.0,0.0
0.05;0.0,0.0,3.6463141441345215e-05;1.0,0.0,0.0,0.0
0.06;0.0,0.0,5.24669885635376e-05;1.0,0.0,0.0,0.0
0.07;0.0,0.0,7.136166095733643e-05;1.0,0.0,0.0,0.0
0.08;0.0,0.0,9.31471586227417e-05;1.0,0.0,0.0,0.0
0.09;0.0,0.0,0.00011780858039855957;1.0,0.0,0.0,0.0
0.1;0.0,0.0,0.00014534592628479004;1.0,0.0,0.0,0.0
0.11;0.0,0.0,0.0001757591962814331;1.0,0.0,0.0,0.0
0.12;0.0,0.0,0.000209026038646698;1.0,0.0,0.0,0.0
0.13;0.0,0.0,0.0002451464533805847;1.0,0.0,0.0,0.0
0.14;0.0,0.0,0.00028411298990249634;1.0,0.0,0.0,0.0
0.15;0.0,0.0,0.0003259405493736267;1.0,0.0,0.0,0.0
0.16;0.0,0.0,0.0003705918788909912;1.0,0.0,0.0,0.0
0.17;0.0,0.0,0.0004180818796157837;1.0,0.0,0.0,0.0
0.18;0.0,0.0,0.0004684031009674072;1.0,0.0,0.0,0.0
0.19;0.0,0.0,0.000521533191204071;1.0,0.0,0.0,0.0
0.2;0.0,0.0,0.0005774945020675659;1.0,0.0,0.0,0.0
0.21;0.0,0.0,0.0006362497806549072;1.0,0.0,0.0,0.0
0.22;0.0,0.0,0.0006978139281272888;1.0,0.0,0.0,0.0
0.23;0.0,0.0,0.0007621720433235168;1.0,0.0,0.0,0.0
0.24;0.0,0.0,0.0008293315768241882;1.0,0.0,0.0,0.0
0.25;0.0,0.0,0.0008992701768875122;1.0,0.0,0.0,0.0
0.26;0.0,0.0,0.0009719878435134888;1.0,0.0,0.0,0.0
0.27;0.0,0.0,0.001047484576702118;1.0,0.0,0.0,0.0
0.28;0.0,0.0,0.0011257529258728027;1.0,0.0,0.0,0.0
0.29;0.0,0.0,0.0012067779898643494;1.0,0.0,0.0,0.0
0.3;0.0,0.0,0.0012905597686767578;1.0,0.0,0.0,0.0
0.31;0.0,0.0,0.001377098262310028;1.0,0.0,0.0,0.0
0.32;0.0,0.0,0.0014663711190223694;1.0,0.0,0.0,0.0
0.33;0.0,0.0,0.0015583857893943787;1.0,0.0,0.0,0.0
0.34;0.0,0.0,0.001653142273426056;1.0,0.0,0.0,0.0
0.35;0.0,0.0,0.0017506182193756104;1.0,0.0,0.0,0.0
0.36;0.0,0.0,0.001850813627243042;1.0,0.0,0.0,0.0
0.37;0.0,0.0,0.001953728497028351;1.0,0.0,0.0,0.0
0.38;0.0,0.0,0.002059347927570343;1.0,0.0,0.0,0.0
0.39;0.0,0.0,0.0021676793694496155;1.0,0.0,0.0,0.0
0.4;0.0,0.0,0.0022787079215049744;1.0,0.0,0.0,0.0
0.41;0.0,0.0,0.0023924261331558228;1.0,0.0,0.0,0.0
0.42;0.0,0.0,0.0025088265538215637;1.0,0.0,0.0,0.0
0.43;0.0,0.0,0.002627916634082794;1.0,0.0,0.0,0.0
0.44;0.0,0.0,0.0027496740221977234;1.0,0.0,0.0,0.0
0.45;0.0,0.0,0.0028740987181663513;1.0,0.0,0.0,0.0
0.46;0.0,0.0,0.003001190721988678;1.0,0.0,0.0,0.0
0.47;0.0,0.0,0.0031309425830841064;1.0,0.0,0.0,0.0
0.48;0.0,0.0,0.003263339400291443;1.0,0.0,0.0,0.0
0.49;0.0,0.0,0.0033983811736106873;1.0,0.0,0.0,0.0
0.5;0.0,0.0,0.0035360604524612427;1.0,0.0,0.0,0.0
0.51;0.0,0.0,0.003676384687423706;1.0,0.0,0.0,0.0
0.52;0.0,0.0,0.0038193315267562866;1.0,0.0,0.0,0.0
0.53;0.0,0.0,0.0039648935198783875;1.0,0.0,0.0,0.0
0.54;0.0,0.0,0.0041130781173706055;1.0,0.0,0.0,0.0
0.55;0.0,0.0,0.004263870418071747;1.0,0.0,0.0,0.0
0.56;0.0,0.0,0.0044172704219818115;1.0,0.0,0.0,0.0
0.57;0.0,0.0,0.004573263227939606;1.0,0.0,0.0,0.0
0.58;0.0,0.0,0.004731856286525726;1.0,0.0,0.0,0.0
0.59;0.0,0.0,0.004893027245998383;1.0,0.0,0.0,0.0
0.6;0.0,0.0,0.005056783556938171;1.0,0.0,0.0,0.0
0.61;0.0,0.0,0.005223117768764496;1.0,0.0,0.0,0.0
0.62;0.0,0.0,0.005392014980316162;1.0,0.0,0.0,0.0
0.63;0.0,0.0,0.00556347519159317;1.0,0.0,0.0,0.0
0.64;0.0,0.0,0.005737490952014923;1.0,0.0,0.0,0.0
0.65;0.0,0.0,0.005914069712162018;1.0,0.0,0.0,0.0
0.66;0.0,0.0,0.006093189120292664;1.0,0.0,0.0,0.0
0.67;0.0,0.0,0.006274841725826263;1.0,0.0,0.0,0.0
0.68;0.0,0.0,0.006459027528762817;1.0,0.0,0.0,0.0
0.69;0.0,0.0,0.006645753979682922;1.0,0.0,0.0,0.0
0.7;0.0,0.0,0.006834991276264191;1.0,0.0,0.0,0.0
0.71;0.0,0.0,0.007026754319667816;1.0,0.0,0.0,0.0
0.72;0.0,0.0,0.007221020758152008;1.0,0.0,0.0,0.0
0.73;0.0,0.0,0.007417790591716766;1.0,0.0,0.0,0.0
0.74;0.0,0.0,0.007617063820362091;1.0,0.0,0.0,0.0
0.75;0.0,0.0,0.007818832993507385;1.0,0.0,0.0,0.0
0.76;0.0,0.0,0.008023083209991455;1.0,0.0,0.0,0.0
0.77;0.0,0.0,0.008229821920394897;1.0,0.0,0.0,0.0
0.78;0.0,0.0,0.008439026772975922;1.0,0.0,0.0,0.0
0.79;0.0,0.0,0.008650705218315125;1.0,0.0,0.0,0.0
0.8;0.0,0.0,0.008864842355251312;1.0,0.0,0.0,0.0
0.81;0.0,0.0,0.009081453084945679;1.0,0.0,0.0,0.0
0.82;0.0,0.0,0.00930050015449524;1.0,0.0,0.0,0.0
0.83;0.0,0.0,0.009522005915641785;1.0,0.0,0.0,0.0
0.84;0.0,0.0,0.009745925664901733;1.0,0.0,0.0,0.0
0.85;0.0,0.0,0.009972304105758667;1.0,0.0,0.0,0.0
0.86;0.0,0.0,0.010201111435890198;1.0,0.0,0.0,0.0
0.87;0.0,0.0,0.010432332754135132;1.0,0.0,0.0,0.0
0.88;0.0,0.0,0.01066596806049347;1.0,0.0,0.0,0.0
0.89;0.0,0.0,0.01090201735496521;1.0,0.0,0.0,0.0
0.9;0.0,0.0,0.01114046573638916;1.0,0.0,0.0,0.0
0.91;0.0,0.0,0.011381328105926514;1.0,0.0,0.0,0.0
0.92;0.0,0.0,0.011624574661254883;1.0,0.0,0.0,0.0
0.93;0.0,0.0,0.011870205402374268;1.0,0.0,0.0,0.0
0.94;0.0,0.0,0.012118235230445862;1.0,0.0,0.0,0.0
0.95;0.0,0.0,0.012368634343147278;1.0,0.0,0.0,0.0
0.96;0.0,0.0,0.012621387839317322;1.0,0.0,0.0,0.0
0.97;0.0,0.0,0.012876510620117188;1.0,0.0,0.0,0.0
0.98;0.0,0.0,0.013134002685546875;1.0,0.0,0.0,0.0
0.99;0.0,0.0,0.013393834233283997;1.0,0.0,0.0,0.0
1.0;0.0,0.0,0.01365603506565094;1.0,0.0,0.0,0.0
1.01;0.0,0.0,0.01392054557800293;1.0,0.0,0.0,0.0
1.02;0.0,0.0,0.014187410473823547;1.0,0.0,0.0,0.0
1.03;0.0,0.0,0.014456599950790405;1.0,0.0,0.0,0.0
1.04;0.0,0.0,0.01472809910774231;1.0,0.0,0.0,0.0
1.05;0.0,0.0,0.015001937747001648;1.0,0.0,0.0,0.0
1.06;0.0,0.0,0.015278071165084839;1.0,0.0,0.0,0.0
1.07;0.0,0.0,0.01555652916431427;1.0,0.0,0.0,0.0
1.08;0.0,0.0,0.015837281942367554;1.0,0.0,0.0,0.0
1.09;0.0,0.0,0.016120299696922302;1.0,0.0,0.0,0.0
1.1;0.0,0.0,0.016405627131462097;1.0,0.0,0.0,0.0
1.11;0.0,0.0,0.016693249344825745;1.0,0.0,0.0,0.0
1.12;0.0,0.0,0.016983136534690857;1.0,0.0,0.0,0.0
1.13;0.0,0.0,0.017275288701057434;1.0,0.0,0.0,0.0
1.14;0.0,0.0,0.017569705843925476;1.0,0.0,0.0,0.0
1.15;0.0,0.0,0.017866387963294983;1.0,0.0,0.0,0.0
1.16;0.0,0.0,0.01816532015800476;1.0,0.0,0.0,0.0
1.17;0.0,0.0,0.01846650242805481;1.0,0.0,0.0,0.0
1.18;0.0,0.0,0.018769919872283936;1.0,0.0,0.0,0.0
1.19;0.0,0.0,0.01907557249069214;1.0,0.0,0.0,0.0
1.2;0.0,0.0,0.01938346028327942;1.0,0.0,0.0,0.0
1.21;0.0,0.0,0.01969355344772339;1.0,0.0,0.0,0.0
1.22;0.0,0.0,0.020005881786346436;1.0,0.0,0.0,0.0
1.23;0.0,0.0,0.020320415496826172;1.0,0.0,0.0,0.0
1.24;0.0,0.0,0.020637154579162598;1.0,0.0,0.0,0.0
1.25;0.0,0.0,0.020956099033355713;1.0,0.0,0.0,0.0
1.26;0.0,0.0,0.021277248859405518;1.0,0.0,0.0,0.0
1.27;0.0,0.0,0.02160055935382843;1.0,0.0,0.0,0.0
1.28;0.0,0.0,0.021926075220108032;1.0,0.0,0.0,0.0
1.29;0.0,0.0,0.022253751754760742;1.0,0.0,0.0,0.0
1.3;0.0,0.0,0.022583603858947754;1.0,0.0,0.0,0.0
1.31;0.0,0.0,0.022915631532669067;1.0,0.0,0.0,0.0
1.32;0.0,0.0,0.02324981987476349;1.0,0.0,0.0,0.0
1.33;0.0,0.0,0.02358613908290863;1.0,0.0,0.0,0.0
1.34;0.0,0.0,0.023924604058265686;1.0,0.0,0.0,0.0
1.35;0.0,0.0,0.02426522970199585;1.0,0.0,0.0,0.0
1.36;0.0,0.0,0.024608001112937927;1.0,0.0,0.0,0.0
1.37;0.0,0.0,0.024952873587608337;1.0,0.0,0.0,0.0
1.38;0.0,0.0,0.02529989182949066;1.0,0.0,0.0,0.0
1.39;0.0,0.0,0.025649026036262512;1.0,0.0,0.0,0.0
1.4;0.0,0.0,0.026000261306762695;1.0,0.0,0.0,0.0
1.41;0.0,0.0,0.02635359764099121;1.0,0.0,0.0,0.0
1.42;0.0,0.0,0.026709049940109253;1.0,0.0,0.0,0.0
1.43;0.0,0.0,0.027066588401794434;1.0,0.0,0.0,0.0
1.44;0.0,0.0,0.027426213026046753;1.0,0.0,0.0,0.0
1.45;0.0,0.0,0.02778792381286621;1.0,0.0,0.0,0.0
1.46;0.0,0.0,0.028151720762252808;1.0,0.0,0.0,0.0
1.47;0.0,0.0,0.028517574071884155;1.0,0.0,0.0,0.0
1.48;0.0,0.0,0.028885498642921448;1.0,0.0,0.0,0.0
1.49;0.0,0.0,0.02925547957420349;1.0,0.0,0.0,0.0
1.5;0.0,0.0,0.029627516865730286;1.0,0.0,0.0,0.0
1.51;0.0,0.0,0.03000161051750183;1.0,0.0,0.0,0.0
1.52;0.0,0.0,0.03037773072719574;1.0,0.0,0.0,0.0
1.53;0.0,0.0,0.030755892395973206;1.0,0.0,0.0,0.0
1.54;0.0,0.0,0.03113609552383423;1.0,0.0,0.0,0.0
1.55;0.0,0.0,0.03151831030845642;1.0,0.0,0.0,0.0
1.56;0.0,0.0,0.03190255165100098;1.0,0.0,0.0,0.0
1.57;0.0,0.0,0.03228878974914551;1.0,0.0,0.0,0.0
1.58;0.0,0.0,0.0326770544052124;1.0,0.0,0.0,0.0
1.59;0.0,0.0,0.03306731581687927;1.0,0.0,0.0,0.0
1.6;0.0,0.0,0.03345954418182373;1.0,0.0,0.0,0.0
1.61;0.0,0.0,0.03385379910469055;1.0,0.0,0.0,0.0
1.62;0.0,0.0,0.03425002098083496;1.0,0.0,0.0,0.0
1.63;0.0,0.0,0.03464822471141815;1.0,0.0,0.0,0.0
1.64;0.0,0.0,0.03504839539527893;1.0,0.0,0.0,0.0
1.65;0.0,0.0,0.0354505330324173;1.0,0.0,0.0,0.0
1.66;0.0,0.0,0.03585462272167206;1.0,0.0,0.0,0.0
1.67;0.0,0.0,0.03626067936420441;1.0,0.0,0.0,0.0
1.68;0.0,0.0,0.03666868805885315;1.0,0.0,0.0,0.0
1.69;0.0,0.0,0.0370786190032959;1.0,0.0,0.0,0.0
1.7;0.0,0.0,0.03749050199985504;1.0,0.0,0.0,0.0
1.71;0.0,0.0,0.03790430724620819;1.0,0.0,0.0,0.0
1.72;0.0,0.0,0.03832004964351654;1.0,0.0,0.0,0.0
1.73;0.0,0.0,0.0387376993894577;1.0,0.0,0.0,0.0
1.74;0.0,0.0,0.03915725648403168;1.0,0.0,0.0,0.0
1.75;0.0,0.0,0.03957873582839966;1.0,0.0,0.0,0.0
1.76;0.0,0.0,0.04000210762023926;1.0,0.0,0.0,0.0
1.77;0.0,0.0,0.04042738676071167;1.0,0.0,0.0,0.0
1.78;0.0,0.0,0.04085454344749451;1.0,0.0,0.0,0.0
1.79;0.0,0.0,0.04128357768058777;1.0,0.0,0.0,0.0
1.8;0.0,0.0,0.04171450436115265;1.0,0.0,0.0,0.0
1.81;0.0,0.0,0.04214729368686676;1.0,0.0,0.0,0.0
1.82;0.0,0.0,0.042581960558891296;1.0,0.0,0.0,0.0
1.83;0.0,0.0,0.04301847517490387;1.0,0.0,0.0,0.0
1.84;0.0,0.0,0.04345683753490448;1.0,0.0,0.0,0.0
1.85;0.0,0.0,0.04389704763889313;1.0,0.0,0.0,0.0
1.86;0.0,0.0,0.044339120388031006;1.0,0.0,0.0,0.0
1.87;0.0,0.0,0.04478302597999573;1.0,0.0,0.0,0.0
1.88;0.0,0.0,0.0452287495136261;1.0,0.0,0.0,0.0
1.89;0.0,0.0,0.04567632079124451;1.0,0.0,0.0,0.0
1.9;0.0,0.0,0.04612568020820618;1.0,0.0,0.0,0.0
1.91;0.0,0.0,0.04657687246799469;1.0,0.0,0.0,0.0
1.92;0.0,0.0,0.04702986776828766;1.0,0.0,0.0,0.0
1.93;0.0,0.0,0.04748466610908508;1.0,0.0,0.0,0.0
1.94;0.0,0.0,0.04794126749038696;1.0,0.0,0.0,0.0
1.95;0.0,0.0,0.04839964210987091;1.0,0.0,0.0,0.0
1.96;0.0,0.0,0.04885980486869812;1.0,0.0,0.0,0.0
1.97;0.0,0.0,0.04932175576686859;1.0,0.0,0.0,0.0
1.98;0.0,0.0,0.04978547990322113;1.0,0.0,0.0,0.0
1.99;0.0,0.0,0.05025094747543335;1.0,0.0,0.0,0.0
2.0;0.0,0.0,0.05071818828582764;1.0,0.0,0.0,0.0
2.01;0.0,0.0,0.05118720233440399;1.0,0.0,0.0,0.0
2.02;0.0,0.0,0.05165794491767883;1.0,0.0,0.0,0.0
2.03;0.0,0.0,0.05213044583797455;1.0,0.0,0.0,0.0
2.04;0.0,0.0,0.052604660391807556;1.0,0.0,0.0,0.0
2.05;0.0,0.0,0.05308063328266144;1.0,0.0,0.0,0.0
2.06;0.0,0.0,0.05355830490589142;1.0,0.0,0.0,0.0
2.07;0.0,0.0,0.05403771996498108;1.0,0.0,0.0,0.0
2.08;0.0,0.0,0.05451883375644684;1.0,0.0,0.0,0.0
2.09;0.0,0.0,0.05500166118144989;1.0,0.0,0.0,0.0
2.1;0.0,0.0,0.05548618733882904;1.0,0.0,0.0,0.0
2.11;0.0,0.0,0.05597241222858429;1.0,0.0,0.0,0.0
2.12;0.0,0.0,0.05646032094955444;1.0,0.0,0.0,0.0
2.13;0.0,0.0,0.056949928402900696;1.0,0.0,0.0,0.0
2.14;0.0,0.0,0.05744120478630066;1.0,0.0,0.0,0.0
2.15;0.0,0.0,0.05793416500091553;1.0,0.0,0.0,0.0
2.16;0.0,0.0,0.05842876434326172;1.0,0.0,0.0,0.0
2.17;0.0,0.0,0.05892506241798401;1.0,0.0,0.0,0.0
2.18;0.0,0.0,0.05942298471927643;1.0,0.0,0.0,0.0
2.19;0.0,0.0,0.05992257595062256;1.0,0.0,0.0,0.0
2.2;0.0,0.0,0.06042379140853882;1.0,0.0,0.0,0.0
2.21;0.0,0.0,0.060926660895347595;1.0,0.0,0.0,0.0
2.22;0.0,0.0,0.06143113970756531;1.0,0.0,0.0,0.0
2.23;0.0,0.0,0.06193727254867554;1.0,0.0,0.0,0.0
2.24;0.0,0.0,0.0624450147151947;1.0,0.0,0.0,0.0
2.25;0.0,0.0,0.0629543662071228;1.0,0.0,0.0,0.0
2.26;0.0,0.0,0.06346534192562103;1.0,0.0,0.0,0.0
2.27;0.0,0.0,0.06397788226604462;1.0,0.0,0.0,0.0
2.28;0.0,0.0,0.06449206173419952;1.0,0.0,0.0,0.0
2.29;0.0,0.0,0.06500780582427979;1.0,0.0,0.0,0.0
2.3;0.0,0.0,0.06552514433860779;1.0,0.0,0.0,0.0
2.31;0.0,0.0,0.06604407727718353;1.0,0.0,0.0,0.0
2.32;0.0,0.0,0.06656454503536224;1.0,0.0,0.0,0.0
2.33;0.0,0.0,0.0670866072177887;1.0,0.0,0.0,0.0
2.34;0.0,0.0,0.06761021912097931;1.0,0.0,0.0,0.0
2.35;0.0,0.0,0.06813541054725647;1.0,0.0,0.0,0.0
2.36;0.0,0.0,0.0686621367931366;1.0,0.0,0.0,0.0
2.37;0.0,0.0,0.0691903829574585;1.0,0.0,0.0,0.0
2.38;0.0,0.0,0.06972020864486694;1.0,0.0,0.0,0.0
2.39;0.0,0.0,0.07025152444839478;1.0,0.0,0.0,0.0
2.4;0.0,0.0,0.07078440487384796;1.0,0.0,0.0,0.0
2.41;0.0,0.0,0.07131879031658173;1.0,0.0,0.0,0.0
2.42;0.0,0.0,0.07185468077659607;1.0,0.0,0.0,0.0
2.43;0.0,0.0,0.07239209115505219;1.0,0.0,0.0,0.0
2.44;0.0,0.0,0.07293099164962769;1.0,0.0,0.0,0.0
2.45;0.0,0.0,0.07347141206264496;1.0,0.0,0.0,0.0
2.46;0.0,0.0,0.07401332259178162;1.0,0.0,0.0,0.0
2.47;0.0,0.0,0.07455667853355408;1.0,0.0,0.0,0.0
2.48;0.0,0.0,0.07510155439376831;1.0,0.0,0.0,0.0
2.49;0.0,0.0,0.07564789056777954;1.0,0.0,0.0,0.0
2.5;0.0,0.0,0.07619568705558777;1.0,0.0,0.0,0.0
2.51;0.0,0.0,0.07674495875835419;1.0,0.0,0.0,0.0
2.52;0.0,0.0,0.07729567587375641;1.0,0.0,0.0,0.0
2.53;0.0,0.0,0.07784785330295563;1.0,0.0,0.0,0.0
2.54;0.0,0.0,0.07840147614479065;1.0,0.0,0.0,0.0
2.55;0.0,0.0,0.07895652949810028;1.0,0.0,0.0,0.0
2.56;0.0,0.0,0.07951299846172333;1.0,0.0,0.0,0.0
2.57;0.0,0.0,0.08007092773914337;1.0,0.0,0.0,0.0
2.58;0.0,0.0,0.08063025772571564;1.0,0.0,0.0,0.0
2.59;0.0,0.0,0.08119100332260132;1.0,0.0,0.0,0.0
2.6;0.0,0.0,0.08175316452980042;1.0,0.0,0.0,0.0
2.61;0.0,0.0,0.08231672644615173;1.0,0.0,0.0,0.0
2.62;0.0,0.0,0.08288167417049408;1.0,0.0,0.0,0.0
2.63;0.0,0.0,0.08344802260398865;1.0,0.0,0.0,0.0
2.64;0.0,0.0,0.08401577174663544;1.0,0.0,0.0,0.0
2.65;0.0,0.0,0.08458487689495087;1.0,0.0,0.0,0.0
2.66;0.0,0.0,0.08515536785125732;1.0,0.0,0.0,0.0
2.67;0.0,0.0,0.08572722971439362;1.0,0.0,0.0,0.0
2.68;0.0,0.0,0.08630044758319855;1.0,0.0,0.0,0.0
2.69;0.0,0.0,0.08687503635883331;1.0,0.0,0.0,0.0
2.7;0.0,0.0,0.08745095133781433;1.0,0.0,0.0,0.0
2.71;0.0,0.0,0.08802822232246399;1.0,0.0,0.0,0.0
2.72;0.0,0.0,0.0886068195104599;1.0,0.0,0.0,0.0
2.73;0.0,0.0,0.08918677270412445;1.0,0.0,0.0,0.0
2.74;0.0,0.0,0.08976803719997406;1.0,0.0,0.0,0.0
2.75;0.0,0.0,0.09035065770149231;1.0,0.0,0.0,0.0
2.76;0.0,0.0,0.09093454480171204;1.0,0.0,0.0,0.0
2.77;0.0,0.0,0.09151977300643921;1.0,0.0,0.0,0.0
2.78;0.0,0.0,0.09210629761219025;1.0,0.0,0.0,0.0
2.79;0.0,0.0,0.09269410371780396;1.0,0.0,0.0,0.0
2.8;0.0,0.0,0.09328320622444153;1.0,0.0,0.0,0.0
2.81;0.0,0.0,0.09387360513210297;1.0,0.0,0.0,0.0
2.82;0.0,0.0,0.09446528553962708;1.0,0.0,0.0,0.0
2.83;0.0,0.0,0.09505823254585266;1.0,0.0,0.0,0.0
2.84;0.0,0.0,0.09565243124961853;1.0,0.0,0.0,0.0
2.85;0.0,0.0,0.09624792635440826;1.0,0.0,0.0,0.0
2.86;0.0,0.0,0.09684467315673828;1.0,0.0,0.0,0.0
2.87;0.0,0.0,0.0974426418542862;1.0,0.0,0.0,0.0
2.88;0.0,0.0,0.09804189205169678;1.0,0.0,0.0,0.0
2.89;0.0,0.0,0.09864236414432526;1.0,0.0,0.0,0.0
2.9;0.0,0.0,0.09924407303333282;1.0,0.0,0.0,0.0
2.91;0.0,0.0,0.09984700381755829;1.0,0.0,0.0,0.0
2.92;0.0,0.0,0.10045114159584045;1.0,0.0,0.0,0.0
2.93;0.0,0.0,0.10105651617050171;1.0,0.0,0.0,0.0
2.94;0.0,0.0,0.10166311264038086;1.0,0.0,0.0,0.0
2.95;0.0,0.0,0.10227088630199432;1.0,0.0,0.0,0.0
2.96;0.0,0.0,0.10287986695766449;1.0,0.0,0.0,0.0
2.97;0.0,0.0,0.10349003970623016;1.0,0.0,0.0,0.0
2.98;0.0,0.0,0.10410138964653015;1.0,0.0,0.0,0.0
2.99;0.0,0.0,0.10471394658088684;1.0,0.0,0.0,0.0
3.0;0.0,0.0,0.10532766580581665;1.0,0.0,0.0,0.0
3.01;0.0,0.0,0.10594253242015839;1.0,0.0,0.0,0.0
3.02;0.0,0.0,0.10655859112739563;1.0,0.0,0.0,0.0
3.03;0.0,0.0,0.1071757972240448;1.0,0.0,0.0,0.0
3.04;0.0,0.0,0.1077941507101059;1.0,0.0,0.0,0.0
3.05;0.0,0.0,0.10841365158557892;1.0,0.0,0.0,0.0
3.06;0.0,0.0,0.10903428494930267;1.0,0.0,0.0,0.0
3.07;0.0,0.0,0.10965608060359955;1.0,0.0,0.0,0.0
3.08;0.0,0.0,0.11027896404266357;1.0,0.0,0.0,0.0
3.09;0.0,0.0,0.11090296506881714;1.0,0.0,0.0,0.0
3.1;0.0,0.0,0.11152814328670502;1.0,0.0,0.0,0.0
3.11;0.0,0.0,0.11215437948703766;1.0,0.0,0.0,0.0
3.12;0.0,0.0,0.11278176307678223;1.0,0.0,0.0,0.0
3.13;0.0,0.0,0.11341020464897156;1.0,0.0,0.0,0.0
3.14;0.0,0.0,0.11403971910476685;1.0,0.0,0.0,0.0
3.15;0.0,0.0,0.11467038094997406;1.0,0.0,0.0,0.0
3.16;0.0,0.0,0.11530208587646484;1.0,0.0,0.0,0.0
3.17;0.0,0.0,0.11593487858772278;1.0,0.0,0.0,0.0
3.18;0.0,0.0,0.11656874418258667;1.0,0.0,0.0,0.0
3.19;0.0,0.0,0.11720368266105652;1.0,0.0,0.0,0.0
3.2;0.0,0.0,0.11783963441848755;1.0,0.0,0.0,0.0
3.21;0.0,0.0,0.11847668886184692;1.0,0.0,0.0,0.0
3.22;0.0,0.0,0.11911475658416748;1.0,0.0,0.0,0.0
3.23;0.0,0.0,0.11975385248661041;1.0,0.0,0.0,0.0
3.24;0.0,0.0,0.12039400637149811;1.0,0.0,0.0,0.0
3.25;0.0,0.0,0.12103521823883057;1.0,0.0,0.0,0.0
3.26;0.0,0.0,0.12167741358280182;1.0,0.0,0.0,0.0
3.27;0.0,0.0,0.12232065200805664;1.0,0.0,0.0,0.0
3.28;0.0,0.0,0.12296485900878906;1.0,0.0,0.0,0.0
3.29;0.0,0.0,0.12361010909080505;1.0,0.0,0.0,0.0
3.3;0.0,0.0,0.12425631284713745;1.0,0.0,0.0,0.0
3.31;0.0,0.0,0.12490352988243103;1.0,0.0,0.0,0.0
3.32;0.0,0.0,0.1255517601966858;1.0,0.0,0.0,0.0
3.33;0.0,0.0,0.12620097398757935;1.0,0.0,0.0,0.0
3.34;0.0,0.0,0.12685111165046692;1.0,0.0,0.0,0.0
3.35;0.0,0.0,0.12750226259231567;1.0,0.0,0.0,0.0
3.36;0.0,0.0,0.12815436720848083;1.0,0.0,0.0,0.0
3.37;0.0,0.0,0.1288074404001236;1.0,0.0,0.0,0.0
3.38;0.0,0.0,0.12946143746376038;1.0,0.0,0.0,0.0
3.39;0.0,0.0,0.13011637330055237;1.0,0.0,0.0,0.0
3.4;0.0,0.0,0.13077227771282196;1.0,0.0,0.0,0.0
3.41;0.0,0.0,0.13142910599708557;1.0,0.0,0.0,0.0
3.42;0.0,0.0,0.13208690285682678;1.0,0.0,0.0,0.0
3.43;0.0,0.0,0.13274556398391724;1.0,0.0,0.0,0.0
3.44;0.0,0.0,0.1334051787853241;1.0,0.0,0.0,0.0
3.45;0.0,0.0,0.1340656876564026;1.0,0.0,0.0,0.0
3.46;0.0,0.0,0.1347271203994751;1.0,0.0,0.0,0.0
3.47;0.0,0.0,0.13538941740989685;1.0,0.0,0.0,0.0
3.48;0.0,0.0,0.13605263829231262;1.0,0.0,0.0,0.0
3.49;0.0,0.0,0.13671672344207764;1.0,0.0,0.0,0.0
3.5;0.0,0.0,0.13738173246383667;1.0,0.0,0.0,0.0
3.51;0.0,0.0,0.13804757595062256;1.0,0.0,0.0,0.0
3.52;0.0,0.0,0.1387142837047577;1.0,0.0,0.0,0.0
3.53;0.0,0.0,0.13938188552856445;1.0,0.0,0.0,0.0
3.54;0.0,0.0,0.14005035161972046;1.0,0.0,0.0,0.0
3.55;0.0,0.0,0.14071962237358093;1.0,0.0,0.0,0.0
3.56;0.0,0.0,0.14138981699943542;1.0,0.0,0.0,0.0
3.57;0.0,0.0,0.1420607566833496;1.0,0.0,0.0,0.0
3.58;0.0,0.0,0.1427326202392578;1.0,0.0,0.0,0.0
3.59;0.0,0.0,0.1434052586555481;1.0,0.0,0.0,0.0
3.6;0.0,0.0,0.14407876133918762;1.0,0.0,0.0,0.0
3.61;0.0,0.0,0.14475303888320923;1.0,0.0,0.0,0.0
3.62;0.0,0.0,0.1454281508922577;1.0,0.0,0.0,0.0
3.63;0.0,0.0,0.14610403776168823;1.0,0.0,0.0,0.0
3.64;0.0,0.0,0.14678075909614563;1.0,0.0,0.0,0.0
3.65;0.0,0.0,0.1474582552909851;1.0,0.0,0.0,0.0
3.66;0.0,0.0,0.14813655614852905;1.0,0.0,0.0,0.0
3.67;0.0,0.0,0.14881563186645508;1.0,0.0,0.0,0.0
3.68;0.0,0.0,0.14949548244476318;1.0,0.0,0.0,0.0
3.69;0.0,0.0,0.15017607808113098;1.0,0.0,0.0,0.0
3.7;0.0,0.0,0.15085744857788086;1.0,0.0,0.0,0.0
3.71;0.0,0.0,0.1515396237373352;1.0,0.0,0.0,0.0
3.72;0.0,0.0,0.15222254395484924;1.0,0.0,0.0,0.0
3.73;0.0,0.0,0.15290617942810059;1.0,0.0,0.0,0.0
3.74;0.0,0.0,0.15359055995941162;1.0,0.0,0.0,0.0
3.75;0.0,0.0,0.15427571535110474;1.0,0.0,0.0,0.0
3.76;0.0,0.0,0.15496152639389038;1.0,0.0,0.0,0.0
3.77;0.0,0.0,0.1556481420993805;1.0,0.0,0.0,0.0
3.78;0.0,0.0,0.15633541345596313;1.0,0.0,0.0,0.0
3.79;0.0,0.0,0.15702340006828308;1.0,0.0,0.0,0.0
3.8;0.0,0.0,0.15771210193634033;1.0,0.0,0.0,0.0
3.81;0.0,0.0,0.1584015190601349;1.0,0.0,0.0,0.0
3.82;0.0,0.0,0.15909162163734436;1.0,0.0,0.0,0.0
3.83;0.0,0.0,0.15978240966796875;1.0,0.0,0.0,0.0
3.84;0.0,0.0,0.16047391295433044;1.0,0.0,0.0,0.0
3.85;0.0,0.0,0.16116604208946228;1.0,0.0,0.0,0.0
3.86;0.0,0.0,0.16185888648033142;1.0,0.0,0.0,0.0
3.87;0.0,0.0,0.1625523567199707;1.0,0.0,0.0,0.0
3.88;0.0,0.0,0.1632465124130249;1.0,0.0,0.0,0.0
3.89;0.0,0.0,0.16394129395484924;1.0,0.0,0.0,0.0
3.9;0.0,0.0,0.1646367609500885;1.0,0.0,0.0,0.0
3.91;0.0,0.0,0.1653328537940979;1.0,0.0,0.0,0.0
3.92;0.0,0.0,0.16602957248687744;1.0,0.0,0.0,0.0
3.93;0.0,0.0,0.1667269468307495;1.0,0.0,0.0,0.0
3.94;0.0,0.0,0.16742488741874695;1.0,0.0,0.0,0.0
3.95;0.0,0.0,0.16812348365783691;1.0,0.0,0.0,0.0
3.96;0.0,0.0,0.16882270574569702;1.0,0.0,0.0,0.0
3.97;0.0,0.0,0.16952252388000488;1.0,0.0,0.0,0.0
3.98;0.0,0.0,0.1702229380607605;1.0,0.0,0.0,0.0
3.99;0.0,0.0,0.17092394828796387;1.0,0.0,0.0,0.0
4.0;0.0,0.0,0.1716255247592926;1.0,0.0,0.0,0.0
4.01;0.0,0.0,0.17232772707939148;1.0,0.0,0.0,0.0
4.02;0.0,0.0,0.17303049564361572;1.0,0.0,0.0,0.0
4.03;0.0,0.0,0.17373380064964294;1.0,0.0,0.0,0.0
4.04;0.0,0.0,0.17443770170211792;1.0,0.0,0.0,0.0
4.05;0.0,0.0,0.17514213919639587;1.0,0.0,0.0,0.0
4.06;0.0,0.0,0.17584717273712158;1.0,0.0,0.0,0.0
4.07;0.0,0.0,0.17655271291732788;1.0,0.0,0.0,0.0
4.08;0.0,0.0,0.17725881934165955;1.0,0.0,0.0,0.0
4.09;0.0,0.0,0.1779654622077942;1.0,0.0,0.0,0.0
4.1;0.0,0.0,0.1786726415157318;1.0,0.0,0.0,0.0
4.11;0.0,0.0,0.17938029766082764;1.0,0.0,0.0,0.0
4.12;0.0,0.0,0.18008849024772644;1.0,0.0,0.0,0.0
4.13;0.0,0.0,0.18079721927642822;1.0,0.0,0.0,0.0
4.14;0.0,0.0,0.1815064549446106;1.0,0.0,0.0,0.0
4.15;0.0,0.0,0.18221616744995117;1.0,0.0,0.0,0.0
4.16;0.0,0.0,0.18292641639709473;1.0,0.0,0.0,0.0
4.17;0.0,0.0,0.1836371123790741;1.0,0.0,0.0,0.0
4.18;0.0,0.0,0.18434834480285645;1.0,0.0,0.0,0.0
4.19;0.0,0.0,0.18505999445915222;1.0,0.0,0.0,0.0
4.2;0.0,0.0,0.1857721209526062;1.0,0.0,0.0,0.0
4.21;0.0,0.0,0.18648475408554077;1.0,0.0,0.0,0.0
4.22;0.0,0.0,0.18719780445098877;1.0,0.0,0.0,0.0
4.23;0.0,0.0,0.18791133165359497;1.0,0.0,0.0,0.0
4.24;0.0,0.0,0.188625305891037;1.0,0.0,0.0,0.0
4.25;0.0,0.0,0.1893397569656372;1.0,0.0,0.0,0.0
4.26;0.0,0.0,0.19005459547042847;1.0,0.0,0.0,0.0
4.27;0.0,0.0,0.19076988101005554;1.0,0.0,0.0,0.0
4.28;0.0,0.0,0.19148558378219604;1.0,0.0,0.0,0.0
4.29;0.0,0.0,0.19220173358917236;1.0,0.0,0.0,0.0
4.3;0.0,0.0,0.19291824102401733;1.0,0.0,0.0,0.0
4.31;0.0,0.0,0.19363519549369812;1.0,0.0,0.0,0.0
4.32;0.0,0.0,0.19435256719589233;1.0,0.0,0.0,0.0
4.33;0.0,0.0,0.1950702667236328;1.0,0.0,0.0,0.0
4.34;0.0,0.0,0.1957884132862091;1.0,0.0,0.0,0.0
4.35;0.0,0.0,0.19650691747665405;1.0,0.0,0.0,0.0
4.36;0.0,0.0,0.19722583889961243;1.0,0.0,0.0,0.0
4.37;0.0,0.0,0.19794511795043945;1.0,0.0,0.0,0.0
4.38;0.0,0.0,0.19866472482681274;1.0,0.0,0.0,0.0
4.39;0.0,0.0,0.19938471913337708;1.0,0.0,0.0,0.0
4.4;0.0,0.0,0.20010507106781006;1.0,0.0,0.0,0.0
4.41;0.0,0.0,0.2008257806301117;1.0,0.0,0.0,0.0
4.42;0.0,0.0,0.2015468180179596;1.0,0.0,0.0,0.0
4.43;0.0,0.0,0.20226818323135376;1.0,0.0,0.0,0.0
4.44;0.0,0.0,0.2029898762702942;1.0,0.0,0.0,0.0
4.45;0.0,0.0,0.20371192693710327;1.0,0.0,0.0,0.0
4.46;0.0,0.0,0.20443427562713623;1.0,0.0,0.0,0.0
4.47;0.0,0.0,0.20515692234039307;1.0,0.0,0.0,0.0
4.48;0.0,0.0,0.20587992668151855;1.0,0.0,0.0,0.0
4.49;0.0,0.0,0.20660316944122314;1.0,0.0,0.0,0.0
4.5;0.0,0.0,0.2073267698287964;1.0,0.0,0.0,0.0
4.51;0.0,0.0,0.20805060863494873;1.0,0.0,0.0,0.0
4.52;0.0,0.0,0.20877474546432495;1.0,0.0,0.0,0.0
4.53;0.0,0.0,0.20949918031692505;1.0,0.0,0.0,0.0
4.54;0.0,0.0,0.21022385358810425;1.0,0.0,0.0,0.0
4.55;0.0,0.0,0.21094882488250732;1.0,0.0,0.0,0.0
4.56;0.0,0.0,0.2116740345954895;1.0,0.0,0.0,0.0
4.57;0.0,0.0,0.21239954233169556;1.0,0.0,0.0,0.0
4.58;0.0,0.0,0.21312522888183594;1.0,0.0,0.0,0.0
4.59;0.0,0.0,0.2138512134552002;1.0,0.0,0.0,0.0
4.6;0.0,0.0,0.21457743644714355;1.0,0.0,0.0,0.0
4.61;0.0,0.0,0.21530386805534363;1.0,0.0,0.0,0.0
4.62;0.0,0.0,0.2160305380821228;1.0,0.0,0.0,0.0
4.63;0.0,0.0,0.2167574167251587;1.0,0.0,0.0,0.0
4.64;0.0,0.0,0.2174845039844513;1.0,0.0,0.0,0.0
4.65;0.0,0.0,0.21821177005767822;1.0,0.0,0.0,0.0
4.66;0.0,0.0,0.21893930435180664;1.0,0.0,0.0,0.0
4.67;0.0,0.0,0.21966701745986938;1.0,0.0,0.0,0.0
4.68;0.0,0.0,0.22039490938186646;1.0,0.0,0.0,0.0
4.69;0.0,0.0,0.22112298011779785;1.0,0.0,0.0,0.0
4.7;0.0,0.0,0.22185125946998596;1.0,0.0,0.0,0.0
4.71;0.0,0.0,0.222579687833786;1.0,0.0,0.0,0.0
4.72;0.0,0.0,0.223308265209198;1.0,0.0,0.0,0.0
4.73;0.0,0.0,0.2240370213985443;1.0,0.0,0.0,0.0
4.74;0.0,0.0,0.22476592659950256;1.0,0.0,0.0,0.0
4.75;0.0,0.0,0.22549501061439514;1.0,0.0,0.0,0.0
4.76;0.0,0.0,0.22622424364089966;1.0,0.0,0.0,0.0
4.77;0.0,0.0,0.22695359587669373;1.0,0.0,0.0,0.0
4.78;0.0,0.0,0.22768303751945496;1.0,0.0,0.0,0.0
4.79;0.0,0.0,0.2284126579761505;1.0,0.0,0.0,0.0
4.8;0.0,0.0,0.22914236783981323;1.0,0.0,0.0,0.0
4.81;0.0,0.0,0.2298721969127655;1.0,0.0,0.0,0.0
4.82;0.0,0.0,0.23060214519500732;1.0,0.0,0.0,0.0
4.83;0.0,0.0,0.2313321828842163;1.0,0.0,0.0,0.0
4.84;0.0,0.0,0.23206233978271484;1.0,0.0,0.0,0.0
4.85;0.0,0.0,0.23279258608818054;1.0,0.0,0.0,0.0
4.86;0.0,0.0,0.23352289199829102;1.0,0.0,0.0,0.0
4.87;0.0,0.0,0.23425328731536865;1.0,0.0,0.0,0.0
4.88;0.0,0.0,0.23498374223709106;1.0,0.0,0.0,0.0
4.89;0.0,0.0,0.23571431636810303;1.0,0.0,0.0,0.0
4.9;0.0,0.0,0.236444890499115;1.0,0.0,0.0,0.0
4.91;0.0,0.0,0.23717552423477173;1.0,0.0,0.0,0.0
4.92;0.0,0.0,0.23790624737739563;1.0,0.0,0.0,0.0
4.93;0.0,0.0,0.23863700032234192;1.0,0.0,0.0,0.0
4.94;0.0,0.0,0.2393677830696106;1.0,0.0,0.0,0.0
4.95;0.0,0.0,0.24009859561920166;1.0,0.0,0.0,0.0
4.96;0.0,0.0,0.2408294677734375;1.0,0.0,0.0,0.0
4.97;0.0,0.0,0.24156031012535095;1.0,0.0,0.0,0.0
4.98;0.0,0.0,0.24229121208190918;1.0,0.0,0.0,0.0
4.99;0.0,0.0,0.2430221140384674;1.0,0.0,0.0,0.0
5.0;0.0,0.0,0.24375295639038086;1.0,0.0,0.0,0.0
5.01;0.0,0.0,0.24448388814926147;1.0,0.0,0.0,0.0
5.02;0.0,0.0,0.24521476030349731;1.0,0.0,0.0,0.0
5.03;0.0,0.0,0.24594563245773315;1.0,0.0,0.0,0.0
5.04;0.0,0.0,0.2466764748096466;1.0,0.0,0.0,0.0
5.05;0.0,0.0,0.24740731716156006;1.0,0.0,0.0,0.0
5.06;0.0,0.0,0.24813807010650635;1.0,0.0,0.0,0.0
5.07;0.0,0.0,0.24886882305145264;1.0,0.0,0.0,0.0
5.08;0.0,0.0,0.24959951639175415;1.0,0.0,0.0,0.0
5.09;0.0,0.0,0.2503301799297333;1.0,0.0,0.0,0.0
5.1;0.0,0.0,0.2510607838630676;1.0,0.0,0.0,0.0
5.11;0.0,0.0,0.2517913281917572;1.0,0.0,0.0,0.0
5.12;0.0,0.0,0.252521812915802;1.0,0.0,0.0,0.0
5.13;0.0,0.0,0.25325220823287964;1.0,0.0,0.0,0.0
5.14;0.0,0.0,0.2539824843406677;1.0,0.0,0.0,0.0
5.15;0.0,0.0,0.2547127604484558;1.0,0.0,0.0,0.0
5.16;0.0,0.0,0.25544291734695435;1.0,0.0,0.0,0.0
5.17;0.0,0.0,0.25617295503616333;1.0,0.0,0.0,0.0
5.18;0.0,0.0,0.25690287351608276;1.0,0.0,0.0,0.0
5.19;0.0,0.0,0.2576327323913574;1.0,0.0,0.0,0.0
5.2;0.0,0.0,0.25836241245269775;1.0,0.0,0.0,0.0
5.21;0.0,0.0,0.2590920329093933;1.0,0.0,0.0,0.0
5.22;0.0,0.0,0.2598215341567993;1.0,0.0,0.0,0.0
5.23;0.0,0.0,0.260550856590271;1.0,0.0,0.0,0.0
5.24;0.0,0.0,0.2612800598144531;1.0,0.0,0.0,0.0
5.25;0.0,0.0,0.2620091438293457;1.0,0.0,0.0,0.0
5.26;0.0,0.0,0.26273807883262634;1.0,0.0,0.0,0.0
5.27;0.0,0.0,0.26346683502197266;1.0,0.0,0.0,0.0
5.28;0.0,0.0,0.26419538259506226;1.0,0.0,0.0,0.0
5.29;0.0,0.0,0.2649238705635071;1.0,0.0,0.0,0.0
5.3;0.0,0.0,0.265652060508728;1.0,0.0,0.0,0.0
5.31;0.0,0.0,0.2663801312446594;1.0,0.0,0.0,0.0
5.32;0.0,0.0,0.2671080529689789;1.0,0.0,0.0,0.0
5.33;0.0,0.0,0.26783573627471924;1.0,0.0,0.0,0.0
5.34;0.0,0.0,0.26856327056884766;1.0,0.0,0.0,0.0
5.35;0.0,0.0,0.269290566444397;1.0,0.0,0.0,0.0
5.36;0.0,0.0,0.2700176239013672;1.0,0.0,0.0,0.0
5.37;0.0,0.0,0.27074456214904785;1.0,0.0,0.0,0.0
5.38;0.0,0.0,0.27147120237350464;1.0,0.0,0.0,0.0
5.39;0.0,0.0,0.2721976637840271;1.0,0.0,0.0,0.0
5.4;0.0,0.0,0.2729238271713257;1.0,0.0,0.0,0.0
5.41;0.0,0.0,0.27364981174468994;1.0,0.0,0.0,0.0
5.42;0.0,0.0,0.2743755578994751;1.0,0.0,0.0,0.0
5.43;0.0,0.0,0.275100976228714;1.0,0.0,0.0,0.0
5.44;0.0,0.0,0.27582624554634094;1.0,0.0,0.0,0.0
5.45;0.0,0.0,0.27655118703842163;1.0,0.0,0.0,0.0
5.46;0.0,0.0,0.2772758901119232;1.0,0.0,0.0,0.0
5.47;0.0,0.0,0.2780003547668457;1.0,0.0,0.0,0.0
5.48;0.0,0.0,0.27872440218925476;1.0,0.0,0.0,0.0
5.49;0.0,0.0,0.27944833040237427;1.0,0.0,0.0,0.0
5.5;0.0,0.0,0.2801719307899475;1.0,0.0,0.0,0.0
5.51;0.0,0.0,0.2808952331542969;1.0,0.0,0.0,0.0
5.52;0.0,0.0,0.2816182076931;1.0,0.0,0.0,0.0
5.53;0.0,0.0,0.2823408246040344;1.0,0.0,0.0,0.0
5.54;0.0,0.0,0.2830631732940674;1.0,0.0,0.0,0.0
5.55;0.0,0.0,0.28378528356552124;1.0,0.0,0.0,0.0
5.56;0.0,0.0,0.2845069468021393;1.0,0.0,0.0,0.0
5.57;0.0,0.0,0.28522831201553345;1.0,0.0,0.0,0.0
5.58;0.0,0.0,0.28594937920570374;1.0,0.0,0.0,0.0
5.59;0.0,0.0,0.2866700291633606;1.0,0.0,0.0,0.0
5.6;0.0,0.0,0.28739041090011597;1.0,0.0,0.0,0.0
5.61;0.0,0.0,0.2881104350090027;1.0,0.0,0.0,0.0
5.62;0.0,0.0,0.2888299822807312;1.0,0.0,0.0,0.0
5.63;0.0,0.0,0.2895492911338806;1.0,0.0,0.0,0.0
5.64;0.0,0.0,0.2902681827545166;1.0,0.0,0.0,0.0
5.65;0.0,0.0,0.29098668694496155;1.0,0.0,0.0,0.0
5.66;0.0,0.0,0.29170483350753784;1.0,0.0,0.0,0.0
5.67;0.0,0.0,0.2924225330352783;1.0,0.0,0.0,0.0
5.68;0.0,0.0,0.2931399345397949;1.0,0.0,0.0,0.0
5.69;0.0,0.0,0.29385682940483093;1.0,0.0,0.0,0.0
5.7;0.0,0.0,0.2945733666419983;1.0,0.0,0.0,0.0
5.71;0.0,0.0,0.2952894866466522;1.0,0.0,0.0,0.0
5.72;0.0,0.0,0.2960051894187927;1.0,0.0,0.0,0.0
5.73;0.0,0.0,0.2967205345630646;1.0,0.0,0.0,0.0
5.74;0.0,0.0,0.2974354028701782;1.0,0.0,0.0,0.0
5.75;0.0,0.0,0.2981497347354889;1.0,0.0,0.0,0.0
5.76;0.0,0.0,0.2988637089729309;1.0,0.0,0.0,0.0
5.77;0.0,0.0,0.2995772659778595;1.0,0.0,0.0,0.0
5.78;0.0,0.0,0.3002903163433075;1.0,0.0,0.0,0.0
5.79;0.0,0.0,0.30100297927856445;1.0,0.0,0.0,0.0
5.8;0.0,0.0,0.30171507596969604;1.0,0.0,0.0,0.0
5.81;0.0,0.0,0.3024267554283142;1.0,0.0,0.0,0.0
5.82;0.0,0.0,0.3031378984451294;1.0,0.0,0.0,0.0
5.83;0.0,0.0,0.3038486838340759;1.0,0.0,0.0,0.0
5.84;0.0,0.0,0.3045589029788971;1.0,0.0,0.0,0.0
5.85;0.0,0.0,0.30526864528656006;1.0,0.0,0.0,0.0
5.86;0.0,0.0,0.30597782135009766;1.0,0.0,0.0,0.0
5.87;0.0,0.0,0.30668655037879944;1.0,0.0,0.0,0.0
5.88;0.0,0.0,0.307394802570343;1.0,0.0,0.0,0.0
5.89;0.0,0.0,0.30810245871543884;1.0,0.0,0.0,0.0
5.9;0.0,0.0,0.30880963802337646;1.0,0.0,0.0,0.0
5.91;0.0,0.0,0.3095162510871887;1.0,0.0,0.0,0.0
5.92;0.0,0.0,0.3102223575115204;1.0,0.0,0.0,0.0
5.93;0.0,0.0,0.3109279274940491;1.0,0.0,0.0,0.0
5.94;0.0,0.0,0.3116329312324524;1.0,0.0,0.0,0.0
5.95;0.0,0.0,0.31233739852905273;1.0,0.0,0.0,0.0
5.96;0.0,0.0,0.3130412697792053;1.0,0.0,0.0,0.0
5.97;0.0,0.0,0.3137446343898773;1.0,0.0,0.0,0.0
5.98;0.0,0.0,0.3144473731517792;1.0,0.0,0.0,0.0
5.99;0.0,0.0,0.31514954566955566;1.0,0.0,0.0,0.0
6.0;0.0,0.0,0.3158511519432068;1.0,0.0,0.0,0.0
6.01;0.0,0.0,0.31655219197273254;1.0,0.0,0.0,0.0
6.02;0.0,0.0,0.31725257635116577;1.0,0.0,0.0,0.0
6.03;0.0,0.0,0.31795239448547363;1.0,0.0,0.0,0.0
6.04;0.0,0.0,0.31865158677101135;1.0,0.0,0.0,0.0
6.05;0.0,0.0,0.3193501830101013;1.0,0.0,0.0,0.0
6.06;0.0,0.0,0.32004815340042114;1.0,0.0,0.0,0.0
6.07;0.0,0.0,0.3207454979419708;1.0,0.0,0.0,0.0
6.08;0.0,0.0,0.321442186832428;1.0,0.0,0.0,0.0
6.09;0.0,0.0,0.32213830947875977;1.0,0.0,0.0,0.0
6.1;0.0,0.0,0.322833776473999;1.0,0.0,0.0,0.0
6.11;0.0,0.0,0.32352861762046814;1.0,0.0,0.0,0.0
6.12;0.0,0.0,0.32422274351119995;1.0,0.0,0.0,0.0
6.13;0.0,0.0,0.3249162435531616;1.0,0.0,0.0,0.0
6.14;0.0,0.0,0.325609028339386;1.0,0.0,0.0,0.0
6.15;0.0,0.0,0.3263012170791626;1.0,0.0,0.0,0.0
6.16;0.0,0.0,0.3269926607608795;1.0,0.0,0.0,0.0
6.17;0.0,0.0,0.3276834487915039;1.0,0.0,0.0,0.0
6.18;0.0,0.0,0.3283735513687134;1.0,0.0,0.0,0.0
6.19;0.0,0.0,0.3290629982948303;1.0,0.0,0.0,0.0
6.2;0.0,0.0,0.3297517001628876;1.0,0.0,0.0,0.0
6.21;0.0,0.0,0.3304396867752075;1.0,0.0,0.0,0.0
6.22;0.0,0.0,0.33112698793411255;1.0,0.0,0.0,0.0
6.23;0.0,0.0,0.3318135738372803;1.0,0.0,0.0,0.0
6.24;0.0,0.0,0.3324994146823883;1.0,0.0,0.0,0.0
6.25;0.0,0.0,0.33318448066711426;1.0,0.0,0.0,0.0
6.26;0.0,0.0,0.33386892080307007;1.0,0.0,0.0,0.0
6.27;0.0,0.0,0.334552526473999;1.0,0.0,0.0,0.0
6.28;0.0,0.0,0.3352354168891907;1.0,0.0,0.0,0.0
6.29;0.0,0.0,0.33591753244400024;1.0,0.0,0.0,0.0
6.3;0.0,0.0,0.3365989923477173;1.0,0.0,0.0,0.0
6.31;0.0,0.0,0.33727961778640747;1.0,0.0,0.0,0.0
6.32;0.0,0.0,0.3379594683647156;1.0,0.0,0.0,0.0
6.33;0.0,0.0,0.3386384844779968;1.0,0.0,0.0,0.0
6.34;0.0,0.0,0.33931678533554077;1.0,0.0,0.0,0.0
6.35;0.0,0.0,0.33999428153038025;1.0,0.0,0.0,0.0
6.36;0.0,0.0,0.34067100286483765;1.0,0.0,0.0,0.0
6.37;0.0,0.0,0.3413469195365906;1.0,0.0,0.0,0.0
6.38;0.0,0.0,0.3420220613479614;1.0,0.0,0.0,0.0
6.39;0.0,0.0,0.34269633889198303;1.0,0.0,0.0,0.0
6.4;0.0,0.0,0.3433697819709778;1.0,0.0,0.0,0.0
6.41;0.0,0.0,0.34404242038726807;1.0,0.0,0.0,0.0
6.42;0.0,0.0,0.34471428394317627;1.0,0.0,0.0,0.0
6.43;0.0,0.0,0.3453853130340576;1.0,0.0,0.0,0.0
6.44;0.0,0.0,0.34605544805526733;1.0,0.0,0.0,0.0
6.45;0.0,0.0,0.3467246890068054;1.0,0.0,0.0,0.0
6.46;0.0,0.0,0.3473932147026062;1.0,0.0,0.0,0.0
6.47;0.0,0.0,0.3480607867240906;1.0,0.0,0.0,0.0
6.48;0.0,0.0,0.3487274646759033;1.0,0.0,0.0,0.0
6.49;0.0,0.0,0.349393367767334;1.0,0.0,0.0,0.0
6.5;0.0,0.0,0.350058376789093;1.0,0.0,0.0,0.0
6.51;0.0,0.0,0.3507224917411804;1.0,0.0,0.0,0.0
6.52;0.0,0.0,0.3513856828212738;1.0,0.0,0.0,0.0
6.53;0.0,0.0,0.35204800963401794;1.0,0.0,0.0,0.0
6.54;0.0,0.0,0.35270944237709045;1.0,0.0,0.0,0.0
6.55;0.0,0.0,0.35336995124816895;1.0,0.0,0.0,0.0
6.56;0.0,0.0,0.3540295362472534;1.0,0.0,0.0,0.0
6.57;0.0,0.0,0.35468822717666626;1.0,0.0,0.0,0.0
6.58;0.0,0.0,0.35534602403640747;1.0,0.0,0.0,0.0
6.59;0.0,0.0,0.3560027778148651;1.0,0.0,0.0,0.0
6.6;0.0,0.0,0.3566587269306183;1.0,0.0,0.0,0.0
6.61;0.0,0.0,0.3573136627674103;1.0,0.0,0.0,0.0
6.62;0.0,0.0,0.35796764492988586;1.0,0.0,0.0,0.0
6.63;0.0,0.0,0.3586207330226898;1.0,0.0,0.0,0.0
6.64;0.0,0.0,0.35927286744117737;1.0,0.0,0.0,0.0
6.65;0.0,0.0,0.35992398858070374;1.0,0.0,0.0,0.0
6.66;0.0,0.0,0.3605741560459137;1.0,0.0,0.0,0.0
6.67;0.0,0.0,0.36122334003448486;1.0,0.0,0.0,0.0
6.68;0.0,0.0,0.36187154054641724;1.0,0.0,0.0,0.0
6.69;0.0,0.0,0.3625187575817108;1.0,0.0,0.0,0.0
6.7;0.0,0.0,0.363165020942688;1.0,0.0,0.0,0.0
6.71;0.0,0.0,0.3638102114200592;1.0,0.0,0.0,0.0
6.72;0.0,0.0,0.364454448223114;1.0,0.0,0.0,0.0
6.73;0.0,0.0,0.36509770154953003;1.0,0.0,0.0,0.0
6.74;0.0,0.0,0.3657398819923401;1.0,0.0,0.0,0.0
6.75;0.0,0.0,0.36638107895851135;1.0,0.0,0.0,0.0
6.76;0.0,0.0,0.36702123284339905;1.0,0.0,0.0,0.0
6.77;0.0,0.0,0.3676603436470032;1.0,0.0,0.0,0.0
6.78;0.0,0.0,0.36829841136932373;1.0,0.0,0.0,0.0
6.79;0.0,0.0,0.3689354658126831;1.0,0.0,0.0,0.0
6.8;0.0,0.0,0.36957141757011414;1.0,0.0,0.0,0.0
6.81;0.0,0.0,0.37020638585090637;1.0,0.0,0.0,0.0
6.82;0.0,0.0,0.3708401918411255;1.0,0.0,0.0,0.0
6.83;0.0,0.0,0.3714730143547058;1.0,0.0,0.0,0.0
6.84;0.0,0.0,0.3721047341823578;1.0,0.0,0.0,0.0
6.85;0.0,0.0,0.37273532152175903;1.0,0.0,0.0,0.0
6.86;0.0,0.0,0.3733648657798767;1.0,0.0,0.0,0.0
6.87;0.0,0.0,0.3739933669567108;1.0,0.0,0.0,0.0
6.88;0.0,0.0,0.3746207058429718;1.0,0.0,0.0,0.0
6.89;0.0,0.0,0.3752470016479492;1.0,0.0,0.0,0.0
6.9;0.0,0.0,0.37587210536003113;1.0,0.0,0.0,0.0
6.91;0.0,0.0,0.3764961063861847;1.0,0.0,0.0,0.0
6.92;0.0,0.0,0.3771190345287323;1.0,0.0,0.0,0.0
6.93;0.0,0.0,0.3777408003807068;1.0,0.0,0.0,0.0
6.94;0.0,0.0,0.37836143374443054;1.0,0.0,0.0,0.0
6.95;0.0,0.0,0.37898096442222595;1.0,0.0,0.0,0.0
6.96;0.0,0.0,0.37959930300712585;1.0,0.0,0.0,0.0
6.97;0.0,0.0,0.38021647930145264;1.0,0.0,0.0,0.0
6.98;0.0,0.0,0.3808324933052063;1.0,0.0,0.0,0.0
6.99;0.0,0.0,0.381447434425354;1.0,0.0,0.0,0.0
7.0;0.0,0.0,0.3820611238479614;1.0,0.0,0.0,0.0
7.01;0.0,0.0,0.3826736807823181;1.0,0.0,0.0,0.0
7.02;0.0,0.0,0.3832850456237793;1.0,0.0,0.0,0.0
7.03;0.0,0.0,0.38389521837234497;1.0,0.0,0.0,0.0
7.04;0.0,0.0,0.38450419902801514;1.0,0.0,0.0,0.0
7.05;0.0,0.0,0.3851119875907898;1.0,0.0,0.0,0.0
7.06;0.0,0.0,0.38571858406066895;1.0,0.0,0.0,0.0
7.07;0.0,0.0,0.3863239884376526;1.0,0.0,0.0,0.0
7.08;0.0,0.0,0.38692814111709595;1.0,0.0,0.0,0.0
7.09;0.0,0.0,0.38753098249435425;1.0,0.0,0.0,0.0
7.1;0.0,0.0,0.3881327509880066;1.0,0.0,0.0,0.0
7.11;0.0,0.0,0.3887332081794739;1.0,0.0,0.0,0.0
7.12;0.0,0.0,0.3893324136734009;1.0,0.0,0.0,0.0
7.13;0.0,0.0,0.3899304270744324;1.0,0.0,0.0,0.0
7.14;0.0,0.0,0.3905271887779236;1.0,0.0,0.0,0.0
7.15;0.0,0.0,0.39112263917922974;1.0,0.0,0.0,0.0
7.16;0.0,0.0,0.3917168378829956;1.0,0.0,0.0,0.0
7.17;0.0,0.0,0.3923097848892212;1.0,0.0,0.0,0.0
7.18;0.0,0.0,0.3929014801979065;1.0,0.0,0.0,0.0
7.19;0.0,0.0,0.39349186420440674;1.0,0.0,0.0,0.0
7.2;0.0,0.0,0.3940809965133667;1.0,0.0,0.0,0.0
7.21;0.0,0.0,0.3946687579154968;1.0,0.0,0.0,0.0
7.22;0.0,0.0,0.3952553868293762;1.0,0.0,0.0,0.0
7.23;0.0,0.0,0.39584046602249146;1.0,0.0,0.0,0.0
7.24;0.0,0.0,0.39642447233200073;1.0,0.0,0.0,0.0
7.25;0.0,0.0,0.3970070481300354;1.0,0.0,0.0,0.0
7.26;0.0,0.0,0.397588312625885;1.0,0.0,0.0,0.0
7.27;0.0,0.0,0.39816826581954956;1.0,0.0,0.0,0.0
7.28;0.0,0.0,0.39874690771102905;1.0,0.0,0.0,0.0
7.29;0.0,0.0,0.39932411909103394;1.0,0.0,0.0,0.0
7.3;0.0,0.0,0.39990001916885376;1.0,0.0,0.0,0.0
7.31;0.0,0.0,0.4004746079444885;1.0,0.0,0.0,0.0
7.32;0.0,0.0,0.40104788541793823;1.0,0.0,0.0,0.0
7.33;0.0,0.0,0.40161967277526855;1.0,0.0,0.0,0.0
7.34;0.0,0.0,0.4021901488304138;1.0,0.0,0.0,0.0
7.35;0.0,0.0,0.40275925397872925;1.0,0.0,0.0,0.0
7.36;0.0,0.0,0.4033270478248596;1.0,0.0,0.0,0.0
7.37;0.0,0.0,0.4038934111595154;1.0,0.0,0.0,0.0
7.38;0.0,0.0,0.40445834398269653;1.0,0.0,0.0,0.0
7.39;0.0,0.0,0.40502190589904785;1.0,0.0,0.0,0.0
7.4;0.0,0.0,0.40558403730392456;1.0,0.0,0.0,0.0
7.41;0.0,0.0,0.40614479780197144;1.0,0.0,0.0,0.0
7.42;0.0,0.0,0.4067041277885437;1.0,0.0,0.0,0.0
7.43;0.0,0.0,0.40726208686828613;1.0,0.0,0.0,0.0
7.44;0.0,0.0,0.40781861543655396;1.0,0.0,0.0,0.0
7.45;0.0,0.0,0.4083735942840576;1.0,0.0,0.0,0.0
7.46;0.0,0.0,0.40892720222473145;1.0,0.0,0.0,0.0
7.47;0.0,0.0,0.40947943925857544;1.0,0.0,0.0,0.0
7.48;0.0,0.0,0.4100301265716553;1.0,0.0,0.0,0.0
7.49;0.0,0.0,0.4105793833732605;1.0,0.0,0.0,0.0
7.5;0.0,0.0,0.4111272692680359;1.0,0.0,0.0,0.0
7.51;0.0,0.0,0.41167354583740234;1.0,0.0,0.0,0.0
7.52;0.0,0.0,0.4122183918952942;1.0,0.0,0.0,0.0
7.53;0.0,0.0,0.41276174783706665;1.0,0.0,0.0,0.0
7.54;0.0,0.0,0.4133036732673645;1.0,0.0,0.0,0.0
7.55;0.0,0.0,0.41384416818618774;1.0,0.0,0.0,0.0
7.56;0.0,0.0,0.4143829941749573;1.0,0.0,0.0,0.0
7.57;0.0,0.0,0.414920449256897;1.0,0.0,0.0,0.0
7.58;0.0,0.0,0.41545629501342773;1.0,0.0,0.0,0.0
7.59;0.0,0.0,0.4159906506538391;1.0,0.0,0.0,0.0
7.6;0.0,0.0,0.4165235757827759;1.0,0.0,0.0,0.0
7.61;0.0,0.0,0.41705483198165894;1.0,0.0,0.0,0.0
7.62;0.0,0.0,0.41758471727371216;1.0,0.0,0.0,0.0
7.63;0.0,0.0,0.41811293363571167;1.0,0.0,0.0,0.0
7.64;0.0,0.0,0.4186397194862366;1.0,0.0,0.0,0.0
7.65;0.0,0.0,0.41916483640670776;1.0,0.0,0.0,0.0
7.66;0.0,0.0,0.41968846321105957;1.0,0.0,0.0,0.0
7.67;0.0,0.0,0.4202105402946472;1.0,0.0,0.0,0.0
7.68;0.0,0.0,0.4207310080528259;1.0,0.0,0.0,0.0
7.69;0.0,0.0,0.4212499260902405;1.0,0.0,0.0,0.0
7.7;0.0,0.0,0.42176729440689087;1.0,0.0,0.0,0.0
7.71;0.0,0.0,0.42228299379348755;1.0,0.0,0.0,0.0
7.72;0.0,0.0,0.4227972626686096;1.0,0.0,0.0,0.0
7.73;0.0,0.0,0.4233097434043884;1.0,0.0,0.0,0.0
7.74;0.0,0.0,0.42382073402404785;1.0,0.0,0.0,0.0
7.75;0.0,0.0,0.42433011531829834;1.0,0.0,0.0,0.0
7.76;0.0,0.0,0.4248378276824951;1.0,0.0,0.0,0.0
7.77;0.0,0.0,0.42534393072128296;1.0,0.0,0.0,0.0
7.78;0.0,0.0,0.42584842443466187;1.0,0.0,0.0,0.0
7.79;0.0,0.0,0.42635124921798706;1.0,0.0,0.0,0.0
7.8;0.0,0.0,0.4268524646759033;1.0,0.0,0.0,0.0
7.81;0.0,0.0,0.4273521304130554;1.0,0.0,0.0,0.0
7.82;0.0,0.0,0.42785000801086426;1.0,0.0,0.0,0.0
7.83;0.0,0.0,0.42834633588790894;1.0,0.0,0.0,0.0
7.84;0.0,0.0,0.42884087562561035;1.0,0.0,0.0,0.0
7.85;0.0,0.0,0.4293338656425476;1.0,0.0,0.0,0.0
7.86;0.0,0.0,0.42982518672943115;1.0,0.0,0.0,0.0
7.87;0.0,0.0,0.43031471967697144;1.0,0.0,0.0,0.0
7.88;0.0,0.0,0.43080276250839233;1.0,0.0,0.0,0.0
7.89;0.0,0.0,0.4312888979911804;1.0,0.0,0.0,0.0
7.9;0.0,0.0,0.43177342414855957;1.0,0.0,0.0,0.0
7.91;0.0,0.0,0.432256281375885;1.0,0.0,0.0,0.0
7.92;0.0,0.0,0.43273741006851196;1.0,0.0,0.0,0.0
7.93;0.0,0.0,0.43321675062179565;1.0,0.0,0.0,0.0
7.94;0.0,0.0,0.43369442224502563;1.0,0.0,0.0,0.0
7.95;0.0,0.0,0.4341704249382019;1.0,0.0,0.0,0.0
7.96;0.0,0.0,0.43464475870132446;1.0,0.0,0.0,0.0
7.97;0.0,0.0,0.4351171851158142;1.0,0.0,0.0,0.0
7.98;0.0,0.0,0.43558794260025024;1.0,0.0,0.0,0.0
7.99;0.0,0.0,0.4360569715499878;1.0,0.0,0.0,0.0
8.0;0.0,0.0,0.43652409315109253;1.0,0.0,0.0,0.0
8.01;0.0,0.0,0.43698960542678833;1.0,0.0,0.0,0.0
8.02;0.0,0.0,0.4374532699584961;1.0,0.0,0.0,0.0
8.03;0.0,0.0,0.4379153251647949;1.0,0.0,0.0,0.0
8.04;0.0,0.0,0.43837541341781616;1.0,0.0,0.0,0.0
8.05;0.0,0.0,0.4388337731361389;1.0,0.0,0.0,0.0
8.06;0.0,0.0,0.4392903447151184;1.0,0.0,0.0,0.0
8.07;0.0,0.0,0.4397452473640442;1.0,0.0,0.0,0.0
8.08;0.0,0.0,0.44019830226898193;1.0,0.0,0.0,0.0
8.09;0.0,0.0,0.44064950942993164;1.0,0.0,0.0,0.0
8.1;0.0,0.0,0.44109874963760376;1.0,0.0,0.0,0.0
8.11;0.0,0.0,0.4415464401245117;1.0,0.0,0.0,0.0
8.12;0.0,0.0,0.44199204444885254;1.0,0.0,0.0,0.0
8.13;0.0,0.0,0.4424359202384949;1.0,0.0,0.0,0.0
8.14;0.0,0.0,0.4428780674934387;1.0,0.0,0.0,0.0
8.15;0.0,0.0,0.44331830739974976;1.0,0.0,0.0,0.0
8.16;0.0,0.0,0.44375669956207275;1.0,0.0,0.0,0.0
8.17;0.0,0.0,0.44419312477111816;1.0,0.0,0.0,0.0
8.18;0.0,0.0,0.44462770223617554;1.0,0.0,0.0,0.0
8.19;0.0,0.0,0.4450605511665344;1.0,0.0,0.0,0.0
8.2;0.0,0.0,0.4454915523529053;1.0,0.0,0.0,0.0
8.21;0.0,0.0,0.44592058658599854;1.0,0.0,0.0,0.0
8.22;0.0,0.0,0.446347713470459;1.0,0.0,0.0,0.0
8.23;0.0,0.0,0.4467729330062866;1.0,0.0,0.0,0.0
8.24;0.0,0.0,0.447196364402771;1.0,0.0,0.0,0.0
8.25;0.0,0.0,0.44761788845062256;1.0,0.0,0.0,0.0
8.26;0.0,0.0,0.448037326335907;1.0,0.0,0.0,0.0
8.27;0.0,0.0,0.44845497608184814;1.0,0.0,0.0,0.0
8.28;0.0,0.0,0.4488706588745117;1.0,0.0,0.0,0.0
8.29;0.0,0.0,0.44928455352783203;1.0,0.0,0.0,0.0
8.3;0.0,0.0,0.44969648122787476;1.0,0.0,0.0,0.0
8.31;0.0,0.0,0.4501063823699951;1.0,0.0,0.0,0.0
8.32;0.0,0.0,0.4505143165588379;1.0,0.0,0.0,0.0
8.33;0.0,0.0,0.4509204626083374;1.0,0.0,0.0,0.0
8.34;0.0,0.0,0.45132458209991455;1.0,0.0,0.0,0.0
8.35;0.0,0.0,0.45172667503356934;1.0,0.0,0.0,0.0
8.36;0.0,0.0,0.45212697982788086;1.0,0.0,0.0,0.0
8.37;0.0,0.0,0.4525250792503357;1.0,0.0,0.0,0.0
8.38;0.0,0.0,0.4529212713241577;1.0,0.0,0.0,0.0
8.39;0.0,0.0,0.4533154368400574;1.0,0.0,0.0,0.0
8.4;0.0,0.0,0.45370781421661377;1.0,0.0,0.0,0.0
8.41;0.0,0.0,0.454098105430603;1.0,0.0,0.0,0.0
8.42;0.0,0.0,0.45448631048202515;1.0,0.0,0.0,0.0
8.43;0.0,0.0,0.4548724889755249;1.0,0.0,0.0,0.0
8.44;0.0,0.0,0.4552568197250366;1.0,0.0,0.0,0.0
8.45;0.0,0.0,0.4556390047073364;1.0,0.0,0.0,0.0
8.46;0.0,0.0,0.4560191035270691;1.0,0.0,0.0,0.0
8.47;0.0,0.0,0.45639723539352417;1.0,0.0,0.0,0.0
8.48;0.0,0.0,0.45677340030670166;1.0,0.0,0.0,0.0
8.49;0.0,0.0,0.457147479057312;1.0,0.0,0.0,0.0
8.5;0.0,0.0,0.45751953125;1.0,0.0,0.0,0.0
8.51;0.0,0.0,0.4578896760940552;1.0,0.0,0.0,0.0
8.52;0.0,0.0,0.45825761556625366;1.0,0.0,0.0,0.0
8.53;0.0,0.0,0.458623468875885;1.0,0.0,0.0,0.0
8.54;0.0,0.0,0.45898711681365967;1.0,0.0,0.0,0.0
8.55;0.0,0.0,0.4593489170074463;1.0,0.0,0.0,0.0
8.56;0.0,0.0,0.45970863103866577;1.0,0.0,0.0,0.0
8.57;0.0,0.0,0.4600660800933838;1.0,0.0,0.0,0.0
8.58;0.0,0.0,0.460421621799469;1.0,0.0,0.0,0.0
8.59;0.0,0.0,0.4607747793197632;1.0,0.0,0.0,0.0
8.6;0.0,0.0,0.46112602949142456;1.0,0.0,0.0,0.0
8.61;0.0,0.0,0.46147531270980835;1.0,0.0,0.0,0.0
8.62;0.0,0.0,0.46182215213775635;1.0,0.0,0.0,0.0
8.63;0.0,0.0,0.4621671438217163;1.0,0.0,0.0,0.0
8.64;0.0,0.0,0.46250981092453003;1.0,0.0,0.0,0.0
8.65;0.0,0.0,0.46285057067871094;1.0,0.0,0.0,0.0
8.66;0.0,0.0,0.4631888270378113;1.0,0.0,0.0,0.0
8.67;0.0,0.0,0.4635252356529236;1.0,0.0,0.0,0.0
8.68;0.0,0.0,0.4638593792915344;1.0,0.0,0.0,0.0
8.69;0.0,0.0,0.4641914963722229;1.0,0.0,0.0,0.0
8.7;0.0,0.0,0.4645213484764099;1.0,0.0,0.0,0.0
8.71;0.0,0.0,0.464849054813385;1.0,0.0,0.0,0.0
8.72;0.0,0.0,0.46517443656921387;1.0,0.0,0.0,0.0
8.73;0.0,0.0,0.4654979109764099;1.0,0.0,0.0,0.0
8.74;0.0,0.0,0.4658190608024597;1.0,0.0,0.0,0.0
8.75;0.0,0.0,0.46613800525665283;1.0,0.0,0.0,0.0
8.76;0.0,0.0,0.46645456552505493;1.0,0.0,0.0,0.0
8.77;0.0,0.0,0.4667692184448242;1.0,0.0,0.0,0.0
8.78;0.0,0.0,0.46708154678344727;1.0,0.0,0.0,0.0
8.79;0.0,0.0,0.46739161014556885;1.0,0.0,0.0,0.0
8.8;0.0,0.0,0.4676995873451233;1.0,0.0,0.0,0.0
8.81;0.0,0.0,0.46800529956817627;1.0,0.0,0.0,0.0
8.82;0.0,0.0,0.468308687210083;1.0,0.0,0.0,0.0
8.83;0.0,0.0,0.4686097502708435;1.0,0.0,0.0,0.0
8.84;0.0,0.0,0.4689088463783264;1.0,0.0,0.0,0.0
8.85;0.0,0.0,0.46920526027679443;1.0,0.0,0.0,0.0
8.86;0.0,0.0,0.4694998860359192;1.0,0.0,0.0,0.0
8.87;0.0,0.0,0.4697919487953186;1.0,0.0,0.0,0.0
8.88;0.0,0.0,0.4700818657875061;1.0,0.0,0.0,0.0
8.89;0.0,0.0,0.47036945819854736;1.0,0.0,0.0,0.0
8.9;0.0,0.0,0.47065478563308716;1.0,0.0,0.0,0.0
8.91;0.0,0.0,0.47093790769577026;1.0,0.0,0.0,0.0
8.92;0.0,0.0,0.47121864557266235;1.0,0.0,0.0,0.0
8.93;0.0,0.0,0.471497118473053;1.0,0.0,0.0,0.0
8.94;0.0,0.0,0.4717731475830078;1.0,0.0,0.0,0.0
8.95;0.0,0.0,0.47204703092575073;1.0,0.0,0.0,0.0
8.96;0.0,0.0,0.4723185896873474;1.0,0.0,0.0,0.0
8.97;0.0,0.0,0.4725877046585083;1.0,0.0,0.0,0.0
8.98;0.0,0.0,0.47285449504852295;1.0,0.0,0.0,0.0
8.99;0.0,0.0,0.47311902046203613;1.0,0.0,0.0,0.0
9.0;0.0,0.0,0.4733812212944031;1.0,0.0,0.0,0.0
9.01;0.0,0.0,0.473641037940979;1.0,0.0,0.0,0.0
9.02;0.0,0.0,0.47389858961105347;1.0,0.0,0.0,0.0
9.03;0.0,0.0,0.47415369749069214;1.0,0.0,0.0,0.0
9.04;0.0,0.0,0.4744064211845398;1.0,0.0,0.0,0.0
9.05;0.0,0.0,0.4746568202972412;1.0,0.0,0.0,0.0
9.06;0.0,0.0,0.4749048948287964;1.0,0.0,0.0,0.0
9.07;0.0,0.0,0.47515052556991577;1.0,0.0,0.0,0.0
9.08;0.0,0.0,0.47539371252059937;1.0,0.0,0.0,0.0
9.09;0.0,0.0,0.47563469409942627;1.0,0.0,0.0,0.0
9.1;0.0,0.0,0.4758731722831726;1.0,0.0,0.0,0.0
9.11;0.0,0.0,0.47610926628112793;1.0,0.0,0.0,0.0
9.12;0.0,0.0,0.4763427972793579;1.0,0.0,0.0,0.0
9.13;0.0,0.0,0.4765738844871521;1.0,0.0,0.0,0.0
9.14;0.0,0.0,0.4768027663230896;1.0,0.0,0.0,0.0
9.15;0.0,0.0,0.477029025554657;1.0,0.0,0.0,0.0
9.16;0.0,0.0,0.4772530794143677;1.0,0.0,0.0,0.0
9.17;0.0,0.0,0.4774746894836426;1.0,0.0,0.0,0.0
9.18;0.0,0.0,0.47769373655319214;1.0,0.0,0.0,0.0
9.19;0.0,0.0,0.47791028022766113;1.0,0.0,0.0,0.0
9.2;0.0,0.0,0.47812432050704956;1.0,0.0,0.0,0.0
9.21;0.0,0.0,0.47833603620529175;1.0,0.0,0.0,0.0
9.22;0.0,0.0,0.47854530811309814;1.0,0.0,0.0,0.0
9.23;0.0,0.0,0.47875189781188965;1.0,0.0,0.0,0.0
9.24;0.0,0.0,0.4789562225341797;1.0,0.0,0.0,0.0
9.25;0.0,0.0,0.47915804386138916;1.0,0.0,0.0,0.0
9.26;0.0,0.0,0.4793572425842285;1.0,0.0,0.0,0.0
9.27;0.0,0.0,0.4795539379119873;1.0,0.0,0.0,0.0
9.28;0.0,0.0,0.47974830865859985;1.0,0.0,0.0,0.0
9.29;0.0,0.0,0.4799400568008423;1.0,0.0,0.0,0.0
9.3;0.0,0.0,0.4801291823387146;1.0,0.0,0.0,0.0
9.31;0.0,0.0,0.48031604290008545;1.0,0.0,0.0,0.0
9.32;0.0,0.0,0.4805002808570862;1.0,0.0,0.0,0.0
9.33;0.0,0.0,0.4806818962097168;1.0,0.0,0.0,0.0
9.34;0.0,0.0,0.48086094856262207;1.0,0.0,0.0,0.0
9.35;0.0,0.0,0.48103761672973633;1.0,0.0,0.0,0.0
9.36;0.0,0.0,0.4812116026878357;1.0,0.0,0.0,0.0
9.37;0.0,0.0,0.4813830256462097;1.0,0.0,0.0,0.0
9.38;0.0,0.0,0.4815520644187927;1.0,0.0,0.0,0.0
9.39;0.0,0.0,0.4817182421684265;1.0,0.0,0.0,0.0
9.4;0.0,0.0,0.4818822145462036;1.0,0.0,0.0,0.0
9.41;0.0,0.0,0.4820433259010315;1.0,0.0,0.0,0.0
9.42;0.0,0.0,0.48220181465148926;1.0,0.0,0.0,0.0
9.43;0.0,0.0,0.48235785961151123;1.0,0.0,0.0,0.0
9.44;0.0,0.0,0.48251116275787354;1.0,0.0,0.0,0.0
9.45;0.0,0.0,0.4826619029045105;1.0,0.0,0.0,0.0
9.46;0.0,0.0,0.4828101396560669;1.0,0.0,0.0,0.0
9.47;0.0,0.0,0.4829556941986084;1.0,0.0,0.0,0.0
9.48;0.0,0.0,0.4830986261367798;1.0,0.0,0.0,0.0
9.49;0.0,0.0,0.4832390546798706;1.0,0.0,0.0,0.0
9.5;0.0,0.0,0.4833766222000122;1.0,0.0,0.0,0.0
9.51;0.0,0.0,0.48351168632507324;1.0,0.0,0.0,0.0
9.52;0.0,0.0,0.4836442470550537;1.0,0.0,0.0,0.0
9.53;0.0,0.0,0.4837738871574402;1.0,0.0,0.0,0.0
9.54;0.0,0.0,0.4839010238647461;1.0,0.0,0.0,0.0
9.55;0.0,0.0,0.48402535915374756;1.0,0.0,0.0,0.0
9.56;0.0,0.0,0.4841470718383789;1.0,0.0,0.0,0.0
9.57;0.0,0.0,0.4842662215232849;1.0,0.0,0.0,0.0
9.58;0.0,0.0,0.48438262939453125;1.0,0.0,0.0,0.0
9.59;0.0,0.0,0.4844962954521179;1.0,0.0,0.0,0.0
9.6;0.0,0.0,0.484607458114624;1.0,0.0,0.0,0.0
9.61;0.0,0.0,0.4847158193588257;1.0,0.0,0.0,0.0
9.62;0.0,0.0,0.4848214387893677;1.0,0.0,0.0,0.0
9.63;0.0,0.0,0.48492431640625;1.0,0.0,0.0,0.0
9.64;0.0,0.0,0.4850245714187622;1.0,0.0,0.0,0.0
9.65;0.0,0.0,0.48512184619903564;1.0,0.0,0.0,0.0
9.66;0.0,0.0,0.48521679639816284;1.0,0.0,0.0,0.0
9.67;0.0,0.0,0.4853087067604065;1.0,0.0,0.0,0.0
9.68;0.0,0.0,0.4853980541229248;1.0,0.0,0.0,0.0
9.69;0.0,0.0,0.48548460006713867;1.0,0.0,0.0,0.0
9.7;0.0,0.0,0.4855683445930481;1.0,0.0,0.0,0.0
9.71;0.0,0.0,0.4856494069099426;1.0,0.0,0.0,0.0
9.72;0.0,0.0,0.48572754859924316;1.0,0.0,0.0,0.0
9.73;0.0,0.0,0.4858030080795288;1.0,0.0,0.0,0.0
9.74;0.0,0.0,0.48587584495544434;1.0,0.0,0.0,0.0
9.75;0.0,0.0,0.4859457015991211;1.0,0.0,0.0,0.0
9.76;0.0,0.0,0.48601287603378296;1.0,0.0,0.0,0.0
9.77;0.0,0.0,0.4860771894454956;1.0,0.0,0.0,0.0
9.78;0.0,0.0,0.48613888025283813;1.0,0.0,0.0,0.0
9.79;0.0,0.0,0.48619771003723145;1.0,0.0,0.0,0.0
9.8;0.0,0.0,0.48625361919403076;1.0,0.0,0.0,0.0
9.81;0.0,0.0,0.48630672693252563;1.0,0.0,0.0,0.0
9.82;0.0,0.0,0.4863569140434265;1.0,0.0,0.0,0.0
9.83;0.0,0.0,0.4864044189453125;1.0,0.0,0.0,0.0
9.84;0.0,0.0,0.48644912242889404;1.0,0.0,0.0,0.0
9.85;0.0,0.0,0.48649102449417114;1.0,0.0,0.0,0.0
9.86;0.0,0.0,0.4865298867225647;1.0,0.0,0.0,0.0
9.87;0.0,0.0,0.4865660071372986;1.0,0.0,0.0,0.0
9.88;0.0,0.0,0.4865992069244385;1.0,0.0,0.0,0.0
9.89;0.0,0.0,0.48662978410720825;1.0,0.0,0.0,0.0
9.9;0.0,0.0,0.4866573214530945;1.0,0.0,0.0,0.0
9.91;0.0,0.0,0.4866819977760315;1.0,0.0,0.0,0.0
9.92;0.0,0.0,0.48670369386672974;1.0,0.0,0.0,0.0
9.93;0.0,0.0,0.4867227077484131;1.0,0.0,0.0,0.0
9.94;0.0,0.0,0.48673856258392334;1.0,0.0,0.0,0.0
9.95;0.0,0.0,0.48675185441970825;1.0,0.0,0.0,0.0
9.96;0.0,0.0,0.48676198720932007;1.0,0.0,0.0,0.0
9.97;0.0,0.0,0.4867693781852722;1.0,0.0,0.0,0.0
9.98;0.0,0.0,0.4867737293243408;1.0,0.0,0.0,0.0
9.99;0.0,0.0,0.48677510023117065;1.0,0.0,0.0,0.0
