0.0;0.0,0.0,0.0;1.0,0.0,0.0,0.0
0.01;0.0,0.0,0.0;1.0,0.0,0.0,0.0
0.02;0.0,0.0,0.0;1.0,0.0,0.0,0.0
0.03;0.0,0.0,0.0;1.0,0.0,0.0,0.0
0.04;0.0,0.0,0.0;1.0,0.0,0.0,0.0
0.05;0.0,0.0,0.0;1.0,0.0,0.0,0.0
0.06;0.0,0.0,0.0;1.0,0.0,0.0,0.0
0.07;0.0,0.0,0.0;1.0,0.0,0.0,0.0
0.08;0.0,0.0,0.0;1.0,0.0,0.0,0.0
0.09;0.0,0.0,0.0;1.0,0.0,0.0,0.0
0.1;0.0,0.0,0.0;1.0,0.0,0.0,0.0
0.11;0.0,0.0,0.0;1.0,0.0,0.0,0.0
0.12;0.0,0.0,0.0;1.0,0.0,0.0,0.0
0.13;0.0,0.0,0.0;1.0,0.0,0.0,0.0
0.14;0.0,0.0,0.0;1.0,0.0,0.0,0.0
0.15;0.0,0.0,0.0;1.0,0.0,0.0,0.0
0.16;0.0,0.0,0.0;1.0,0.0,0.0,0.0
0.17;0.0,0.0,0.0;1.0,0.0,0.0,0.0
0.18;0.0,0.0,0.0;1.0,0.0,0.0,0.0
0.19;0.0,0.0,0.0;1.0,0.0,0.0,0.0
0.2;0.0,0.0,0.0;1.0,0.0,0.0,0.0
0.21;0.0,0.0,0.0;1.0,0.0,0.0,0.0
0.22;0.0,0.0,0.0;1.0,0.0,0.0,0.0
0.23;0.0,0.0,0.0;1.0,0.0,0.0,0.0
0.24;0.0,0.0,0.0;1.0,0.0,0.0,0.0
0.25;0.0,0.0,0.0;1.0,0.0,0.0,0.0
0.26;0.0,0.0,0.0;1.0,0.0,0.0,0.0
0.27;0.0,0.0,0.0;1.0,0.0,0.0,0.0
0.28;0.0,0.0,0.0;1.0,0.0,0.0,0.0
0.29;0.0,0.0,0.0;1.0,0.0,0.0,0.0
0.3;0.0,0.0,0.0;1.0,0.0,0.0,0.0
0.31;0.0,0.0,0.0;1.0,0.0,0.0,0.0
0.32;0.0,0.0,0.0;1.0,0.0,0.0,0.0
0.33;0.0,0.0,0.0;1.0,0.0,0.0,0.0
0.34;0.0,0.0,0.0;1.0,0.0,0.0,0.0
0.35;0.0,0.0,0.0;1.0,0.0,0.0,0.0
0.36;0.0,0.0,0.0;1.0,0.0,0.0,0.0
0.37;0.0,0.0,0.0;1.0,0.0,0.0,0.0
0.38;0.0,0.0,0.0;1.0,0.0,0.0,0.0
0.39;0.0,0.0,0.0;1.0,0.0,0.0,0.0
0.4;0.0,0.0,0.0;1.0,0.0,0.0,0.0
0.41;0.0,0.0,0.0;1.0,0.0,0.0,0.0
0.42;0.0,0.0,0.0;1.0,0.0,0.0,0.0
0.43;0.0,0.0,0.0;1.0,0.0,0.0,0.0
0.44;0.0,0.0,0.0;1.0,0.0,0.0,0.0
0.45;0.0,0.0,0.0;1.0,0.0,0.0,0.0
0.46;0.0,0.0,0.0;1.0,0.0,0.0,0.0
0.47;0.0,0.0,0.0;1.0,0.0,0.0,0.0
0.48;0.0,0.0,0.0;1.0,0.0,0.0,0.0
0.49;0.0,0.0,0.0;1.0,0.0,0.0,0.0
0.5;0.0,0.0,0.0;1.0,0.0,0.0,0.0
0.51;0.0,0.0,0.0;1.0,0.0,0.0,0.0
0.52;0.0,0.0,0.0;1.0,0.0,0.0,0.0
0.53;0.0,0.0,0.0;1.0,0.0,0.0,0.0
0.54;0.0,0.0,0.0;1.0,0.0,0.0,0.0
0.55;0.0,0.0,0.0;1.0,0.0,0.0,0.0
0.56;0.0,0.0,0.0;1.0,0.0,0.0,0.0
0.57;0.0,0.0,0.0;1.0,0.0,0.0,0.0
0.58;0.0,0.0,0.0;1.0,0.0,0.0,0.0
0.59;0.0,0.0,0.0;1.0,0.0,0.0,0.0
0.6;0.0,0.0,0.0;1.0,0.0,0.0,0.0
0.61;0.0,0.0,0.0;1.0,0.0,0.0,0.0
0.62;0.0,0.0,0.0;1.0,0.0,0.0,0.0
0.63;0.0,0.0,0.0;1.0,0.0,0.0,0.0
0.64;0.0,0.0,0.0;1.0,0.0,0.0,0.0
0.65;0.0,0.0,0.0;1.0,0.0,0.0,0.0
0.66;0.0,0.0,0.0;1.0,0.0,0.0,0.0
0.67;0.0,0.0,0.0;1.0,0.0,0.0,0.0
0.68;0.0,0.0,0.0;1.0,0.0,0.0,0.0
0.69;0.0,0.0,0.0;1.0,0.0,0.0,0.0
0.7;0.0,0.0,0.0;1.0,0.0,0.0,0.0
0.71;0.0,0.0,0.0;1.0,0.0,0.0,0.0
0.72;0.0,0.0,0.0;1.0,0.0,0.0,0.0
0.73;0.0,0.0,0.0;1.0,0.0,0.0,0.0
0.74;0.0,0.0,0.0;1.0,0.0,0.0,0.0
0.75;0.0,0.0,0.0;1.0,0.0,0.0,0.0
0.76;0.0,0.0,0.0;1.0,0.0,0.0,0.0
0.77;0.0,0.0,0.0;1.0,0.0,0.0,0.0
0.78;0.0,0.0,0.0;1.0,0.0,0.0,0.0
0.79;0.0,0.0,0.0;1.0,0.0,0.0,0.0
0.8;0.0,0.0,0.0;1.0,0.0,0.0,0.0
0.81;0.0,0.0,0.0;1.0,0.0,0.0,0.0
0.82;0.0,0.0,0.0;1.0,0.0,0.0,0.0
0.83;0.0,0.0,0.0;1.0,0.0,0.0,0.0
0.84;0.0,0.0,0.0;1.0,0.0,0.0,0.0
0.85;0.0,0.0,0.0;1.0,0.0,0.0,0.0
0.86;0.0,0.0,0.0;1.0,0.0,0.0,0.0
0.87;0.0,0.0,0.0;1.0,0.0,0.0,0.0
0.88;0.0,0.0,0.0;1.0,0.0,0.0,0.0
0.89;0.0,0.0,0.0;1.0,0.0,0.0,0.0
0.9;0.0,0.0,0.0;1.0,0.0,0.0,0.0
0.91;0.0,0.0,0.0;1.0,0.0,0.0,0.0
0.92;0.0,0.0,0.0;1.0,0.0,0.0,0.0
0.93;0.0,0.0,0.0;1.0,0.0,0.0,0.0
0.94;0.0,0.0,0.0;1.0,0.0,0.0,0.0
0.95;0.0,0.0,0.0;1.0,0.0,0.0,0.0
0.96;0.0,0.0,0.0;1.0,0.0,0.0,0.0
0.97;0.0,0.0,0.0;1.0,0.0,0.0,0.0
0.98;0.0,0.0,0.0;1.0,0.0,0.0,0.0
0.99;0.0,0.0,0.0;1.0,0.0,0.0,0.0
1.0;0.0,0.0,0.0;1.0,0.0,0.0,0.0
1.01;0.0,0.0,0.0;1.0,0.0,0.0,0.0
1.02;0.0,0.0,0.0;1.0,0.0,0.0,0.0
1.03;0.0,0.0,0.0;1.0,0.0,0.0,0.0
1.04;0.0,0.0,0.0;1.0,0.0,0.0,0.0
1.05;0.0,0.0,0.0;1.0,0.0,0.0,0.0
1.06;0.0,0.0,0.0;1.0,0.0,0.0,0.0
1.07;0.0,0.0,0.0;1.0,0.0,0.0,0.0
1.08;0.0,0.0,0.0;1.0,0.0,0.0,0.0
1.09;0.0,0.0,0.0;1.0,0.0,0.0,0.0
1.1;0.0,0.0,0.0;1.0,0.0,0.0,0.0
1.11;0.0,0.0,0.0;1.0,0.0,0.0,0.0
1.12;0.0,0.0,0.0;1.0,0.0,0.0,0.0
1.13;0.0,0.0,0.0;1.0,0.0,0.0,0.0
1.14;0.0,0.0,0.0;1.0,0.0,0.0,0.0
1.15;0.0,0.0,0.0;1.0,0.0,0.0,0.0
1.16;0.0,0.0,0.0;1.0,0.0,0.0,0.0
1.17;0.0,0.0,0.0;1.0,0.0,0.0,0.0
1.18;0.0,0.0,0.0;1.0,0.0,0.0,0.0
1.19;0.0,0.0,0.0;1.0,0.0,0.0,0.0
1.2;0.0,0.0,0.0;1.0,0.0,0.0,0.0
1.21;0.0,0.0,0.0;1.0,0.0,0.0,0.0
1.22;0.0,0.0,0.0;1.0,0.0,0.0,0.0
1.23;0.0,0.0,0.0;1.0,0.0,0.0,0.0
1.24;0.0,0.0,0.0;1.0,0.0,0.0,0.0
1.25;0.0,0.0,0.0;1.0,0.0,0.0,0.0
1.26;0.0,0.0,0.0;1.0,0.0,0.0,0.0
1.27;0.0,0.0,0.0;1.0,0.0,0.0,0.0
1.28;0.0,0.0,0.0;1.0,0.0,0.0,0.0
1.29;0.0,0.0,0.0;1.0,0.0,0.0,0.0
1.3;0.0,0.0,0.0;1.0,0.0,0.0,0.0
1.31;0.0,0.0,0.0;1.0,0.0,0.0,0.0
1.32;0.0,0.0,0.0;1.0,0.0,0.0,0.0
1.33;0.0,0.0,0.0;1.0,0.0,0.0,0.0
1.34;0.0,0.0,0.0;1.0,0.0,0.0,0.0
1.35;0.0,0.0,0.0;1.0,0.0,0.0,0.0
1.36;0.0,0.0,0.0;1.0,0.0,0.0,0.0
1.37;0.0,0.0,0.0;1.0,0.0,0.0,0.0
1.38;0.0,0.0,0.0;1.0,0.0,0.0,0.0
1.39;0.0,0.0,0.0;1.0,0.0,0.0,0.0
1.4;0.0,0.0,0.0;1.0,0.0,0.0,0.0
1.41;0.0,0.0,0.0;1.0,0.0,0.0,0.0
1.42;0.0,0.0,0.0;1.0,0.0,0.0,0.0
1.43;0.0,0.0,0.0;1.0,0.0,0.0,0.0
1.44;0.0,0.0,0.0;1.0,0.0,0.0,0.0
1.45;0.0,0.0,0.0;1.0,0.0,0.0,0.0
1.46;0.0,0.0,0.0;1.0,0.0,0.0,0.0
1.47;0.0,0.0,0.0;1.0,0.0,0.0,0.0
1.48;0.0,0.0,0.0;1.0,0.0,0.0,0.0
1.49;0.0,0.0,0.0;1.0,0.0,0.0,0.0
1.5;0.0,0.0,0.0;1.0,0.0,0.0,0.0
1.51;0.0,0.0,0.0;1.0,0.0,0.0,0.0
1.52;0.0,0.0,0.0;1.0,0.0,0.0,0.0
1.53;0.0,0.0,0.0;1.0,0.0,0.0,0.0
1.54;0.0,0.0,0.0;1.0,0.0,0.0,0.0
1.55;0.0,0.0,0.0;1.0,0.0,0.0,0.0
1.56;0.0,0.0,0.0;1.0,0.0,0.0,0.0
1.57;0.0,0.0,0.0;1.0,0.0,0.0,0.0
1.58;0.0,0.0,0.0;1.0,0.0,0.0,0.0
1.59;0.0,0.0,0.0;1.0,0.0,0.0,0.0
1.6;0.0,0.0,0.0;1.0,0.0,0.0,0.0
1.61;0.0,0.0,0.0;1.0,0.0,0.0,0.0
1.62;0.0,0.0,0.0;1.0,0.0,0.0,0.0
1.63;0.0,0.0,0.0;1.0,0.0,0.0,0.0
1.64;0.0,0.0,0.0;1.0,0.0,0.0,0.0
1.65;0.0,0.0,0.0;1.0,0.0,0.0,0.0
1.66;0.0,0.0,0.0;1.0,0.0,0.0,0.0
1.67;0.0,0.0,0.0;1.0,0.0,0.0,0.0
1.68;0.0,0.0,0.0;1.0,0.0,0.0,0.0
1.69;0.0,0.0,0.0;1.0,0.0,0.0,0.0
1.7;0.0,0.0,0.0;1.0,0.0,0.0,0.0
1.71;0.0,0.0,0.0;1.0,0.0,0.0,0.0
1.72;0.0,0.0,0.0;1.0,0.0,0.0,0.0
1.73;0.0,0.0,0.0;1.0,0.0,0.0,0.0
1.74;0.0,0.0,0.0;1.0,0.0,0.0,0.0
1.75;0.0,0.0,0.0;1.0,0.0,0.0,0.0
1.76;0.0,0.0,0.0;1.0,0.0,0.0,0.0
1.77;0.0,0.0,0.0;1.0,0.0,0.0,0.0
1.78;0.0,0.0,0.0;1.0,0.0,0.0,0.0
1.79;0.0,0.0,0.0;1.0,0.0,0.0,0.0
1.8;0.0,0.0,0.0;1.0,0.0,0.0,0.0
1.81;0.0,0.0,0.0;1.0,0.0,0.0,0.0
1.82;0.0,0.0,0.0;1.0,0.0,0.0,0.0
1.83;0.0,0.0,0.0;1.0,0.0,0.0,0.0
1.84;0.0,0.0,0.0;1.0,0.0,0.0,0.0
1.85;0.0,0.0,0.0;1.0,0.0,0.0,0.0
1.86;0.0,0.0,0.0;1.0,0.0,0.0,0.0
1.87;0.0,0.0,0.0;1.0,0.0,0.0,0.0
1.88;0.0,0.0,0.0;1.0,0.0,0.0,0.0
1.89;0.0,0.0,0.0;1.0,0.0,0.0,0.0
1.9;0.0,0.0,0.0;1.0,0.0,0.0,0.0
1.91;0.0,0.0,0.0;1.0,0.0,0.0,0.0
1.92;0.0,0.0,0.0;1.0,0.0,0.0,0.0
1.93;0.0,0.0,0.0;1.0,0.0,0.0,0.0
1.94;0.0,0.0,0.0;1.0,0.0,0.0,0.0
1.95;0.0,0.0,0.0;1.0,0.0,0.0,0.0
1.96;0.0,0.0,0.0;1.0,0.0,0.0,0.0
1.97;0.0,0.0,0.0;1.0,0.0,0.0,0.0
1.98;0.0,0.0,0.0;1.0,0.0,0.0,0.0
1.99;0.0,0.0,0.0;1.0,0.0,0.0,0.0
2.0;0.0,0.0,0.0;1.0,0.0,0.0,0.0
2.01;0.0,0.0,0.0;1.0,0.0,0.0,0.0
2.02;0.0,0.0,0.0;1.0,0.0,0.0,0.0
2.03;0.0,0.0,0.0;1.0,0.0,0.0,0.0
2.04;0.0,0.0,0.0;1.0,0.0,0.0,0.0
2.05;0.0,0.0,0.0;1.0,0.0,0.0,0.0
2.06;0.0,0.0,0.0;1.0,0.0,0.0,0.0
2.07;0.0,0.0,0.0;1.0,0.0,0.0,0.0
2.08;0.0,0.0,0.0;1.0,0.0,0.0,0.0
2.09;0.0,0.0,0.0;1.0,0.0,0.0,0.0
2.1;0.0,0.0,0.0;1.0,0.0,0.0,0.0
2.11;0.0,0.0,0.0;1.0,0.0,0.0,0.0
2.12;0.0,0.0,0.0;1.0,0.0,0.0,0.0
2.13;0.0,0.0,0.0;1.0,0.0,0.0,0.0
2.14;0.0,0.0,0.0;1.0,0.0,0.0,0.0
2.15;0.0,0.0,0.0;1.0,0.0,0.0,0.0
2.16;0.0,0.0,0.0;1.0,0.0,0.0,0.0
2.17;0.0,0.0,0.0;1.0,0.0,0.0,0.0
2.18;0.0,0.0,0.0;1.0,0.0,0.0,0.0
2.19;0.0,0.0,0.0;1.0,0.0,0.0,0.0
2.2;0.0,0.0,0.0;1.0,0.0,0.0,0.0
2.21;0.0,0.0,0.0;1.0,0.0,0.0,0.0
2.22;0.0,0.0,0.0;1.0,0.0,0.0,0.0
2.23;0.0,0.0,0.0;1.0,0.0,0.0,0.0
2.24;0.0,0.0,0.0;1.0,0.0,0.0,0.0
2.25;0.0,0.0,0.0;1.0,0.0,0.0,0.0
2.26;0.0,0.0,0.0;1.0,0.0,0.0,0.0
2.27;0.0,0.0,0.0;1.0,0.0,0.0,0.0
2.28;0.0,0.0,0.0;1.0,0.0,0.0,0.0
2.29;0.0,0.0,0.0;1.0,0.0,0.0,0.0
2.3;0.0,0.0,0.0;1.0,0.0,0.0,0.0
2.31;0.0,0.0,0.0;1.0,0.0,0.0,0.0
2.32;0.0,0.0,0.0;1.0,0.0,0.0,0.0
2.33;0.0,0.0,0.0;1.0,0.0,0.0,0.0
2.34;0.0,0.0,0.0;1.0,0.0,0.0,0.0
2.35;0.0,0.0,0.0;1.0,0.0,0.0,0.0
2.36;0.0,0.0,0.0;1.0,0.0,0.0,0.0
2.37;0.0,0.0,0.0;1.0,0.0,0.0,0.0
2.38;0.0,0.0,0.0;1.0,0.0,0.0,0.0
2.39;0.0,0.0,0.0;1.0,0.0,0.0,0.0
2.4;0.0,0.0,0.0;1.0,0.0,0.0,0.0
2.41;0.0,0.0,0.0;1.0,0.0,0.0,0.0
2.42;0.0,0.0,0.0;1.0,0.0,0.0,0.0
2.43;0.0,0.0,0.0;1.0,0.0,0.0,0.0
2.44;0.0,0.0,0.0;1.0,0.0,0.0,0.0
2.45;0.0,0.0,0.0;1.0,0.0,0.0,0.0
2.46;0.0,0.0,0.0;1.0,0.0,0.0,0.0
2.47;0.0,0.0,0.0;1.0,0.0,0.0,0.0
2.48;0.0,0.0,0.0;1.0,0.0,0.0,0.0
2.49;0.0,0.0,0.0;1.0,0.0,0.0,0.0
2.5;0.0,0.0,0.0;1.0,0.0,0.0,0.0
2.51;0.0,0.0,0.0;1.0,0.0,0.0,0.0
2.52;0.0,0.0,0.0;1.0,0.0,0.0,0.0
2.53;0.0,0.0,0.0;1.0,0.0,0.0,0.0
2.54;0.0,0.0,0.0;1.0,0.0,0.0,0.0
2.55;0.0,0.0,0.0;1.0,0.0,0.0,0.0
2.56;0.0,0.0,0.0;1.0,0.0,0.0,0.0
2.57;0.0,0.0,0.0;1.0,0.0,0.0,0.0
2.58;0.0,0.0,0.0;1.0,0.0,0.0,0.0
2.59;0.0,0.0,0.0;1.0,0.0,0.0,0.0
2.6;0.0,0.0,0.0;1.0,0.0,0.0,0.0
2.61;0.0,0.0,0.0;1.0,0.0,0.0,0.0
2.62;0.0,0.0,0.0;1.0,0.0,0.0,0.0
2.63;0.0,0.0,0.0;1.0,0.0,0.0,0.0
2.64;0.0,0.0,0.0;1.0,0.0,0.0,0.0
2.65;0.0,0.0,0.0;1.0,0.0,0.0,0.0
2.66;0.0,0.0,0.0;1.0,0.0,0.0,0.0
2.67;0.0,0.0,0.0;1.0,0.0,0.0,0.0
2.68;0.0,0.0,0.0;1.0,0.0,0.0,0.0
2.69;0.0,0.0,0.0;1.0,0.0,0.0,0.0
2.7;0.0,0.0,0.0;1.0,0.0,0.0,0.0
2.71;0.0,0.0,0.0;1.0,0.0,0.0,0.0
2.72;0.0,0.0,0.0;1.0,0.0,0.0,0.0
2.73;0.0,0.0,0.0;1.0,0.0,0.0,0.0
2.74;2.4088307327474467e-05,0.0,0.0;1.0,0.0,0.0,0.0
2.75;9.592308197170496e-05,0.0,0.0;1.0,0.0,0.0,0.0
2.76;0.00021485908655449748,0.0,0.0;1.0,0.0,0.0,0.0
2.77;0.0003802511200774461,0.0,0.0;1.0,0.0,0.0,0.0
2.78;0.0005914540379308164,0.0,0.0;1.0,0.0,0.0,0.0
2.79;0.0008478223462589085,0.0,0.0;1.0,0.0,0.0,0.0
2.8;0.001148710958659649,0.0,0.0;1.0,0.0,0.0,0.0
2.81;0.0014934750506654382,0.0,0.0;1.0,0.0,0.0,0.0
2.82;0.0018814688082784414,0.0,0.0;1.0,0.0,0.0,0.0
2.83;0.002312047639861703,0.0,0.0;1.0,0.0,0.0,0.0
2.84;0.0027845650911331177,0.0,0.0;1.0,0.0,0.0,0.0
2.85;0.0032983773853629827,0.0,0.0;1.0,0.0,0.0,0.0
2.86;0.0038528386503458023,0.0,0.0;1.0,0.0,0.0,0.0
2.87;0.004447303246706724,0.0,0.0;1.0,0.0,0.0,0.0
2.88;0.005081127397716045,0.0,0.0;1.0,0.0,0.0,0.0
2.89;0.0057536642998456955,0.0,0.0;1.0,0.0,0.0,0.0
2.9;0.006464269477874041,0.0,0.0;1.0,0.0,0.0,0.0
2.91;0.007212297059595585,0.0,0.0;1.0,0.0,0.0,0.0
2.92;0.007997103035449982,0.0,0.0;1.0,0.0,0.0,0.0
2.93;0.008818041533231735,0.0,0.0;1.0,0.0,0.0,0.0
2.94;0.009674466215074062,0.0,0.0;1.0,0.0,0.0,0.0
2.95;0.010565732605755329,0.0,0.0;1.0,0.0,0.0,0.0
2.96;0.011491197161376476,0.0,0.0;1.0,0.0,0.0,0.0
2.97;0.012450212612748146,0.0,0.0;1.0,0.0,0.0,0.0
2.98;0.013442136347293854,0.0,0.0;1.0,0.0,0.0,0.0
2.99;0.014466318301856518,0.0,0.0;1.0,0.0,0.0,0.0
3.0;0.015522118657827377,0.0,0.0;1.0,0.0,0.0,0.0
3.01;0.016608886420726776,0.0,0.0;1.0,0.0,0.0,0.0
3.02;0.017725979909300804,0.0,0.0;1.0,0.0,0.0,0.0
3.03;0.018872760236263275,0.0,0.0;1.0,0.0,0.0,0.0
3.04;0.020048566162586212,0.0,0.0;1.0,0.0,0.0,0.0
3.05;0.021252769976854324,0.0,0.0;1.0,0.0,0.0,0.0
3.06;0.022484712302684784,0.0,0.0;1.0,0.0,0.0,0.0
3.07;0.023743757978081703,0.0,0.0;1.0,0.0,0.0,0.0
3.08;0.02502925507724285,0.0,0.0;1.0,0.0,0.0,0.0
3.09;0.026340564712882042,0.0,0.0;1.0,0.0,0.0,0.0
3.1;0.027677036821842194,0.0,0.0;1.0,0.0,0.0,0.0
3.11;0.029038023203611374,0.0,0.0;1.0,0.0,0.0,0.0
3.12;0.030422883108258247,0.0,0.0;1.0,0.0,0.0,0.0
3.13;0.031830981373786926,0.0,0.0;1.0,0.0,0.0,0.0
3.14;0.03326164931058884,0.0,0.0;1.0,0.0,0.0,0.0
3.15;0.03471425920724869,0.0,0.0;1.0,0.0,0.0,0.0
3.16;0.03618816286325455,0.0,0.0;1.0,0.0,0.0,0.0
3.17;0.03768271207809448,0.0,0.0;1.0,0.0,0.0,0.0
3.18;0.03919726982712746,0.0,0.0;1.0,0.0,0.0,0.0
3.19;0.04073117673397064,0.0,0.0;1.0,0.0,0.0,0.0
3.2;0.042283795773983,0.0,0.0;1.0,0.0,0.0,0.0
3.21;0.0438544824719429,0.0,0.0;1.0,0.0,0.0,0.0
3.22;0.04544258490204811,0.0,0.0;1.0,0.0,0.0,0.0
3.23;0.04704747721552849,0.0,0.0;1.0,0.0,0.0,0.0
3.24;0.04866848886013031,0.0,0.0;1.0,0.0,0.0,0.0
3.25;0.05030498653650284,0.0,0.0;1.0,0.0,0.0,0.0
3.26;0.05195632204413414,0.0,0.0;1.0,0.0,0.0,0.0
3.27;0.053621865808963776,0.0,0.0;1.0,0.0,0.0,0.0
3.28;0.05530094355344772,0.0,0.0;1.0,0.0,0.0,0.0
3.29;0.05699292570352554,0.0,0.0;1.0,0.0,0.0,0.0
3.3;0.058697186410427094,0.0,0.0;1.0,0.0,0.0,0.0
3.31;0.06041303649544716,0.0,0.0;1.0,0.0,0.0,0.0
3.32;0.06213987618684769,0.0,0.0;1.0,0.0,0.0,0.0
3.33;0.06387703120708466,0.0,0.0;1.0,0.0,0.0,0.0
3.34;0.06562385708093643,0.0,0.0;1.0,0.0,0.0,0.0
3.35;0.06737972050905228,0.0,0.0;1.0,0.0,0.0,0.0
3.36;0.06914398074150085,0.0,0.0;1.0,0.0,0.0,0.0
3.37;0.07091597467660904,0.0,0.0;1.0,0.0,0.0,0.0
3.38;0.07269506901502609,0.0,0.0;1.0,0.0,0.0,0.0
3.39;0.07448060810565948,0.0,0.0;1.0,0.0,0.0,0.0
3.4;0.07627195864915848,0.0,0.0;1.0,0.0,0.0,0.0
3.41;0.07806847989559174,0.0,0.0;1.0,0.0,0.0,0.0
3.42;0.07986951619386673,0.0,0.0;1.0,0.0,0.0,0.0
3.43;0.08167441189289093,0.0,0.0;1.0,0.0,0.0,0.0
3.44;0.0834825411438942,0.0,0.0;1.0,0.0,0.0,0.0
3.45;0.08529326319694519,0.0,0.0;1.0,0.0,0.0,0.0
3.46;0.0871059000492096,0.0,0.0;1.0,0.0,0.0,0.0
3.47;0.08891984075307846,0.0,0.0;1.0,0.0,0.0,0.0
3.48;0.09073441475629807,0.0,0.0;1.0,0.0,0.0,0.0
3.49;0.09254899621009827,0.0,0.0;1.0,0.0,0.0,0.0
3.5;0.09436292201280594,0.0,0.0;1.0,0.0,0.0,0.0
3.51;0.09617556631565094,0.0,0.0;1.0,0.0,0.0,0.0
3.52;0.09798628836870193,0.0,0.0;1.0,0.0,0.0,0.0
3.53;0.0997944250702858,0.0,0.0;1.0,0.0,0.0,0.0
3.54;0.10159932076931,0.0,0.0;1.0,0.0,0.0,0.0
3.55;0.1034003496170044,0.0,0.0;1.0,0.0,0.0,0.0
3.56;0.10519687831401825,0.0,0.0;1.0,0.0,0.0,0.0
3.57;0.10698821395635605,0.0,0.0;1.0,0.0,0.0,0.0
3.58;0.10877376049757004,0.0,0.0;1.0,0.0,0.0,0.0
3.59;0.1105528473854065,0.0,0.0;1.0,0.0,0.0,0.0
3.6;0.11232484877109528,0.0,0.0;1.0,0.0,0.0,0.0
3.61;0.11408910155296326,0.0,0.0;1.0,0.0,0.0,0.0
3.62;0.1158449575304985,0.0,0.0;1.0,0.0,0.0,0.0
3.63;0.11759181320667267,0.0,0.0;1.0,0.0,0.0,0.0
3.64;0.11932896822690964,0.0,0.0;1.0,0.0,0.0,0.0
3.65;0.12105578184127808,0.0,0.0;1.0,0.0,0.0,0.0
3.66;0.12277165055274963,0.0,0.0;1.0,0.0,0.0,0.0
3.67;0.12447590380907059,0.0,0.0;1.0,0.0,0.0,0.0
3.68;0.1261678785085678,0.0,0.0;1.0,0.0,0.0,0.0
3.69;0.12784695625305176,0.0,0.0;1.0,0.0,0.0,0.0
3.7;0.1295125037431717,0.0,0.0;1.0,0.0,0.0,0.0
3.71;0.1311638355255127,0.0,0.0;1.0,0.0,0.0,0.0
3.72;0.13280035555362701,0.0,0.0;1.0,0.0,0.0,0.0
3.73;0.13442137837409973,0.0,0.0;1.0,0.0,0.0,0.0
3.74;0.13602624833583832,0.0,0.0;1.0,0.0,0.0,0.0
3.75;0.13761435449123383,0.0,0.0;1.0,0.0,0.0,0.0
3.76;0.13918505609035492,0.0,0.0;1.0,0.0,0.0,0.0
3.77;0.1407376527786255,0.0,0.0;1.0,0.0,0.0,0.0
3.78;0.14227154850959778,0.0,0.0;1.0,0.0,0.0,0.0
3.79;0.14378610253334045,0.0,0.0;1.0,0.0,0.0,0.0
3.8;0.14528068900108337,0.0,0.0;1.0,0.0,0.0,0.0
3.81;0.14675459265708923,0.0,0.0;1.0,0.0,0.0,0.0
3.82;0.1482071727514267,0.0,0.0;1.0,0.0,0.0,0.0
3.83;0.1496378481388092,0.0,0.0;1.0,0.0,0.0,0.0
3.84;0.15104596316814423,0.0,0.0;1.0,0.0,0.0,0.0
3.85;0.15243078768253326,0.0,0.0;1.0,0.0,0.0,0.0
3.86;0.15379180014133453,0.0,0.0;1.0,0.0,0.0,0.0
3.87;0.15512828528881073,0.0,0.0;1.0,0.0,0.0,0.0
3.88;0.15643957257270813,0.0,0.0;1.0,0.0,0.0,0.0
3.89;0.15772506594657898,0.0,0.0;1.0,0.0,0.0,0.0
3.9;0.15898412466049194,0.0,0.0;1.0,0.0,0.0,0.0
3.91;0.1602160632610321,0.0,0.0;1.0,0.0,0.0,0.0
3.92;0.16142025589942932,0.0,0.0;1.0,0.0,0.0,0.0
3.93;0.16259609162807465,0.0,0.0;1.0,0.0,0.0,0.0
3.94;0.16374285519123077,0.0,0.0;1.0,0.0,0.0,0.0
3.95;0.16485993564128876,0.0,0.0;1.0,0.0,0.0,0.0
3.96;0.16594672203063965,0.0,0.0;1.0,0.0,0.0,0.0
3.97;0.16700249910354614,0.0,0.0;1.0,0.0,0.0,0.0
3.98;0.16802671551704407,0.0,0.0;1.0,0.0,0.0,0.0
3.99;0.16901862621307373,0.0,0.0;1.0,0.0,0.0,0.0
4.0;0.16997766494750977,0.0,0.0;1.0,0.0,0.0,0.0
4.01;0.17090310156345367,0.0,0.0;1.0,0.0,0.0,0.0
4.02;0.1717943698167801,0.0,0.0;1.0,0.0,0.0,0.0
4.03;0.1726507991552353,0.0,0.0;1.0,0.0,0.0,0.0
4.04;0.17347171902656555,0.0,0.0;1.0,0.0,0.0,0.0
4.05;0.17425653338432312,0.0,0.0;1.0,0.0,0.0,0.0
4.06;0.17500460147857666,0.0,0.0;1.0,0.0,0.0,0.0
4.07;0.1757151484489441,0.0,0.0;1.0,0.0,0.0,0.0
4.08;0.1763876974582672,0.0,0.0;1.0,0.0,0.0,0.0
4.09;0.17702153325080872,0.0,0.0;1.0,0.0,0.0,0.0
4.1;0.1776159703731537,0.0,0.0;1.0,0.0,0.0,0.0
4.11;0.17817047238349915,0.0,0.0;1.0,0.0,0.0,0.0
4.12;0.178684264421463,0.0,0.0;1.0,0.0,0.0,0.0
4.13;0.17915678024291992,0.0,0.0;1.0,0.0,0.0,0.0
4.14;0.17958736419677734,0.0,0.0;1.0,0.0,0.0,0.0
4.15;0.17997536063194275,0.0,0.0;1.0,0.0,0.0,0.0
4.16;0.1803201138973236,0.0,0.0;1.0,0.0,0.0,0.0
4.17;0.18062105774879456,0.0,0.0;1.0,0.0,0.0,0.0
4.18;0.18087735772132874,0.0,0.0;1.0,0.0,0.0,0.0
4.19;0.18108859658241272,0.0,0.0;1.0,0.0,0.0,0.0
4.2;0.18125396966934204,0.0,0.0;1.0,0.0,0.0,0.0
4.21;0.18137294054031372,0.0,0.0;1.0,0.0,0.0,0.0
4.22;0.18144479393959045,0.0,0.0;1.0,0.0,0.0,0.0
4.23;0.18146882951259613,0.0,0.0;1.0,0.0,0.0,0.0
4.24;0.18144305050373077,0.0,0.0;1.0,0.0,0.0,0.0
4.25;0.1813662052154541,0.0,0.0;1.0,0.0,0.0,0.0
4.26;0.18123900890350342,0.0,0.0;1.0,0.0,0.0,0.0
4.27;0.18106214702129364,0.0,0.0;1.0,0.0,0.0,0.0
4.28;0.18083637952804565,0.0,0.0;1.0,0.0,0.0,0.0
4.29;0.18056239187717438,0.0,0.0;1.0,0.0,0.0,0.0
4.3;0.18024088442325592,0.0,0.0;1.0,0.0,0.0,0.0
4.31;0.17987261712551117,0.0,0.0;1.0,0.0,0.0,0.0
4.32;0.17945826053619385,0.0,0.0;1.0,0.0,0.0,0.0
4.33;0.17899854481220245,0.0,0.0;1.0,0.0,0.0,0.0
4.34;0.17849420011043549,0.0,0.0;1.0,0.0,0.0,0.0
4.35;0.17794591188430786,0.0,0.0;1.0,0.0,0.0,0.0
4.36;0.17735441029071808,0.0,0.0;1.0,0.0,0.0,0.0
4.37;0.17672042548656464,0.0,0.0;1.0,0.0,0.0,0.0
4.38;0.17604464292526245,0.0,0.0;1.0,0.0,0.0,0.0
4.39;0.17532777786254883,0.0,0.0;1.0,0.0,0.0,0.0
4.4;0.17457056045532227,0.0,0.0;1.0,0.0,0.0,0.0
4.41;0.17377369105815887,0.0,0.0;1.0,0.0,0.0,0.0
4.42;0.17293791472911835,0.0,0.0;1.0,0.0,0.0,0.0
4.43;0.1720639169216156,0.0,0.0;1.0,0.0,0.0,0.0
4.44;0.17115241289138794,0.0,0.0;1.0,0.0,0.0,0.0
4.45;0.17020411789417267,0.0,0.0;1.0,0.0,0.0,0.0
4.46;0.1692197620868683,0.0,0.0;1.0,0.0,0.0,0.0
4.47;0.1682000458240509,0.0,0.0;1.0,0.0,0.0,0.0
4.48;0.16714566946029663,0.0,0.0;1.0,0.0,0.0,0.0
4.49;0.16605739295482635,0.0,0.0;1.0,0.0,0.0,0.0
4.5;0.1649358719587326,0.0,0.0;1.0,0.0,0.0,0.0
4.51;0.16378188133239746,0.0,0.0;1.0,0.0,0.0,0.0
4.52;0.16259609162807465,0.0,0.0;1.0,0.0,0.0,0.0
4.53;0.16137921810150146,0.0,0.0;1.0,0.0,0.0,0.0
4.54;0.16013199090957642,0.0,0.0;1.0,0.0,0.0,0.0
4.55;0.1588551253080368,0.0,0.0;1.0,0.0,0.0,0.0
4.56;0.15754933655261993,0.0,0.0;1.0,0.0,0.0,0.0
4.57;0.15621532499790192,0.0,0.0;1.0,0.0,0.0,0.0
4.58;0.15485380589962006,0.0,0.0;1.0,0.0,0.0,0.0
4.59;0.15346550941467285,0.0,0.0;1.0,0.0,0.0,0.0
4.6;0.1520511358976364,0.0,0.0;1.0,0.0,0.0,0.0
4.61;0.15061141550540924,0.0,0.0;1.0,0.0,0.0,0.0
4.62;0.14914704859256744,0.0,0.0;1.0,0.0,0.0,0.0
4.63;0.14765875041484833,0.0,0.0;1.0,0.0,0.0,0.0
4.64;0.1461472362279892,0.0,0.0;1.0,0.0,0.0,0.0
4.65;0.14461322128772736,0.0,0.0;1.0,0.0,0.0,0.0
4.66;0.1430574208498001,0.0,0.0;1.0,0.0,0.0,0.0
4.67;0.14148055016994476,0.0,0.0;1.0,0.0,0.0,0.0
4.68;0.13988332450389862,0.0,0.0;1.0,0.0,0.0,0.0
4.69;0.1382664442062378,0.0,0.0;1.0,0.0,0.0,0.0
4.7;0.13663065433502197,0.0,0.0;1.0,0.0,0.0,0.0
4.71;0.13497662544250488,0.0,0.0;1.0,0.0,0.0,0.0
4.72;0.1333051174879074,0.0,0.0;1.0,0.0,0.0,0.0
4.73;0.13161681592464447,0.0,0.0;1.0,0.0,0.0,0.0
4.74;0.12991245090961456,0.0,0.0;1.0,0.0,0.0,0.0
4.75;0.1281927078962326,0.0,0.0;1.0,0.0,0.0,0.0
4.76;0.1264583319425583,0.0,0.0;1.0,0.0,0.0,0.0
4.77;0.12471003830432892,0.0,0.0;1.0,0.0,0.0,0.0
4.78;0.12294851988554001,0.0,0.0;1.0,0.0,0.0,0.0
4.79;0.12117449939250946,0.0,0.0;1.0,0.0,0.0,0.0
4.8;0.11938869953155518,0.0,0.0;1.0,0.0,0.0,0.0
4.81;0.11759182810783386,0.0,0.0;1.0,0.0,0.0,0.0
4.82;0.11578459292650223,0.0,0.0;1.0,0.0,0.0,0.0
4.83;0.11396771669387817,0.0,0.0;1.0,0.0,0.0,0.0
4.84;0.11214190721511841,0.0,0.0;1.0,0.0,0.0,0.0
4.85;0.11030788719654083,0.0,0.0;1.0,0.0,0.0,0.0
4.86;0.10846636444330215,0.0,0.0;1.0,0.0,0.0,0.0
4.87;0.10661806166172028,0.0,0.0;1.0,0.0,0.0,0.0
4.88;0.1047636941075325,0.0,0.0;1.0,0.0,0.0,0.0
4.89;0.10290396213531494,0.0,0.0;1.0,0.0,0.0,0.0
4.9;0.1010395810008049,0.0,0.0;1.0,0.0,0.0,0.0
4.91;0.09917128086090088,0.0,0.0;1.0,0.0,0.0,0.0
4.92;0.09729974716901779,0.0,0.0;1.0,0.0,0.0,0.0
4.93;0.09542572498321533,0.0,0.0;1.0,0.0,0.0,0.0
4.94;0.0935499370098114,0.0,0.0;1.0,0.0,0.0,0.0
4.95;0.09167306125164032,0.0,0.0;1.0,0.0,0.0,0.0
4.96;0.08979582786560059,0.0,0.0;1.0,0.0,0.0,0.0
4.97;0.08791893720626831,0.0,0.0;1.0,0.0,0.0,0.0
4.98;0.08604314923286438,0.0,0.0;1.0,0.0,0.0,0.0
4.99;0.08416911214590073,0.0,0.0;1.0,0.0,0.0,0.0
5.0;0.08229760080575943,0.0,0.0;1.0,0.0,0.0,0.0
5.01;0.08042929321527481,0.0,0.0;1.0,0.0,0.0,0.0
5.02;0.07856490463018417,0.0,0.0;1.0,0.0,0.0,0.0
5.03;0.07670517265796661,0.0,0.0;1.0,0.0,0.0,0.0
5.04;0.07485079765319824,0.0,0.0;1.0,0.0,0.0,0.0
5.05;0.07300249487161636,0.0,0.0;1.0,0.0,0.0,0.0
5.06;0.07116099447011948,0.0,0.0;1.0,0.0,0.0,0.0
5.07;0.0693269670009613,0.0,0.0;1.0,0.0,0.0,0.0
5.08;0.06750116497278214,0.0,0.0;1.0,0.0,0.0,0.0
5.09;0.06568428874015808,0.0,0.0;1.0,0.0,0.0,0.0
5.1;0.06387705355882645,0.0,0.0;1.0,0.0,0.0,0.0
5.11;0.06208016723394394,0.0,0.0;1.0,0.0,0.0,0.0
5.12;0.06029438227415085,0.0,0.0;1.0,0.0,0.0,0.0
5.13;0.058520346879959106,0.0,0.0;1.0,0.0,0.0,0.0
5.14;0.05675884336233139,0.0,0.0;1.0,0.0,0.0,0.0
5.15;0.05501051992177963,0.0,0.0;1.0,0.0,0.0,0.0
5.16;0.053276143968105316,0.0,0.0;1.0,0.0,0.0,0.0
5.17;0.05155641585588455,0.0,0.0;1.0,0.0,0.0,0.0
5.18;0.04985203593969345,0.0,0.0;1.0,0.0,0.0,0.0
5.19;0.04816373437643051,0.0,0.0;1.0,0.0,0.0,0.0
5.2;0.046492233872413635,0.0,0.0;1.0,0.0,0.0,0.0
5.21;0.04483819752931595,0.0,0.0;1.0,0.0,0.0,0.0
5.22;0.04320240020751953,0.0,0.0;1.0,0.0,0.0,0.0
5.23;0.0415855348110199,0.0,0.0;1.0,0.0,0.0,0.0
5.24;0.03998831659555435,0.0,0.0;1.0,0.0,0.0,0.0
5.25;0.03841143846511841,0.0,0.0;1.0,0.0,0.0,0.0
5.26;0.03685563802719116,0.0,0.0;1.0,0.0,0.0,0.0
5.27;0.03532162308692932,0.0,0.0;1.0,0.0,0.0,0.0
5.28;0.033810123801231384,0.0,0.0;1.0,0.0,0.0,0.0
5.29;0.03232179582118988,0.0,0.0;1.0,0.0,0.0,0.0
5.3;0.030857443809509277,0.0,0.0;1.0,0.0,0.0,0.0
5.31;0.02941770851612091,0.0,0.0;1.0,0.0,0.0,0.0
5.32;0.028003349900245667,0.0,0.0;1.0,0.0,0.0,0.0
5.33;0.026615053415298462,0.0,0.0;1.0,0.0,0.0,0.0
5.34;0.025253519415855408,0.0,0.0;1.0,0.0,0.0,0.0
5.35;0.023919537663459778,0.0,0.0;1.0,0.0,0.0,0.0
5.36;0.02261371910572052,0.0,0.0;1.0,0.0,0.0,0.0
5.37;0.021336838603019714,0.0,0.0;1.0,0.0,0.0,0.0
5.38;0.020089611411094666,0.0,0.0;1.0,0.0,0.0,0.0
5.39;0.018872752785682678,0.0,0.0;1.0,0.0,0.0,0.0
5.4;0.017686963081359863,0.0,0.0;1.0,0.0,0.0,0.0
5.41;0.01653294265270233,0.0,0.0;1.0,0.0,0.0,0.0
5.42;0.015411436557769775,0.0,0.0;1.0,0.0,0.0,0.0
5.43;0.014323145151138306,0.0,0.0;1.0,0.0,0.0,0.0
5.44;0.013268798589706421,0.0,0.0;1.0,0.0,0.0,0.0
5.45;0.01224905252456665,0.0,0.0;1.0,0.0,0.0,0.0
5.46;0.011264696717262268,0.0,0.0;1.0,0.0,0.0,0.0
5.47;0.010316446423530579,0.0,0.0;1.0,0.0,0.0,0.0
5.48;0.00940491259098053,0.0,0.0;1.0,0.0,0.0,0.0
5.49;0.008530914783477783,0.0,0.0;1.0,0.0,0.0,0.0
5.5;0.007695123553276062,0.0,0.0;1.0,0.0,0.0,0.0
5.51;0.006898269057273865,0.0,0.0;1.0,0.0,0.0,0.0
5.52;0.006141051650047302,0.0,0.0;1.0,0.0,0.0,0.0
5.53;0.005424171686172485,0.0,0.0;1.0,0.0,0.0,0.0
5.54;0.0047483742237091064,0.0,0.0;1.0,0.0,0.0,0.0
5.55;0.0041144490242004395,0.0,0.0;1.0,0.0,0.0,0.0
5.56;0.003522932529449463,0.0,0.0;1.0,0.0,0.0,0.0
5.57;0.002974599599838257,0.0,0.0;1.0,0.0,0.0,0.0
5.58;0.0024702847003936768,0.0,0.0;1.0,0.0,0.0,0.0
5.59;0.0020105838775634766,0.0,0.0;1.0,0.0,0.0,0.0
5.6;0.001596212387084961,0.0,0.0;1.0,0.0,0.0,0.0
5.61;0.0012279152870178223,0.0,0.0;1.0,0.0,0.0,0.0
5.62;0.0009064078330993652,0.0,0.0;1.0,0.0,0.0,0.0
5.63;0.0006324350833892822,0.0,0.0;1.0,0.0,0.0,0.0
5.64;0.00040668249130249023,0.0,0.0;1.0,0.0,0.0,0.0
5.65;0.00022980570793151855,0.0,0.0;1.0,0.0,0.0,0.0
5.66;0.00010260939598083496,0.0,0.0;1.0,0.0,0.0,0.0
5.67;2.5779008865356445e-05,0.0,0.0;1.0,0.0,0.0,0.0
5.68;0.0,0.0,0.0;1.0,0.0,0.0,0.0
5.69;3.2841697247931734e-05,0.0,-2.160371332138311e-05;1.0,0.0,0.0,0.0
5.7;0.0001306790072703734,0.0,-8.596241968916729e-05;1.0,0.0,0.0,0.0
5.71;0.0002924802538473159,0.0,-0.0001923974632518366;1.0,0.0,0.0,0.0
5.72;0.0005172137753106654,0.0,-0.0003402302390895784;1.0,0.0,0.0,0.0
5.73;0.0008038480300456285,0.0,-0.0005287820822559297;1.0,0.0,0.0,0.0
5.74;0.001151351141743362,0.0,-0.0007573742768727243;1.0,0.0,0.0,0.0
5.75;0.0015586912631988525,0.0,-0.001025328179821372;1.0,0.0,0.0,0.0
5.76;0.0020248370710760355,0.0,-0.0013319652061909437;1.0,0.0,0.0,0.0
5.77;0.0025487567763775587,0.0,-0.0016766065964475274;1.0,0.0,0.0,0.0
5.78;0.0031294189393520355,0.0,-0.0020585739985108376;1.0,0.0,0.0,0.0
5.79;0.0037657918874174356,0.0,-0.0024771885946393013;1.0,0.0,0.0,0.0
5.8;0.004456843715161085,0.0,-0.0029317717999219894;1.0,0.0,0.0,0.0
5.81;0.005201541818678379,0.0,-0.0034216444473713636;1.0,0.0,0.0,0.0
5.82;0.005998855922371149,0.0,-0.00394612830132246;1.0,0.0,0.0,0.0
5.83;0.0068477545864880085,0.0,-0.004504545126110315;1.0,0.0,0.0,0.0
5.84;0.007747204974293709,0.0,-0.005096215754747391;1.0,0.0,0.0,0.0
5.85;0.008696175180375576,0.0,-0.005720461718738079;1.0,0.0,0.0,0.0
5.86;0.009693634696304798,0.0,-0.006376603618264198;1.0,0.0,0.0,0.0
5.87;0.010738551616668701,0.0,-0.00706396484747529;1.0,0.0,0.0,0.0
5.88;0.011829894036054611,0.0,-0.007781864609569311;1.0,0.0,0.0,0.0
5.89;0.012966630049049854,0.0,-0.008529623970389366;1.0,0.0,0.0,0.0
5.9;0.014147727750241756,0.0,-0.009306566789746284;1.0,0.0,0.0,0.0
5.91;0.015372158028185368,0.0,-0.01011201273649931;1.0,0.0,0.0,0.0
5.92;0.01663888618350029,0.0,-0.010945283807814121;1.0,0.0,0.0,0.0
5.93;0.01794688031077385,0.0,-0.01180570013821125;1.0,0.0,0.0,0.0
5.94;0.019295109435915947,0.0,-0.012692583724856377;1.0,0.0,0.0,0.0
5.95;0.020682543516159058,0.0,-0.01360525656491518;1.0,0.0,0.0,0.0
5.96;0.022108150646090508,0.0,-0.014543040655553341;1.0,0.0,0.0,0.0
5.97;0.023570897057652473,0.0,-0.01550525426864624;1.0,0.0,0.0,0.0
5.98;0.02506975084543228,0.0,-0.016491219401359558;1.0,0.0,0.0,0.0
5.99;0.026603681966662407,0.0,-0.017500262707471848;1.0,0.0,0.0,0.0
6.0;0.028171662241220474,0.0,-0.01853169873356819;1.0,0.0,0.0,0.0
6.01;0.02977265790104866,0.0,-0.01958485320210457;1.0,0.0,0.0,0.0
6.02;0.031405627727508545,0.0,-0.02065904624760151;1.0,0.0,0.0,0.0
6.03;0.03306955099105835,0.0,-0.021753598004579544;1.0,0.0,0.0,0.0
6.04;0.0347633957862854,0.0,-0.022867830470204353;1.0,0.0,0.0,0.0
6.05;0.036486122757196426,0.0,-0.024001065641641617;1.0,0.0,0.0,0.0
6.06;0.03823670744895935,0.0,-0.025152623653411865;1.0,0.0,0.0,0.0
6.07;0.0400141179561615,0.0,-0.02632182650268078;1.0,0.0,0.0,0.0
6.08;0.0418173149228096,0.0,-0.027507994323968887;1.0,0.0,0.0,0.0
6.09;0.04364527761936188,0.0,-0.02871045283973217;1.0,0.0,0.0,0.0
6.1;0.04549696296453476,0.0,-0.02992851659655571;1.0,0.0,0.0,0.0
6.11;0.04737135022878647,0.0,-0.031161511316895485;1.0,0.0,0.0,0.0
6.12;0.049267400056123734,0.0,-0.032408758997917175;1.0,0.0,0.0,0.0
6.13;0.05118408799171448,0.0,-0.03366958349943161;1.0,0.0,0.0,0.0
6.14;0.05312037095427513,0.0,-0.03494329750537872;1.0,0.0,0.0,0.0
6.15;0.055075228214263916,0.0,-0.03622923046350479;1.0,0.0,0.0,0.0
6.16;0.05704762786626816,0.0,-0.037526700645685196;1.0,0.0,0.0,0.0
6.17;0.05903652310371399,0.0,-0.03883501887321472;1.0,0.0,0.0,0.0
6.18;0.06104090064764023,0.0,-0.04015352576971054;1.0,0.0,0.0,0.0
6.19;0.0630597174167633,0.0,-0.041481535881757736;1.0,0.0,0.0,0.0
6.2;0.06509195268154144,0.0,-0.04281836375594139;1.0,0.0,0.0,0.0
6.21;0.06713656336069107,0.0,-0.04416333884000778;1.0,0.0,0.0,0.0
6.22;0.06919252872467041,0.0,-0.04551577568054199;1.0,0.0,0.0,0.0
6.23;0.07125880569219589,0.0,-0.0468750074505806;1.0,0.0,0.0,0.0
6.24;0.07333437353372574,0.0,-0.04824034124612808;1.0,0.0,0.0,0.0
6.25;0.07541819661855698,0.0,-0.049611106514930725;1.0,0.0,0.0,0.0
6.26;0.07750923186540604,0.0,-0.05098661780357361;1.0,0.0,0.0,0.0
6.27;0.07960645854473114,0.0,-0.05236620455980301;1.0,0.0,0.0,0.0
6.28;0.08170884847640991,0.0,-0.05374918505549431;1.0,0.0,0.0,0.0
6.29;0.08381535857915878,0.0,-0.05513487756252289;1.0,0.0,0.0,0.0
6.3;0.08592496067285538,0.0,-0.05652260035276413;1.0,0.0,0.0,0.0
6.31;0.08803664147853851,0.0,-0.05791168659925461;1.0,0.0,0.0,0.0
6.32;0.09014934301376343,0.0,-0.059301454573869705;1.0,0.0,0.0,0.0
6.33;0.09226204454898834,0.0,-0.060691215097904205;1.0,0.0,0.0,0.0
6.34;0.09437371790409088,0.0,-0.06208030506968498;1.0,0.0,0.0,0.0
6.35;0.09648333489894867,0.0,-0.06346803903579712;1.0,0.0,0.0,0.0
6.36;0.09858983755111694,0.0,-0.0648537278175354;1.0,0.0,0.0,0.0
6.37;0.10069222003221512,0.0,-0.0662367045879364;1.0,0.0,0.0,0.0
6.38;0.10278944671154022,0.0,-0.0676162838935852;1.0,0.0,0.0,0.0
6.39;0.10488048940896988,0.0,-0.06899180263280869;1.0,0.0,0.0,0.0
6.4;0.10696430504322052,0.0,-0.07036256790161133;1.0,0.0,0.0,0.0
6.41;0.10903986543416977,0.0,-0.07172790169715881;1.0,0.0,0.0,0.0
6.42;0.11110614985227585,0.0,-0.07308712601661682;1.0,0.0,0.0,0.0
6.43;0.11316210776567459,0.0,-0.07443957030773163;1.0,0.0,0.0,0.0
6.44;0.11520671844482422,0.0,-0.07578454911708832;1.0,0.0,0.0,0.0
6.45;0.11723895370960236,0.0,-0.07712137699127197;1.0,0.0,0.0,0.0
6.46;0.11925777047872543,0.0,-0.07844936847686768;1.0,0.0,0.0,0.0
6.47;0.12126214802265167,0.0,-0.07976788282394409;1.0,0.0,0.0,0.0
6.48;0.1232510581612587,0.0,-0.08107620477676392;1.0,0.0,0.0,0.0
6.49;0.12522345781326294,0.0,-0.08237367868423462;1.0,0.0,0.0,0.0
6.5;0.12717831134796143,0.0,-0.08365961909294128;1.0,0.0,0.0,0.0
6.51;0.12911459803581238,0.0,-0.084933340549469;1.0,0.0,0.0,0.0
6.52;0.13103130459785461,0.0,-0.08619415014982224;1.0,0.0,0.0,0.0
6.53;0.13292735815048218,0.0,-0.08744140714406967;1.0,0.0,0.0,0.0
6.54;0.1348017305135727,0.0,-0.0886744037270546;1.0,0.0,0.0,0.0
6.55;0.13665342330932617,0.0,-0.08989246934652328;1.0,0.0,0.0,0.0
6.56;0.13848137855529785,0.0,-0.09109491854906082;1.0,0.0,0.0,0.0
6.57;0.14028458297252655,0.0,-0.09228109568357468;1.0,0.0,0.0,0.0
6.58;0.1420619785785675,0.0,-0.09345029294490814;1.0,0.0,0.0,0.0
6.59;0.14381255209445953,0.0,-0.0946018397808075;1.0,0.0,0.0,0.0
6.6;0.14553527534008026,0.0,-0.0957350805401802;1.0,0.0,0.0,0.0
6.61;0.1472291201353073,0.0,-0.09684930741786957;1.0,0.0,0.0,0.0
6.62;0.14889304339885712,0.0,-0.09794384986162186;1.0,0.0,0.0,0.0
6.63;0.1505260169506073,0.0,-0.09901804476976395;1.0,0.0,0.0,0.0
6.64;0.15212702751159668,0.0,-0.10007122159004211;1.0,0.0,0.0,0.0
6.65;0.1536950170993805,0.0,-0.10110265761613846;1.0,0.0,0.0,0.0
6.66;0.15522894263267517,0.0,-0.10211168974637985;1.0,0.0,0.0,0.0
6.67;0.15672779083251953,0.0,-0.10309766978025436;1.0,0.0,0.0,0.0
6.68;0.1581905335187912,0.0,-0.10405988246202469;1.0,0.0,0.0,0.0
6.69;0.1596161425113678,0.0,-0.1049976646900177;1.0,0.0,0.0,0.0
6.7;0.16100360453128815,0.0,-0.10591033101081848;1.0,0.0,0.0,0.0
6.71;0.1623518168926239,0.0,-0.1067972183227539;1.0,0.0,0.0,0.0
6.72;0.16365982592105865,0.0,-0.10765762627124786;1.0,0.0,0.0,0.0
6.73;0.16492652893066406,0.0,-0.10849089920520782;1.0,0.0,0.0,0.0
6.74;0.16615097224712372,0.0,-0.10929635167121887;1.0,0.0,0.0,0.0
6.75;0.16733208298683167,0.0,-0.1100732833147049;1.0,0.0,0.0,0.0
6.76;0.16846880316734314,0.0,-0.11082105338573456;1.0,0.0,0.0,0.0
6.77;0.16956014931201935,0.0,-0.11153894662857056;1.0,0.0,0.0,0.0
6.78;0.17060506343841553,0.0,-0.11222632229328156;1.0,0.0,0.0,0.0
6.79;0.1716025173664093,0.0,-0.11288243532180786;1.0,0.0,0.0,0.0
6.8;0.1725514680147171,0.0,-0.11350668966770172;1.0,0.0,0.0,0.0
6.81;0.17345091700553894,0.0,-0.11409834027290344;1.0,0.0,0.0,0.0
6.82;0.17429983615875244,0.0,-0.11465676128864288;1.0,0.0,0.0,0.0
6.83;0.17509713768959045,0.0,-0.11518126726150513;1.0,0.0,0.0,0.0
6.84;0.17584183812141418,0.0,-0.11567114293575287;1.0,0.0,0.0,0.0
6.85;0.17653289437294006,0.0,-0.11612571775913239;1.0,0.0,0.0,0.0
6.86;0.17716926336288452,0.0,-0.11654432117938995;1.0,0.0,0.0,0.0
6.87;0.177749902009964,0.0,-0.11692629754543304;1.0,0.0,0.0,0.0
6.88;0.17827385663986206,0.0,-0.11727094650268555;1.0,0.0,0.0,0.0
6.89;0.178739994764328,0.0,-0.11757756769657135;1.0,0.0,0.0,0.0
6.9;0.17914733290672302,0.0,-0.11784553527832031;1.0,0.0,0.0,0.0
6.91;0.17949482798576355,0.0,-0.11807411909103394;1.0,0.0,0.0,0.0
6.92;0.17978143692016602,0.0,-0.11826266348361969;1.0,0.0,0.0,0.0
6.93;0.180006206035614,0.0,-0.11841051280498505;1.0,0.0,0.0,0.0
6.94;0.1801680028438568,0.0,-0.1185169368982315;1.0,0.0,0.0,0.0
6.95;0.18026584386825562,0.0,-0.11858128011226654;1.0,0.0,0.0,0.0
6.96;0.18029868602752686,0.0,-0.11860290914773941;1.0,0.0,0.0,0.0
6.97;0.18027982115745544,0.0,-0.11859050393104553;1.0,0.0,0.0,0.0
6.98;0.1802235245704651,0.0,-0.11855347454547882;1.0,0.0,0.0,0.0
6.99;0.1801302582025528,0.0,-0.11849211156368256;1.0,0.0,0.0,0.0
7.0;0.1800004541873932,0.0,-0.11840672791004181;1.0,0.0,0.0,0.0
7.01;0.17983457446098328,0.0,-0.11829759925603867;1.0,0.0,0.0,0.0
7.02;0.17963305115699768,0.0,-0.1181650459766388;1.0,0.0,0.0,0.0
7.03;0.1793963462114334,0.0,-0.11800932884216309;1.0,0.0,0.0,0.0
7.04;0.1791248917579651,0.0,-0.11783076822757721;1.0,0.0,0.0,0.0
7.05;0.17881914973258972,0.0,-0.11762964725494385;1.0,0.0,0.0,0.0
7.06;0.17847956717014313,0.0,-0.11740626394748688;1.0,0.0,0.0,0.0
7.07;0.17810659110546112,0.0,-0.11716091632843018;1.0,0.0,0.0,0.0
7.08;0.17770066857337952,0.0,-0.11689390242099762;1.0,0.0,0.0,0.0
7.09;0.17726224660873413,0.0,-0.1166054978966713;1.0,0.0,0.0,0.0
7.1;0.17679177224636078,0.0,-0.11629601567983627;1.0,0.0,0.0,0.0
7.11;0.17628972232341766,0.0,-0.11596574634313583;1.0,0.0,0.0,0.0
7.12;0.17575648427009583,0.0,-0.11561498790979385;1.0,0.0,0.0,0.0
7.13;0.17519254982471466,0.0,-0.11524403095245361;1.0,0.0,0.0,0.0
7.14;0.17459838092327118,0.0,-0.11485316604375839;1.0,0.0,0.0,0.0
7.15;0.17397437989711761,0.0,-0.11444269120693207;1.0,0.0,0.0,0.0
7.16;0.17332102358341217,0.0,-0.11401291191577911;1.0,0.0,0.0,0.0
7.17;0.17263875901699066,0.0,-0.11356411129236221;1.0,0.0,0.0,0.0
7.18;0.1719280481338501,0.0,-0.11309657990932465;1.0,0.0,0.0,0.0
7.19;0.1711892932653427,0.0,-0.11261063069105148;1.0,0.0,0.0,0.0
7.2;0.1704229861497879,0.0,-0.11210653930902481;1.0,0.0,0.0,0.0
7.21;0.1696295589208603,0.0,-0.1115846112370491;1.0,0.0,0.0,0.0
7.22;0.16880947351455688,0.0,-0.11104514449834824;1.0,0.0,0.0,0.0
7.23;0.16796313226222992,0.0,-0.1104884222149849;1.0,0.0,0.0,0.0
7.24;0.16709104180335999,0.0,-0.10991474986076355;1.0,0.0,0.0,0.0
7.25;0.1661936342716217,0.0,-0.10932441055774689;1.0,0.0,0.0,0.0
7.26;0.1652713268995285,0.0,-0.10871770977973938;1.0,0.0,0.0,0.0
7.27;0.16432461142539978,0.0,-0.10809493809938431;1.0,0.0,0.0,0.0
7.28;0.16335389018058777,0.0,-0.10745639353990555;1.0,0.0,0.0,0.0
7.29;0.16235965490341187,0.0,-0.10680237412452698;1.0,0.0,0.0,0.0
7.3;0.1613423228263855,0.0,-0.10613316297531128;1.0,0.0,0.0,0.0
7.31;0.16030237078666687,0.0,-0.10544905811548233;1.0,0.0,0.0,0.0
7.32;0.1592402160167694,0.0,-0.10475035756826401;1.0,0.0,0.0,0.0
7.33;0.15815633535385132,0.0,-0.10403736680746078;1.0,0.0,0.0,0.0
7.34;0.15705114603042603,0.0,-0.10331036150455475;1.0,0.0,0.0,0.0
7.35;0.15592512488365173,0.0,-0.10256964713335037;1.0,0.0,0.0,0.0
7.36;0.15477870404720306,0.0,-0.10181552171707153;1.0,0.0,0.0,0.0
7.37;0.15361234545707703,0.0,-0.10104826837778091;1.0,0.0,0.0,0.0
7.38;0.15242646634578705,0.0,-0.10026818513870239;1.0,0.0,0.0,0.0
7.39;0.15122155845165253,0.0,-0.09947558492422104;1.0,0.0,0.0,0.0
7.4;0.1499980241060257,0.0,-0.09867073595523834;1.0,0.0,0.0,0.0
7.41;0.14875636994838715,0.0,-0.09785394370555878;1.0,0.0,0.0,0.0
7.42;0.1474969983100891,0.0,-0.09702550619840622;1.0,0.0,0.0,0.0
7.43;0.1462203562259674,0.0,-0.09618572145700455;1.0,0.0,0.0,0.0
7.44;0.14492692053318024,0.0,-0.09533488005399704;1.0,0.0,0.0,0.0
7.45;0.14361710846424103,0.0,-0.09447326511144638;1.0,0.0,0.0,0.0
7.46;0.14229139685630798,0.0,-0.09360119700431824;1.0,0.0,0.0,0.0
7.47;0.14095020294189453,0.0,-0.0927189514040947;1.0,0.0,0.0,0.0
7.48;0.13959401845932007,0.0,-0.09182682633399963;1.0,0.0,0.0,0.0
7.49;0.13822324573993683,0.0,-0.09092511981725693;1.0,0.0,0.0,0.0
7.5;0.13683836162090302,0.0,-0.09001412987709045;1.0,0.0,0.0,0.0
7.51;0.13543981313705444,0.0,-0.0890941396355629;1.0,0.0,0.0,0.0
7.52;0.13402803242206573,0.0,-0.08816545456647873;1.0,0.0,0.0,0.0
7.53;0.1326034814119339,0.0,-0.08722835779190063;1.0,0.0,0.0,0.0
7.54;0.13116659224033356,0.0,-0.08628315478563309;1.0,0.0,0.0,0.0
7.55;0.12971782684326172,0.0,-0.08533014357089996;1.0,0.0,0.0,0.0
7.56;0.1282576322555542,0.0,-0.08436960726976395;1.0,0.0,0.0,0.0
7.57;0.126786470413208,0.0,-0.08340185135602951;1.0,0.0,0.0,0.0
7.58;0.12530475854873657,0.0,-0.08242716640233994;1.0,0.0,0.0,0.0
7.59;0.1238129734992981,0.0,-0.0814458504319191;1.0,0.0,0.0,0.0
7.6;0.1223115473985672,0.0,-0.08045818656682968;1.0,0.0,0.0,0.0
7.61;0.1208009347319603,0.0,-0.07946449518203735;1.0,0.0,0.0,0.0
7.62;0.1192815750837326,0.0,-0.07846502959728241;1.0,0.0,0.0,0.0
7.63;0.11775393038988113,0.0,-0.07746012508869171;1.0,0.0,0.0,0.0
7.64;0.1162184402346611,0.0,-0.07645005732774734;1.0,0.0,0.0,0.0
7.65;0.11467553675174713,0.0,-0.07543511688709259;1.0,0.0,0.0,0.0
7.66;0.11312571167945862,0.0,-0.07441561669111252;1.0,0.0,0.0,0.0
7.67;0.1115693673491478,0.0,-0.07339183986186981;1.0,0.0,0.0,0.0
7.68;0.11000697314739227,0.0,-0.07236407697200775;1.0,0.0,0.0,0.0
7.69;0.10843899101018906,0.0,-0.07133263349533081;1.0,0.0,0.0,0.0
7.7;0.10686583817005157,0.0,-0.07029778510332108;1.0,0.0,0.0,0.0
7.71;0.10528798401355743,0.0,-0.06925985962152481;1.0,0.0,0.0,0.0
7.72;0.10370586812496185,0.0,-0.0682191252708435;1.0,0.0,0.0,0.0
7.73;0.10211995244026184,0.0,-0.06717588007450104;1.0,0.0,0.0,0.0
7.74;0.10053068399429321,0.0,-0.06613043695688248;1.0,0.0,0.0,0.0
7.75;0.0989384800195694,0.0,-0.06508306413888931;1.0,0.0,0.0,0.0
7.76;0.097343809902668,0.0,-0.06403407454490662;1.0,0.0,0.0,0.0
7.77;0.09574714303016663,0.0,-0.06298375129699707;1.0,0.0,0.0,0.0
7.78;0.09414888918399811,0.0,-0.061932407319545746;1.0,0.0,0.0,0.0
7.79;0.09254951775074005,0.0,-0.06088032200932503;1.0,0.0,0.0,0.0
7.8;0.09094946831464767,0.0,-0.059827789664268494;1.0,0.0,0.0,0.0
7.81;0.08934919536113739,0.0,-0.05877510830760002;1.0,0.0,0.0,0.0
7.82;0.0877491682767868,0.0,-0.05772259831428528;1.0,0.0,0.0,0.0
7.83;0.08614978194236755,0.0,-0.056670498102903366;1.0,0.0,0.0,0.0
7.84;0.08455154299736023,0.0,-0.05561915412545204;1.0,0.0,0.0,0.0
7.85;0.08295486867427826,0.0,-0.054568834602832794;1.0,0.0,0.0,0.0
7.86;0.08136022090911865,0.0,-0.0535198450088501;1.0,0.0,0.0,0.0
7.87;0.07976801693439484,0.0,-0.05247247591614723;1.0,0.0,0.0,0.0
7.88;0.07817873358726501,0.0,-0.051427025347948074;1.0,0.0,0.0,0.0
7.89;0.0765928104519844,0.0,-0.050383783876895905;1.0,0.0,0.0,0.0
7.9;0.07501070201396942,0.0,-0.0493430495262146;1.0,0.0,0.0,0.0
7.91;0.07343284040689468,0.0,-0.048305120319128036;1.0,0.0,0.0,0.0
7.92;0.0718596950173378,0.0,-0.0472702756524086;1.0,0.0,0.0,0.0
7.93;0.07029170542955399,0.0,-0.04623883217573166;1.0,0.0,0.0,0.0
7.94;0.06872931122779846,0.0,-0.0452110655605793;1.0,0.0,0.0,0.0
7.95;0.06717298179864883,0.0,-0.044187288731336594;1.0,0.0,0.0,0.0
7.96;0.06562315672636032,0.0,-0.04316779226064682;1.0,0.0,0.0,0.0
7.97;0.06408025324344635,0.0,-0.04215285927057266;1.0,0.0,0.0,0.0
7.98;0.06254475563764572,0.0,-0.0411427840590477;1.0,0.0,0.0,0.0
7.99;0.061017103493213654,0.0,-0.040137879550457;1.0,0.0,0.0,0.0
8.0;0.05949775129556656,0.0,-0.039138421416282654;1.0,0.0,0.0,0.0
8.01;0.05798713117837906,0.0,-0.038144711405038834;1.0,0.0,0.0,0.0
8.02;0.05648571252822876,0.0,-0.037157054990530014;1.0,0.0,0.0,0.0
8.03;0.05499390512704849,0.0,-0.03617572784423828;1.0,0.0,0.0,0.0
8.04;0.05351220816373825,0.0,-0.0352010503411293;1.0,0.0,0.0,0.0
8.05;0.052041031420230865,0.0,-0.034233301877975464;1.0,0.0,0.0,0.0
8.06;0.05058084428310394,0.0,-0.03327275812625885;1.0,0.0,0.0,0.0
8.07;0.0491320937871933,0.0,-0.03231975436210632;1.0,0.0,0.0,0.0
8.08;0.04769520461559296,0.0,-0.03137455880641937;1.0,0.0,0.0,0.0
8.09;0.04627066105604172,0.0,-0.030437476933002472;1.0,0.0,0.0,0.0
8.1;0.044858865439891815,0.0,-0.029508769512176514;1.0,0.0,0.0,0.0
8.11;0.04346032440662384,0.0,-0.028588786721229553;1.0,0.0,0.0,0.0
8.12;0.042075447738170624,0.0,-0.027677789330482483;1.0,0.0,0.0,0.0
8.13;0.04070466011762619,0.0,-0.02677607536315918;1.0,0.0,0.0,0.0
8.14;0.03934846818447113,0.0,-0.025883957743644714;1.0,0.0,0.0,0.0
8.15;0.038007304072380066,0.0,-0.025001712143421173;1.0,0.0,0.0,0.0
8.16;0.03668159246444702,0.0,-0.02412964403629303;1.0,0.0,0.0,0.0
8.17;0.03537176549434662,0.0,-0.02326802909374237;1.0,0.0,0.0,0.0
8.18;0.03407832980155945,0.0,-0.022417187690734863;1.0,0.0,0.0,0.0
8.19;0.032801687717437744,0.0,-0.021577395498752594;1.0,0.0,0.0,0.0
8.2;0.0315423309803009,0.0,-0.020748957991600037;1.0,0.0,0.0,0.0
8.21;0.030300647020339966,0.0,-0.019932180643081665;1.0,0.0,0.0,0.0
8.22;0.029077142477035522,0.0,-0.019127339124679565;1.0,0.0,0.0,0.0
8.23;0.027872204780578613,0.0,-0.018334724009037018;1.0,0.0,0.0,0.0
8.24;0.026686355471611023,0.0,-0.017554640769958496;1.0,0.0,0.0,0.0
8.25;0.02551998198032379,0.0,-0.01678740233182907;1.0,0.0,0.0,0.0
8.26;0.024373546242713928,0.0,-0.01603325456380844;1.0,0.0,0.0,0.0
8.27;0.023247525095939636,0.0,-0.015292555093765259;1.0,0.0,0.0,0.0
8.28;0.022142350673675537,0.0,-0.014565549790859222;1.0,0.0,0.0,0.0
8.29;0.021058470010757446,0.0,-0.013852551579475403;1.0,0.0,0.0,0.0
8.3;0.01999633014202118,0.0,-0.013153858482837677;1.0,0.0,0.0,0.0
8.31;0.018956348299980164,0.0,-0.012469761073589325;1.0,0.0,0.0,0.0
8.32;0.01793903112411499,0.0,-0.011800535023212433;1.0,0.0,0.0,0.0
8.33;0.016944780945777893,0.0,-0.01114652305841446;1.0,0.0,0.0,0.0
8.34;0.01597408950328827,0.0,-0.0105079784989357;1.0,0.0,0.0,0.0
8.35;0.015027359127998352,0.0,-0.00988519936800003;1.0,0.0,0.0,0.0
8.36;0.014105051755905151,0.0,-0.00927850604057312;1.0,0.0,0.0,0.0
8.37;0.01320764422416687,0.0,-0.008688181638717651;1.0,0.0,0.0,0.0
8.38;0.012335538864135742,0.0,-0.008114472031593323;1.0,0.0,0.0,0.0
8.39;0.011489227414131165,0.0,-0.007557764649391174;1.0,0.0,0.0,0.0
8.4;0.010669127106666565,0.0,-0.007018297910690308;1.0,0.0,0.0,0.0
8.41;0.009875699877738953,0.0,-0.0064963698387146;1.0,0.0,0.0,0.0
8.42;0.009109392762184143,0.0,-0.005992263555526733;1.0,0.0,0.0,0.0
8.43;0.008370637893676758,0.0,-0.005506306886672974;1.0,0.0,0.0,0.0
8.44;0.007659927010536194,0.0,-0.005038797855377197;1.0,0.0,0.0,0.0
8.45;0.006977647542953491,0.0,-0.0045900046825408936;1.0,0.0,0.0,0.0
8.46;0.006324291229248047,0.0,-0.004160210490226746;1.0,0.0,0.0,0.0
8.47;0.00570032000541687,0.0,-0.0037497282028198242;1.0,0.0,0.0,0.0
8.48;0.005106091499328613,0.0,-0.0033588707447052;1.0,0.0,0.0,0.0
8.49;0.00454220175743103,0.0,-0.0029879212379455566;1.0,0.0,0.0,0.0
8.5;0.004008978605270386,0.0,-0.002637147903442383;1.0,0.0,0.0,0.0
8.51;0.003506898880004883,0.0,-0.002306893467903137;1.0,0.0,0.0,0.0
8.52;0.0030364692211151123,0.0,-0.001997426152229309;1.0,0.0,0.0,0.0
8.53;0.002598017454147339,0.0,-0.0017090141773223877;1.0,0.0,0.0,0.0
8.54;0.0021921098232269287,0.0,-0.0014419853687286377;1.0,0.0,0.0,0.0
8.55;0.0018191337585449219,0.0,-0.001196637749671936;1.0,0.0,0.0,0.0
8.56;0.0014795362949371338,0.0,-0.0009732544422149658;1.0,0.0,0.0,0.0
8.57;0.0011738240718841553,0.0,-0.0007721483707427979;1.0,0.0,0.0,0.0
8.58;0.0009023845195770264,0.0,-0.0005935728549957275;1.0,0.0,0.0,0.0
8.59;0.0006656050682067871,0.0,-0.0004378706216812134;1.0,0.0,0.0,0.0
8.6;0.0004641115665435791,0.0,-0.0003052949905395508;1.0,0.0,0.0,0.0
8.61;0.0002982020378112793,0.0,-0.00019618868827819824;1.0,0.0,0.0,0.0
8.62;0.0001684427261352539,0.0,-0.00011080503463745117;1.0,0.0,0.0,0.0
8.63;7.513165473937988e-05,0.0,-4.945695400238037e-05;1.0,0.0,0.0,0.0
8.64;1.8835067749023438e-05,0.0,-1.2427568435668945e-05;1.0,0.0,0.0,0.0
8.65;0.0,0.0,0.0;1.0,0.0,0.0,0.0
8.66;0.0,0.0,0.0;1.0,0.0,0.0,0.0
8.67;0.0,0.0,0.0;1.0,0.0,0.0,0.0
8.68;0.0,0.0,0.0;1.0,0.0,0.0,0.0
8.69;0.0,0.0,0.0;1.0,0.0,0.0,0.0
8.7;0.0,0.0,0.0;1.0,0.0,0.0,0.0
8.71;0.0,0.0,0.0;1.0,0.0,0.0,0.0
8.72;0.0,0.0,0.0;1.0,0.0,0.0,0.0
8.73;0.0,0.0,0.0;1.0,0.0,0.0,0.0
8.74;0.0,0.0,0.0;1.0,0.0,0.0,0.0
8.75;0.0,0.0,0.0;1.0,0.0,0.0,0.0
8.76;0.0,0.0,0.0;1.0,0.0,0.0,0.0
8.77;0.0,0.0,0.0;1.0,0.0,0.0,0.0
8.78;0.0,0.0,0.0;1.0,0.0,0.0,0.0
8.79;0.0,0.0,0.0;1.0,0.0,0.0,0.0
8.8;0.0,0.0,0.0;1.0,0.0,0.0,0.0
8.81;0.0,0.0,0.0;1.0,0.0,0.0,0.0
8.82;0.0,0.0,0.0;1.0,0.0,0.0,0.0
8.83;0.0,0.0,0.0;1.0,0.0,0.0,0.0
8.84;0.0,0.0,0.0;1.0,0.0,0.0,0.0
8.85;0.0,0.0,0.0;1.0,0.0,0.0,0.0
8.86;0.0,0.0,0.0;1.0,0.0,0.0,0.0
8.87;0.0,0.0,0.0;1.0,0.0,0.0,0.0
8.88;0.0,0.0,0.0;1.0,0.0,0.0,0.0
8.89;0.0,0.0,0.0;1.0,0.0,0.0,0.0
8.9;0.0,0.0,0.0;1.0,0.0,0.0,0.0
8.91;0.0,0.0,0.0;1.0,0.0,0.0,0.0
8.92;0.0,0.0,0.0;1.0,0.0,0.0,0.0
8.93;0.0,0.0,0.0;1.0,0.0,0.0,0.0
8.94;0.0,0.0,0.0;1.0,0.0,0.0,0.0
8.95;0.0,0.0,0.0;1.0,0.0,0.0,0.0
8.96;0.0,0.0,0.0;1.0,0.0,0.0,0.0
8.97;0.0,0.0,0.0;1.0,0.0,0.0,0.0
8.98;0.0,0.0,0.0;1.0,0.0,0.0,0.0
8.99;0.0,0.0,0.0;1.0,0.0,0.0,0.0
9.0;0.0,0.0,0.0;1.0,0.0,0.0,0.0
9.01;0.0,0.0,0.0;1.0,0.0,0.0,0.0
9.02;0.0,0.0,0.0;1.0,0.0,0.0,0.0
9.03;0.0,0.0,0.0;1.0,0.0,0.0,0.0
9.04;0.0,0.0,0.0;1.0,0.0,0.0,0.0
9.05;0.0,0.0,0.0;1.0,0.0,0.0,0.0
9.06;0.0,0.0,0.0;1.0,0.0,0.0,0.0
9.07;0.0,0.0,0.0;1.0,0.0,0.0,0.0
9.08;0.0,0.0,0.0;1.0,0.0,0.0,0.0
9.09;0.0,0.0,0.0;1.0,0.0,0.0,0.0
9.1;0.0,0.0,0.0;1.0,0.0,0.0,0.0
9.11;0.0,0.0,0.0;1.0,0.0,0.0,0.0
9.12;0.0,0.0,0.0;1.0,0.0,0.0,0.0
9.13;0.0,0.0,0.0;1.0,0.0,0.0,0.0
9.14;0.0,0.0,0.0;1.0,0.0,0.0,0.0
9.15;0.0,0.0,0.0;1.0,0.0,0.0,0.0
9.16;0.0,0.0,0.0;1.0,0.0,0.0,0.0
9.17;0.0,0.0,0.0;1.0,0.0,0.0,0.0
9.18;0.0,0.0,0.0;1.0,0.0,0.0,0.0
9.19;0.0,0.0,0.0;1.0,0.0,0.0,0.0
9.2;0.0,0.0,0.0;1.0,0.0,0.0,0.0
9.21;0.0,0.0,0.0;1.0,0.0,0.0,0.0
9.22;0.0,0.0,0.0;1.0,0.0,0.0,0.0
9.23;0.0,0.0,0.0;1.0,0.0,0.0,0.0
9.24;0.0,0.0,0.0;1.0,0.0,0.0,0.0
9.25;0.0,0.0,0.0;1.0,0.0,0.0,0.0
9.26;0.0,0.0,0.0;1.0,0.0,0.0,0.0
9.27;0.0,0.0,0.0;1.0,0.0,0.0,0.0
9.28;0.0,0.0,0.0;1.0,0.0,0.0,0.0
9.29;0.0,0.0,0.0;1.0,0.0,0.0,0.0
9.3;0.0,0.0,0.0;1.0,0.0,0.0,0.0
9.31;0.0,0.0,0.0;1.0,0.0,0.0,0.0
9.32;0.0,0.0,0.0;1.0,0.0,0.0,0.0
9.33;0.0,0.0,0.0;1.0,0.0,0.0,0.0
9.34;0.0,0.0,0.0;1.0,0.0,0.0,0.0
9.35;0.0,0.0,0.0;1.0,0.0,0.0,0.0
9.36;0.0,0.0,0.0;1.0,0.0,0.0,0.0
9.37;0.0,0.0,0.0;1.0,0.0,0.0,0.0
9.38;0.0,0.0,0.0;1.0,0.0,0.0,0.0
9.39;0.0,0.0,0.0;1.0,0.0,0.0,0.0
9.4;0.0,0.0,0.0;1.0,0.0,0.0,0.0
9.41;0.0,0.0,0.0;1.0,0.0,0.0,0.0
9.42;0.0,0.0,0.0;1.0,0.0,0.0,0.0
9.43;0.0,0.0,0.0;1.0,0.0,0.0,0.0
9.44;0.0,0.0,0.0;1.0,0.0,0.0,0.0
9.45;0.0,0.0,0.0;1.0,0.0,0.0,0.0
9.46;0.0,0.0,0.0;1.0,0.0,0.0,0.0
9.47;0.0,0.0,0.0;1.0,0.0,0.0,0.0
9.48;0.0,0.0,0.0;1.0,0.0,0.0,0.0
9.49;0.0,0.0,0.0;1.0,0.0,0.0,0.0
9.5;0.0,0.0,0.0;1.0,0.0,0.0,0.0
9.51;0.0,0.0,0.0;1.0,0.0,0.0,0.0
9.52;0.0,0.0,0.0;1.0,0.0,0.0,0.0
9.53;0.0,0.0,0.0;1.0,0.0,0.0,0.0
9.54;0.0,0.0,0.0;1.0,0.0,0.0,0.0
9.55;0.0,0.0,0.0;1.0,0.0,0.0,0.0
9.56;0.0,0.0,0.0;1.0,0.0,0.0,0.0
9.57;0.0,0.0,0.0;1.0,0.0,0.0,0.0
9.58;0.0,0.0,0.0;1.0,0.0,0.0,0.0
9.59;0.0,0.0,0.0;1.0,0.0,0.0,0.0
9.6;0.0,0.0,0.0;1.0,0.0,0.0,0.0
9.61;0.0,0.0,0.0;1.0,0.0,0.0,0.0
9.62;0.0,0.0,0.0;1.0,0.0,0.0,0.0
9.63;2.905263681896031e-05,0.0,0.0;1.0,0.0,0.0,0.0
9.64;0.00011560686107259244,0.0,0.0;1.0,0.0,0.0,0.0
9.65;0.00025875712162815034,0.0,0.0;1.0,0.0,0.0,0.0
9.66;0.00045759789645671844,0.0,0.0;1.0,0.0,0.0,0.0
9.67;0.0007112236926332116,0.0,0.0;1.0,0.0,0.0,0.0
9.68;0.0010187288280576468,0.0,0.0;1.0,0.0,0.0,0.0
9.69;0.0013792079407721758,0.0,0.0;1.0,0.0,0.0,0.0
9.7;0.001791755435988307,0.0,0.0;1.0,0.0,0.0,0.0
9.71;0.0022554658353328705,0.0,0.0;1.0,0.0,0.0,0.0
9.72;0.0027694334276020527,0.0,0.0;1.0,0.0,0.0,0.0
9.73;0.0033327527344226837,0.0,0.0;1.0,0.0,0.0,0.0
9.74;0.00394451804459095,0.0,0.0;1.0,0.0,0.0,0.0
9.75;0.0046038250438869,0.0,0.0;1.0,0.0,0.0,0.0
9.76;0.005309765692800283,0.0,0.0;1.0,0.0,0.0,0.0
9.77;0.006061437074095011,0.0,0.0;1.0,0.0,0.0,0.0
9.78;0.006857931613922119,0.0,0.0;1.0,0.0,0.0,0.0
9.79;0.007698345929384232,0.0,0.0;1.0,0.0,0.0,0.0
9.8;0.008581772446632385,0.0,0.0;1.0,0.0,0.0,0.0
9.81;0.009507305920124054,0.0,0.0;1.0,0.0,0.0,0.0
9.82;0.010474042035639286,0.0,0.0;1.0,0.0,0.0,0.0
9.83;0.01148107461631298,0.0,0.0;1.0,0.0,0.0,0.0
9.84;0.012527498416602612,0.0,0.0;1.0,0.0,0.0,0.0
9.85;0.013612405396997929,0.0,0.0;1.0,0.0,0.0,0.0
9.86;0.014734894037246704,0.0,0.0;1.0,0.0,0.0,0.0
9.87;0.015894057229161263,0.0,0.0;1.0,0.0,0.0,0.0
9.88;0.017088990658521652,0.0,0.0;1.0,0.0,0.0,0.0
9.89;0.01831878162920475,0.0,0.0;1.0,0.0,0.0,0.0
9.9;0.019582534208893776,0.0,0.0;1.0,0.0,0.0,0.0
9.91;0.020879337564110756,0.0,0.0;1.0,0.0,0.0,0.0
9.92;0.022208290174603462,0.0,0.0;1.0,0.0,0.0,0.0
9.93;0.02356848120689392,0.0,0.0;1.0,0.0,0.0,0.0
9.94;0.024959007278084755,0.0,0.0;1.0,0.0,0.0,0.0
9.95;0.026378966867923737,0.0,0.0;1.0,0.0,0.0,0.0
9.96;0.027827447280287743,0.0,0.0;1.0,0.0,0.0,0.0
9.97;0.029303548857569695,0.0,0.0;1.0,0.0,0.0,0.0
9.98;0.030806362628936768,0.0,0.0;1.0,0.0,0.0,0.0
9.99;0.03233497962355614,0.0,0.0;1.0,0.0,0.0,0.0
10.0;0.03388850390911102,0.0,0.0;1.0,0.0,0.0,0.0
10.01;0.0354660302400589,0.0,0.0;1.0,0.0,0.0,0.0
10.02;0.037066638469696045,0.0,0.0;1.0,0.0,0.0,0.0
10.03;0.03868943452835083,0.0,0.0;1.0,0.0,0.0,0.0
10.04;0.04033351317048073,0.0,0.0;1.0,0.0,0.0,0.0
10.05;0.04199796915054321,0.0,0.0;1.0,0.0,0.0,0.0
10.06;0.04368188977241516,0.0,0.0;1.0,0.0,0.0,0.0
10.07;0.04538436979055405,0.0,0.0;1.0,0.0,0.0,0.0
10.08;0.04710451140999794,0.0,0.0;1.0,0.0,0.0,0.0
10.09;0.04884140193462372,0.0,0.0;1.0,0.0,0.0,0.0
10.1;0.05059414729475975,0.0,0.0;1.0,0.0,0.0,0.0
10.11;0.052361831068992615,0.0,0.0;1.0,0.0,0.0,0.0
10.12;0.054143548011779785,0.0,0.0;1.0,0.0,0.0,0.0
10.13;0.05593840777873993,0.0,0.0;1.0,0.0,0.0,0.0
10.14;0.05774548277258873,0.0,0.0;1.0,0.0,0.0,0.0
10.15;0.059563860297203064,0.0,0.0;1.0,0.0,0.0,0.0
10.16;0.06139267235994339,0.0,0.0;1.0,0.0,0.0,0.0
10.17;0.06323099136352539,0.0,0.0;1.0,0.0,0.0,0.0
10.18;0.06507790833711624,0.0,0.0;1.0,0.0,0.0,0.0
10.19;0.06693252176046371,0.0,0.0;1.0,0.0,0.0,0.0
10.2;0.06879393011331558,0.0,0.0;1.0,0.0,0.0,0.0
10.21;0.07066122442483902,0.0,0.0;1.0,0.0,0.0,0.0
10.22;0.0725334957242012,0.0,0.0;1.0,0.0,0.0,0.0
10.23;0.0744098350405693,0.0,0.0;1.0,0.0,0.0,0.0
10.24;0.0762893557548523,0.0,0.0;1.0,0.0,0.0,0.0
10.25;0.07817114144563675,0.0,0.0;1.0,0.0,0.0,0.0
10.26;0.08005427569150925,0.0,0.0;1.0,0.0,0.0,0.0
10.27;0.08193786442279816,0.0,0.0;1.0,0.0,0.0,0.0
10.28;0.08382101356983185,0.0,0.0;1.0,0.0,0.0,0.0
10.29;0.0857027918100357,0.0,0.0;1.0,0.0,0.0,0.0
10.3;0.0875823050737381,0.0,0.0;1.0,0.0,0.0,0.0
10.31;0.08945866674184799,0.0,0.0;1.0,0.0,0.0,0.0
10.32;0.09133093059062958,0.0,0.0;1.0,0.0,0.0,0.0
10.33;0.09319823235273361,0.0,0.0;1.0,0.0,0.0,0.0
10.34;0.09505962580442429,0.0,0.0;1.0,0.0,0.0,0.0
10.35;0.09691423177719116,0.0,0.0;1.0,0.0,0.0,0.0
10.36;0.09876114130020142,0.0,0.0;1.0,0.0,0.0,0.0
10.37;0.10059947520494461,0.0,0.0;1.0,0.0,0.0,0.0
10.38;0.10242827236652374,0.0,0.0;1.0,0.0,0.0,0.0
10.39;0.10424666106700897,0.0,0.0;1.0,0.0,0.0,0.0
10.4;0.10605375468730927,0.0,0.0;1.0,0.0,0.0,0.0
10.41;0.10784859955310822,0.0,0.0;1.0,0.0,0.0,0.0
10.42;0.10963031649589539,0.0,0.0;1.0,0.0,0.0,0.0
10.43;0.11139800399541855,0.0,0.0;1.0,0.0,0.0,0.0
10.44;0.11315073817968369,0.0,0.0;1.0,0.0,0.0,0.0
10.45;0.11488763988018036,0.0,0.0;1.0,0.0,0.0,0.0
10.46;0.11660777777433395,0.0,0.0;1.0,0.0,0.0,0.0
10.47;0.11831025779247284,0.0,0.0;1.0,0.0,0.0,0.0
10.48;0.11999419331550598,0.0,0.0;1.0,0.0,0.0,0.0
10.49;0.12165863811969757,0.0,0.0;1.0,0.0,0.0,0.0
10.5;0.12330271303653717,0.0,0.0;1.0,0.0,0.0,0.0
10.51;0.12492550164461136,0.0,0.0;1.0,0.0,0.0,0.0
10.52;0.1265261173248291,0.0,0.0;1.0,0.0,0.0,0.0
10.53;0.12810364365577698,0.0,0.0;1.0,0.0,0.0,0.0
10.54;0.12965714931488037,0.0,0.0;1.0,0.0,0.0,0.0
10.55;0.13118578493595123,0.0,0.0;1.0,0.0,0.0,0.0
10.56;0.13268858194351196,0.0,0.0;1.0,0.0,0.0,0.0
10.57;0.1341646909713745,0.0,0.0;1.0,0.0,0.0,0.0
10.58;0.13561317324638367,0.0,0.0;1.0,0.0,0.0,0.0
10.59;0.1370331346988678,0.0,0.0;1.0,0.0,0.0,0.0
10.6;0.13842365145683289,0.0,0.0;1.0,0.0,0.0,0.0
10.61;0.1397838443517685,0.0,0.0;1.0,0.0,0.0,0.0
10.62;0.1411127895116806,0.0,0.0;1.0,0.0,0.0,0.0
10.63;0.14240960776805878,0.0,0.0;1.0,0.0,0.0,0.0
10.64;0.143673375248909,0.0,0.0;1.0,0.0,0.0,0.0
10.65;0.14490316808223724,0.0,0.0;1.0,0.0,0.0,0.0
10.66;0.14609810709953308,0.0,0.0;1.0,0.0,0.0,0.0
10.67;0.1472572535276413,0.0,0.0;1.0,0.0,0.0,0.0
10.68;0.14837971329689026,0.0,0.0;1.0,0.0,0.0,0.0
10.69;0.14946462213993073,0.0,0.0;1.0,0.0,0.0,0.0
10.7;0.15051107108592987,0.0,0.0;1.0,0.0,0.0,0.0
10.71;0.1515181064605713,0.0,0.0;1.0,0.0,0.0,0.0
10.72;0.15248483419418335,0.0,0.0;1.0,0.0,0.0,0.0
10.73;0.15341036021709442,0.0,0.0;1.0,0.0,0.0,0.0
10.74;0.15429379045963287,0.0,0.0;1.0,0.0,0.0,0.0
10.75;0.1551342010498047,0.0,0.0;1.0,0.0,0.0,0.0
10.76;0.15593069791793823,0.0,0.0;1.0,0.0,0.0,0.0
10.77;0.15668237209320068,0.0,0.0;1.0,0.0,0.0,0.0
10.78;0.15738831460475922,0.0,0.0;1.0,0.0,0.0,0.0
10.79;0.1580476462841034,0.0,0.0;1.0,0.0,0.0,0.0
10.8;0.15865938365459442,0.0,0.0;1.0,0.0,0.0,0.0
10.81;0.15922269225120544,0.0,0.0;1.0,0.0,0.0,0.0
10.82;0.15973666310310364,0.0,0.0;1.0,0.0,0.0,0.0
10.83;0.16020038723945618,0.0,0.0;1.0,0.0,0.0,0.0
10.84;0.16061291098594666,0.0,0.0;1.0,0.0,0.0,0.0
10.85;0.16097339987754822,0.0,0.0;1.0,0.0,0.0,0.0
10.86;0.16128093004226685,0.0,0.0;1.0,0.0,0.0,0.0
10.87;0.16153451800346375,0.0,0.0;1.0,0.0,0.0,0.0
10.88;0.16173338890075684,0.0,0.0;1.0,0.0,0.0,0.0
10.89;0.16187652945518494,0.0,0.0;1.0,0.0,0.0,0.0
10.9;0.1619630753993988,0.0,0.0;1.0,0.0,0.0,0.0
10.91;0.161992147564888,0.0,0.0;1.0,0.0,0.0,0.0
10.92;0.16195149719715118,0.0,0.0;1.0,0.0,0.0,0.0
10.93;0.16183052957057953,0.0,0.0;1.0,0.0,0.0,0.0
10.94;0.1616307646036148,0.0,0.0;1.0,0.0,0.0,0.0
10.95;0.1613536924123764,0.0,0.0;1.0,0.0,0.0,0.0
10.96;0.1610008329153061,0.0,0.0;1.0,0.0,0.0,0.0
10.97;0.16057364642620087,0.0,0.0;1.0,0.0,0.0,0.0
10.98;0.1600736826658249,0.0,0.0;1.0,0.0,0.0,0.0
10.99;0.15950240194797516,0.0,0.0;1.0,0.0,0.0,0.0
11.0;0.15886132419109344,0.0,0.0;1.0,0.0,0.0,0.0
11.01;0.15815196931362152,0.0,0.0;1.0,0.0,0.0,0.0
11.02;0.15737579762935638,0.0,0.0;1.0,0.0,0.0,0.0
11.03;0.1565343290567398,0.0,0.0;1.0,0.0,0.0,0.0
11.04;0.15562906861305237,0.0,0.0;1.0,0.0,0.0,0.0
11.05;0.15466152131557465,0.0,0.0;1.0,0.0,0.0,0.0
11.06;0.15363317728042603,0.0,0.0;1.0,0.0,0.0,0.0
11.07;0.15254554152488708,0.0,0.0;1.0,0.0,0.0,0.0
11.08;0.1514001041650772,0.0,0.0;1.0,0.0,0.0,0.0
11.09;0.15019840002059937,0.0,0.0;1.0,0.0,0.0,0.0
11.1;0.14894188940525055,0.0,0.0;1.0,0.0,0.0,0.0
11.11;0.14763210713863373,0.0,0.0;1.0,0.0,0.0,0.0
11.12;0.1462705135345459,0.0,0.0;1.0,0.0,0.0,0.0
11.13;0.14485865831375122,0.0,0.0;1.0,0.0,0.0,0.0
11.14;0.1433980017900467,0.0,0.0;1.0,0.0,0.0,0.0
11.15;0.14189007878303528,0.0,0.0;1.0,0.0,0.0,0.0
11.16;0.14033636450767517,0.0,0.0;1.0,0.0,0.0,0.0
11.17;0.13873837888240814,0.0,0.0;1.0,0.0,0.0,0.0
11.18;0.13709759712219238,0.0,0.0;1.0,0.0,0.0,0.0
11.19;0.13541553914546967,0.0,0.0;1.0,0.0,0.0,0.0
11.2;0.13369370996952057,0.0,0.0;1.0,0.0,0.0,0.0
11.21;0.13193359971046448,0.0,0.0;1.0,0.0,0.0,0.0
11.22;0.13013671338558197,0.0,0.0;1.0,0.0,0.0,0.0
11.23;0.12830455601215363,0.0,0.0;1.0,0.0,0.0,0.0
11.24;0.12643863260746002,0.0,0.0;1.0,0.0,0.0,0.0
11.25;0.12454041838645935,0.0,0.0;1.0,0.0,0.0,0.0
11.26;0.12261144071817398,0.0,0.0;1.0,0.0,0.0,0.0
11.27;0.1206531971693039,0.0,0.0;1.0,0.0,0.0,0.0
11.28;0.11866717785596848,0.0,0.0;1.0,0.0,0.0,0.0
11.29;0.1166548952460289,0.0,0.0;1.0,0.0,0.0,0.0
11.3;0.11461783945560455,0.0,0.0;1.0,0.0,0.0,0.0
11.31;0.11255752295255661,0.0,0.0;1.0,0.0,0.0,0.0
11.32;0.11047543585300446,0.0,0.0;1.0,0.0,0.0,0.0
11.33;0.10837308317422867,0.0,0.0;1.0,0.0,0.0,0.0
11.34;0.10625196993350983,0.0,0.0;1.0,0.0,0.0,0.0
11.35;0.10411359369754791,0.0,0.0;1.0,0.0,0.0,0.0
11.36;0.1019594594836235,0.0,0.0;1.0,0.0,0.0,0.0
11.37;0.09979106485843658,0.0,0.0;1.0,0.0,0.0,0.0
11.38;0.09760990738868713,0.0,0.0;1.0,0.0,0.0,0.0
11.39;0.09541749954223633,0.0,0.0;1.0,0.0,0.0,0.0
11.4;0.09321532398462296,0.0,0.0;1.0,0.0,0.0,0.0
11.41;0.09100490063428879,0.0,0.0;1.0,0.0,0.0,0.0
11.42;0.08878772705793381,0.0,0.0;1.0,0.0,0.0,0.0
11.43;0.0865652859210968,0.0,0.0;1.0,0.0,0.0,0.0
11.44;0.08433910459280014,0.0,0.0;1.0,0.0,0.0,0.0
11.45;0.08211066573858261,0.0,0.0;1.0,0.0,0.0,0.0
11.46;0.07988148182630539,0.0,0.0;1.0,0.0,0.0,0.0
11.47;0.07765305042266846,0.0,0.0;1.0,0.0,0.0,0.0
11.48;0.0754268541932106,0.0,0.0;1.0,0.0,0.0,0.0
11.49;0.0732044130563736,0.0,0.0;1.0,0.0,0.0,0.0
11.5;0.07098723948001862,0.0,0.0;1.0,0.0,0.0,0.0
11.51;0.06877681612968445,0.0,0.0;1.0,0.0,0.0,0.0
11.52;0.06657464802265167,0.0,0.0;1.0,0.0,0.0,0.0
11.53;0.06438224762678146,0.0,0.0;1.0,0.0,0.0,0.0
11.54;0.062201082706451416,0.0,0.0;1.0,0.0,0.0,0.0
11.55;0.06003269553184509,0.0,0.0;1.0,0.0,0.0,0.0
11.56;0.05787854641675949,0.0,0.0;1.0,0.0,0.0,0.0
11.57;0.05574017018079758,0.0,0.0;1.0,0.0,0.0,0.0
11.58;0.05361906439065933,0.0,0.0;1.0,0.0,0.0,0.0
11.59;0.051516711711883545,0.0,0.0;1.0,0.0,0.0,0.0
11.6;0.04943461716175079,0.0,0.0;1.0,0.0,0.0,0.0
11.61;0.04737430810928345,0.0,0.0;1.0,0.0,0.0,0.0
11.62;0.0453372523188591,0.0,0.0;1.0,0.0,0.0,0.0
11.63;0.04332497715950012,0.0,0.0;1.0,0.0,0.0,0.0
11.64;0.041338950395584106,0.0,0.0;1.0,0.0,0.0,0.0
11.65;0.03938070684671402,0.0,0.0;1.0,0.0,0.0,0.0
11.66;0.03745172917842865,0.0,0.0;1.0,0.0,0.0,0.0
11.67;0.035553522408008575,0.0,0.0;1.0,0.0,0.0,0.0
11.68;0.033687591552734375,0.0,0.0;1.0,0.0,0.0,0.0
11.69;0.03185542672872543,0.0,0.0;1.0,0.0,0.0,0.0
11.7;0.030058547854423523,0.0,0.0;1.0,0.0,0.0,0.0
11.71;0.028298452496528625,0.0,0.0;1.0,0.0,0.0,0.0
11.72;0.026576608419418335,0.0,0.0;1.0,0.0,0.0,0.0
11.73;0.02489456534385681,0.0,0.0;1.0,0.0,0.0,0.0
11.74;0.023253783583641052,0.0,0.0;1.0,0.0,0.0,0.0
11.75;0.021655797958374023,0.0,0.0;1.0,0.0,0.0,0.0
11.76;0.020102068781852722,0.0,0.0;1.0,0.0,0.0,0.0
11.77;0.01859414577484131,0.0,0.0;1.0,0.0,0.0,0.0
11.78;0.017133504152297974,0.0,0.0;1.0,0.0,0.0,0.0
11.79;0.015721619129180908,0.0,0.0;1.0,0.0,0.0,0.0
11.8;0.01436007022857666,0.0,0.0;1.0,0.0,0.0,0.0
11.81;0.013050273060798645,0.0,0.0;1.0,0.0,0.0,0.0
11.82;0.011793777346611023,0.0,0.0;1.0,0.0,0.0,0.0
11.83;0.010592028498649597,0.0,0.0;1.0,0.0,0.0,0.0
11.84;0.00944662094116211,0.0,0.0;1.0,0.0,0.0,0.0
11.85;0.008359000086784363,0.0,0.0;1.0,0.0,0.0,0.0
11.86;0.0073306262493133545,0.0,0.0;1.0,0.0,0.0,0.0
11.87;0.00636310875415802,0.0,0.0;1.0,0.0,0.0,0.0
11.88;0.0054578036069869995,0.0,0.0;1.0,0.0,0.0,0.0
11.89;0.004616394639015198,0.0,0.0;1.0,0.0,0.0,0.0
11.9;0.0038401931524276733,0.0,0.0;1.0,0.0,0.0,0.0
11.91;0.0031308382749557495,0.0,0.0;1.0,0.0,0.0,0.0
11.92;0.002489745616912842,0.0,0.0;1.0,0.0,0.0,0.0
11.93;0.0019184648990631104,0.0,0.0;1.0,0.0,0.0,0.0
11.94;0.001418471336364746,0.0,0.0;1.0,0.0,0.0,0.0
11.95;0.0009913444519042969,0.0,0.0;1.0,0.0,0.0,0.0
11.96;0.0006384551525115967,0.0,0.0;1.0,0.0,0.0,0.0
11.97;0.00036138296127319336,0.0,0.0;1.0,0.0,0.0,0.0
11.98;0.00016158819198608398,0.0,0.0;1.0,0.0,0.0,0.0
11.99;4.0650367736816406e-05,0.0,0.0;1.0,0.0,0.0,0.0
