0.0;0.0,0.0,0.0;1.0,0.0,0.0,0.0
0.01;0.0,0.0,0.0;1.0,0.0,0.0,0.0
0.02;0.0,0.0,0.0;1.0,0.0,0.0,0.0
0.03;0.0,0.0,0.0;1.0,0.0,0.0,0.0
0.04;0.0,0.0,0.0;1.0,0.0,0.0,0.0
0.05;0.0,0.0,0.0;1.0,0.0,0.0,0.0
0.06;0.0,0.0,0.0;1.0,0.0,0.0,0.0
0.07;0.0,0.0,0.0;1.0,0.0,0.0,0.0
0.08;0.0,0.0,0.0;1.0,0.0,0.0,0.0
0.09;0.0,0.0,0.0;1.0,0.0,0.0,0.0
0.1;0.0,0.0,0.0;1.0,0.0,0.0,0.0
0.11;0.0,0.0,0.0;1.0,0.0,0.0,0.0
0.12;0.0,0.0,0.0;1.0,0.0,0.0,0.0
0.13;0.0,0.0,0.0;1.0,0.0,0.0,0.0
0.14;0.0,0.0,0.0;1.0,0.0,0.0,0.0
0.15;0.0,0.0,0.0;1.0,0.0,0.0,0.0
0.16;0.0,0.0,0.0;1.0,0.0,0.0,0.0
0.17;0.0,0.0,0.0;1.0,0.0,0.0,0.0
0.18;0.0,0.0,0.0;1.0,0.0,0.0,0.0
0.19;0.0,0.0,0.0;1.0,0.0,0.0,0.0
0.2;0.0,0.0,0.0;1.0,0.0,0.0,0.0
0.21;0.0,0.0,0.0;1.0,0.0,0.0,0.0
0.22;0.0,0.0,0.0;1.0,0.0,0.0,0.0
0.23;0.0,0.0,0.0;1.0,0.0,0.0,0.0
0.24;0.0,0.0,0.0;1.0,0.0,0.0,0.0
0.25;0.0,0.0,0.0;1.0,0.0,0.0,0.0
0.26;0.0,0.0,0.0;1.0,0.0,0.0,0.0
0.27;0.0,0.0,0.0;1.0,0.0,0.0,0.0
0.28;0.0,0.0,0.0;1.0,0.0,0.0,0.0
0.29;0.0,0.0,0.0;1.0,0.0,0.0,0.0
0.3;0.0,0.0,0.0;1.0,0.0,0.0,0.0
0.31;0.0,0.0,0.0;1.0,0.0,0.0,0.0
0.32;0.0,0.0,0.0;1.0,0.0,0.0,0.0
0.33;0.0,0.0,0.0;1.0,0.0,0.0,0.0
0.34;0.0,0.0,0.0;1.0,0.0,0.0,0.0
0.35;0.0,0.0,0.0;1.0,0.0,0.0,0.0
0.36;0.0,0.0,0.0;1.0,0.0,0.0,0.0
0.37;0.0,0.0,0.0;1.0,0.0,0.0,0.0
0.38;0.0,0.0,0.0;1.0,0.0,0.0,0.0
0.39;0.0,0.0,0.0;1.0,0.0,0.0,0.0
0.4;0.0,0.0,0.0;1.0,0.0,0.0,0.0
0.41;0.0,0.0,0.0;1.0,0.0,0.0,0.0
0.42;0.0,0.0,0.0;1.0,0.0,0.0,0.0
0.43;0.0,0.0,0.0;1.0,0.0,0.0,0.0
0.44;0.0,0.0,0.0;1.0,0.0,0.0,0.0
0.45;0.0,0.0,0.0;1.0,0.0,0.0,0.0
0.46;0.0,0.0,0.0;1.0,0.0,0.0,0.0
0.47;0.0,0.0,0.0;1.0,0.0,0.0,0.0
0.48;0.0,0.0,0.0;1.0,0.0,0.0,0.0
0.49;0.0,0.0,0.0;1.0,0.0,0.0,0.0
0.5;0.0,0.0,0.0;1.0,0.0,0.0,0.0
0.51;0.0,0.0,0.0;1.0,0.0,0.0,0.0
0.52;0.0,0.0,0.0;1.0,0.0,0.0,0.0
0.53;0.0,0.0,0.0;1.0,0.0,0.0,0.0
0.54;0.0,0.0,0.0;1.0,0.0,0.0,0.0
0.55;0.0,0.0,0.0;1.0,0.0,0.0,0.0
0.56;0.0,0.0,0.0;1.0,0.0,0.0,0.0
0.57;0.0,0.0,0.0;1.0,0.0,0.0,0.0
0.58;0.0,0.0,0.0;1.0,0.0,0.0,0.0
0.59;0.0,0.0,0.0;1.0,0.0,0.0,0.0
0.6;0.0,0.0,0.0;1.0,0.0,0.0,0.0
0.61;0.0,0.0,0.0;1.0,0.0,0.0,0.0
0.62;0.0,0.0,0.0;1.0,0.0,0.0,0.0
0.63;0.0,0.0,0.0;1.0,0.0,0.0,0.0
0.64;0.0,0.0,0.0;1.0,0.0,0.0,0.0
0.65;0.0,0.0,0.0;1.0,0.0,0.0,0.0
0.66;0.0,0.0,0.0;1.0,0.0,0.0,0.0
0.67;0.0,0.0,0.0;1.0,0.0,0.0,0.0
0.68;0.0,0.0,0.0;1.0,0.0,0.0,0.0
0.69;0.0,0.0,0.0;1.0,0.0,0.0,0.0
0.7;0.0,0.0,0.0;1.0,0.0,0.0,0.0
0.71;0.0,0.0,0.0;1.0,0.0,0.0,0.0
0.72;0.0,0.0,0.0;1.0,0.0,0.0,0.0
0.73;0.0,0.0,0.0;1.0,0.0,0.0,0.0
0.74;0.0,0.0,0.0;1.0,0.0,0.0,0.0
0.75;0.0,0.0,0.0;1.0,0.0,0.0,0.0
0.76;0.0,0.0,0.0;1.0,0.0,0.0,0.0
0.77;0.0,0.0,0.0;1.0,0.0,0.0,0.0
0.78;0.0,0.0,0.0;1.0,0.0,0.0,0.0
0.79;0.0,0.0,0.0;1.0,0.0,0.0,0.0
0.8;0.0,0.0,0.0;1.0,0.0,0.0,0.0
0.81;0.0,0.0,0.0;1.0,0.0,0.0,0.0
0.82;0.0,0.0,0.0;1.0,0.0,0.0,0.0
0.83;0.0,0.0,0.0;1.0,0.0,0.0,0.0
0.84;0.0,0.0,0.0;1.0,0.0,0.0,0.0
0.85;0.0,0.0,0.0;1.0,0.0,0.0,0.0
0.86;0.0,0.0,0.0;1.0,0.0,0.0,0.0
0.87;0.0,0.0,0.0;1.0,0.0,0.0,0.0
0.88;0.0,0.0,0.0;1.0,0.0,0.0,0.0
0.89;0.0,0.0,0.0;1.0,0.0,0.0,0.0
0.9;0.0,0.0,0.0;1.0,0.0,0.0,0.0
0.91;0.0,0.0,0.0;1.0,0.0,0.0,0.0
0.92;0.0,0.0,0.0;1.0,0.0,0.0,0.0
0.93;0.0,0.0,0.0;1.0,0.0,0.0,0.0
0.94;0.0,0.0,0.0;1.0,0.0,0.0,0.0
0.95;0.0,0.0,0.0;1.0,0.0,0.0,0.0
0.96;0.0,0.0,0.0;1.0,0.0,0.0,0.0
0.97;0.0,0.0,0.0;1.0,0.0,0.0,0.0
0.98;0.0,0.0,0.0;1.0,0.0,0.0,0.0
0.99;0.0,0.0,0.0;1.0,0.0,0.0,0.0
1.0;0.0,0.0,0.0;1.0,0.0,0.0,0.0
1.01;0.0,0.0,0.0;1.0,0.0,0.0,0.0
1.02;0.0,0.0,0.0;1.0,0.0,0.0,0.0
1.03;0.0,0.0,0.0;1.0,0.0,0.0,0.0
1.04;0.0,0.0,0.0;1.0,0.0,0.0,0.0
1.05;0.0,0.0,0.0;1.0,0.0,0.0,0.0
1.06;0.0,0.0,0.0;1.0,0.0,0.0,0.0
1.07;0.0,0.0,0.0;1.0,0.0,0.0,0.0
1.08;0.0,0.0,0.0;1.0,0.0,0.0,0.0
1.09;0.0,0.0,0.0;1.0,0.0,0.0,0.0
1.1;0.0,0.0,0.0;1.0,0.0,0.0,0.0
1.11;0.0,0.0,0.0;1.0,0.0,0.0,0.0
1.12;0.0,0.0,0.0;1.0,0.0,0.0,0.0
1.13;0.0,0.0,0.0;1.0,0.0,0.0,0.0
1.14;0.0,0.0,0.0;1.0,0.0,0.0,0.0
1.15;0.0,0.0,0.0;1.0,0.0,0.0,0.0
1.16;0.0,0.0,0.0;1.0,0.0,0.0,0.0
1.17;0.0,0.0,0.0;1.0,0.0,0.0,0.0
1.18;0.0,0.0,0.0;1.0,0.0,0.0,0.0
1.19;0.0,0.0,0.0;1.0,0.0,0.0,0.0
1.2;0.0,0.0,0.0;1.0,0.0,0.0,0.0
1.21;0.0,0.0,0.0;1.0,0.0,0.0,0.0
1.22;0.0,0.0,0.0;1.0,0.0,0.0,0.0
1.23;0.0,0.0,0.0;1.0,0.0,0.0,0.0
1.24;0.0,0.0,0.0;1.0,0.0,0.0,0.0
1.25;0.0,0.0,0.0;1.0,0.0,0.0,0.0
1.26;0.0,0.0,0.0;1.0,0.0,0.0,0.0
1.27;0.0,0.0,0.0;1.0,0.0,0.0,0.0
1.28;0.0,0.0,0.0;1.0,0.0,0.0,0.0
1.29;0.0,0.0,0.0;1.0,0.0,0.0,0.0
1.3;0.0,0.0,0.0;1.0,0.0,0.0,0.0
1.31;0.0,0.0,0.0;1.0,0.0,0.0,0.0
1.32;0.0,0.0,0.0;1.0,0.0,0.0,0.0
1.33;0.0,0.0,0.0;1.0,0.0,0.0,0.0
1.34;0.0,0.0,0.0;1.0,0.0,0.0,0.0
1.35;0.0,0.0,0.0;1.0,0.0,0.0,0.0
1.36;0.0,0.0,0.0;1.0,0.0,0.0,0.0
1.37;0.0,0.0,0.0;1.0,0.0,0.0,0.0
1.38;0.0,0.0,0.0;1.0,0.0,0.0,0.0
1.39;0.0,0.0,0.0;1.0,0.0,0.0,0.0
1.4;0.0,0.0,0.0;1.0,0.0,0.0,0.0
1.41;0.0,0.0,0.0;1.0,0.0,0.0,0.0
1.42;0.0,0.0,0.0;1.0,0.0,0.0,0.0
1.43;0.0,0.0,0.0;1.0,0.0,0.0,0.0
1.44;0.0,0.0,0.0;1.0,0.0,0.0,0.0
1.45;0.0,0.0,0.0;1.0,0.0,0.0,0.0
1.46;0.0,0.0,0.0;1.0,0.0,0.0,0.0
1.47;0.0,0.0,0.0;1.0,0.0,0.0,0.0
1.48;0.0,0.0,0.0;1.0,0.0,0.0,0.0
1.49;0.0,0.0,0.0;1.0,0.0,0.0,0.0
1.5;0.0,0.0,0.0;1.0,0.0,0.0,0.0
1.51;0.0,0.0,0.0;1.0,0.0,0.0,0.0
1.52;0.0,0.0,0.0;1.0,0.0,0.0,0.0
1.53;0.0,0.0,0.0;1.0,0.0,0.0,0.0
1.54;0.0,0.0,0.0;1.0,0.0,0.0,0.0
1.55;0.0,0.0,0.0;1.0,0.0,0.0,0.0
1.56;0.0,0.0,0.0;1.0,0.0,0.0,0.0
1.57;0.0,0.0,0.0;1.0,0.0,0.0,0.0
1.58;0.0,0.0,0.0;1.0,0.0,0.0,0.0
1.59;0.0,0.0,0.0;1.0,0.0,0.0,0.0
1.6;0.0,0.0,0.0;1.0,0.0,0.0,0.0
1.61;0.0,0.0,0.0;1.0,0.0,0.0,0.0
1.62;0.0,0.0,0.0;1.0,0.0,0.0,0.0
1.63;0.0,0.0,0.0;1.0,0.0,0.0,0.0
1.64;0.0,0.0,0.0;1.0,0.0,0.0,0.0
1.65;0.0,0.0,0.0;1.0,0.0,0.0,0.0
1.66;0.0,0.0,0.0;1.0,0.0,0.0,0.0
1.67;0.0,0.0,0.0;1.0,0.0,0.0,0.0
1.68;0.0,0.0,0.0;1.0,0.0,0.0,0.0
1.69;0.0,0.0,0.0;1.0,0.0,0.0,0.0
1.7;0.0,0.0,0.0;1.0,0.0,0.0,0.0
1.71;0.0,0.0,0.0;1.0,0.0,0.0,0.0
1.72;0.0,0.0,0.0;1.0,0.0,0.0,0.0
1.73;0.0,0.0,0.0;1.0,0.0,0.0,0.0
1.74;0.0,0.0,0.0;1.0,0.0,0.0,0.0
1.75;0.0,0.0,0.0;1.0,0.0,0.0,0.0
1.76;0.0,0.0,0.0;1.0,0.0,0.0,0.0
1.77;0.0,0.0,0.0;1.0,0.0,0.0,0.0
1.78;0.0,0.0,0.0;1.0,0.0,0.0,0.0
1.79;0.0,0.0,0.0;1.0,0.0,0.0,0.0
1.8;0.0,0.0,0.0;1.0,0.0,0.0,0.0
1.81;0.0,0.0,0.0;1.0,0.0,0.0,0.0
1.82;0.0,0.0,0.0;1.0,0.0,0.0,0.0
1.83;0.0,0.0,0.0;1.0,0.0,0.0,0.0
1.84;0.0,0.0,0.0;1.0,0.0,0.0,0.0
1.85;0.0,0.0,0.0;1.0,0.0,0.0,0.0
1.86;0.0,0.0,0.0;1.0,0.0,0.0,0.0
1.87;0.0,0.0,0.0;1.0,0.0,0.0,0.0
1.88;0.0,0.0,0.0;1.0,0.0,0.0,0.0
1.89;0.0,0.0,0.0;1.0,0.0,0.0,0.0
1.9;0.0,0.0,0.0;1.0,0.0,0.0,0.0
1.91;0.0,0.0,0.0;1.0,0.0,0.0,0.0
1.92;0.0,0.0,0.0;1.0,0.0,0.0,0.0
1.93;0.0,0.0,0.0;1.0,0.0,0.0,0.0
1.94;0.0,0.0,0.0;1.0,0.0,0.0,0.0
1.95;0.0,0.0,0.0;1.0,0.0,0.0,0.0
1.96;0.0,0.0,0.0;1.0,0.0,0.0,0.0
1.97;0.0,0.0,0.0;1.0,0.0,0.0,0.0
1.98;0.0,0.0,0.0;1.0,0.0,0.0,0.0
1.99;0.0,0.0,0.0;1.0,0.0,0.0,0.0
2.0;0.0,0.0,0.0;1.0,0.0,0.0,0.0
2.01;0.0,0.0,0.0;1.0,0.0,0.0,0.0
2.02;0.0,0.0,0.0;1.0,0.0,0.0,0.0
2.03;0.0,0.0,0.0;1.0,0.0,0.0,0.0
2.04;0.0,0.0,0.0;1.0,0.0,0.0,0.0
2.05;0.0,0.0,0.0;1.0,0.0,0.0,0.0
2.06;0.0,0.0,0.0;1.0,0.0,0.0,0.0
2.07;0.0,0.0,0.0;1.0,0.0,0.0,0.0
2.08;0.0,0.0,0.0;1.0,0.0,0.0,0.0
2.09;0.0,0.0,0.0;1.0,0.0,0.0,0.0
2.1;0.0,0.0,0.0;1.0,0.0,0.0,0.0
2.11;0.0,0.0,0.0;1.0,0.0,0.0,0.0
2.12;0.0,0.0,0.0;1.0,0.0,0.0,0.0
2.13;0.0,0.0,0.0;1.0,0.0,0.0,0.0
2.14;0.0,0.0,0.0;1.0,0.0,0.0,0.0
2.15;0.0,0.0,0.0;1.0,0.0,0.0,0.0
2.16;0.0,0.0,0.0;1.0,0.0,0.0,0.0
2.17;0.0,0.0,0.0;1.0,0.0,0.0,0.0
2.18;0.0,0.0,0.0;1.0,0.0,0.0,0.0
2.19;0.0,0.0,0.0;1.0,0.0,0.0,0.0
2.2;0.0,0.0,0.0;1.0,0.0,0.0,0.0
2.21;0.0,0.0,0.0;1.0,0.0,0.0,0.0
2.22;0.0,0.0,0.0;1.0,0.0,0.0,0.0
2.23;0.0,0.0,0.0;1.0,0.0,0.0,0.0
2.24;0.0,0.0,0.0;1.0,0.0,0.0,0.0
2.25;0.0,0.0,0.0;1.0,0.0,0.0,0.0
2.26;0.0,0.0,0.0;1.0,0.0,0.0,0.0
2.27;0.0,0.0,0.0;1.0,0.0,0.0,0.0
2.28;0.0,0.0,0.0;1.0,0.0,0.0,0.0
2.29;0.0,0.0,0.0;1.0,0.0,0.0,0.0
2.3;0.0,0.0,0.0;1.0,0.0,0.0,0.0
2.31;0.0,0.0,0.0;1.0,0.0,0.0,0.0
2.32;0.0,0.0,0.0;1.0,0.0,0.0,0.0
2.33;0.0,0.0,0.0;1.0,0.0,0.0,0.0
2.34;0.0,0.0,0.0;1.0,0.0,0.0,0.0
2.35;0.0,0.0,0.0;1.0,0.0,0.0,0.0
2.36;0.0,0.0,0.0;1.0,0.0,0.0,0.0
2.37;0.0,0.0,0.0;1.0,0.0,0.0,0.0
2.38;0.0,0.0,0.0;1.0,0.0,0.0,0.0
2.39;0.0,0.0,0.0;1.0,0.0,0.0,0.0
2.4;0.0,0.0,0.0;1.0,0.0,0.0,0.0
2.41;0.0,0.0,0.0;1.0,0.0,0.0,0.0
2.42;0.0,0.0,0.0;1.0,0.0,0.0,0.0
2.43;0.0,0.0,0.0;1.0,0.0,0.0,0.0
2.44;0.0,0.0,0.0;1.0,0.0,0.0,0.0
2.45;0.0,0.0,0.0;1.0,0.0,0.0,0.0
2.46;0.0,0.0,0.0;1.0,0.0,0.0,0.0
2.47;0.0,0.0,0.0;1.0,0.0,0.0,0.0
2.48;0.0,0.0,0.0;1.0,0.0,0.0,0.0
2.49;0.0,0.0,0.0;1.0,0.0,0.0,0.0
2.5;0.0,0.0,0.0;1.0,0.0,0.0,0.0
2.51;0.0,0.0,0.0;1.0,0.0,0.0,0.0
2.52;0.0,0.0,0.0;1.0,0.0,0.0,0.0
2.53;0.0,0.0,0.0;1.0,0.0,0.0,0.0
2.54;0.0,0.0,0.0;1.0,0.0,0.0,0.0
2.55;0.0,0.0,0.0;1.0,0.0,0.0,0.0
2.56;0.0,0.0,0.0;1.0,0.0,0.0,0.0
2.57;0.0,0.0,0.0;1.0,0.0,0.0,0.0
2.58;0.0,0.0,0.0;1.0,0.0,0.0,0.0
2.59;0.0,0.0,0.0;1.0,0.0,0.0,0.0
2.6;0.0,0.0,0.0;1.0,0.0,0.0,0.0
2.61;0.0,0.0,0.0;1.0,0.0,0.0,0.0
2.62;0.0,0.0,0.0;1.0,0.0,0.0,0.0
2.63;0.0,0.0,0.0;1.0,0.0,0.0,0.0
2.64;0.0,0.0,0.0;1.0,0.0,0.0,0.0
2.65;0.0,0.0,0.0;1.0,0.0,0.0,0.0
2.66;0.0,0.0,0.0;1.0,0.0,0.0,0.0
2.67;0.0,0.0,0.0;1.0,0.0,0.0,0.0
2.68;0.0,0.0,0.0;1.0,0.0,0.0,0.0
2.69;0.0,0.0,0.0;1.0,0.0,0.0,0.0
2.7;0.0,0.0,0.0;1.0,0.0,0.0,0.0
2.71;0.0,0.0,0.0;1.0,0.0,0.0,0.0
2.72;0.0,0.0,0.0;1.0,0.0,0.0,0.0
2.73;0.0,0.0,0.0;1.0,0.0,0.0,0.0
2.74;0.0,0.0,0.0;1.0,0.0,0.0,0.0
2.75;0.0,0.0,0.0;1.0,0.0,0.0,0.0
2.76;0.0,0.0,0.0;1.0,0.0,0.0,0.0
2.77;0.0,0.0,0.0;1.0,0.0,0.0,0.0
2.78;0.0,0.0,0.0;1.0,0.0,0.0,0.0
2.79;0.0,0.0,0.0;1.0,0.0,0.0,0.0
2.8;0.0,0.0,0.0;1.0,0.0,0.0,0.0
2.81;0.0,0.0,0.0;1.0,0.0,0.0,0.0
2.82;0.0,0.0,0.0;1.0,0.0,0.0,0.0
2.83;0.0,0.0,0.0;1.0,0.0,0.0,0.0
2.84;0.0,0.0,0.0;1.0,0.0,0.0,0.0
2.85;0.0,0.0,0.0;1.0,0.0,0.0,0.0
2.86;0.0,0.0,0.0;1.0,0.0,0.0,0.0
2.87;0.0,0.0,0.0;1.0,0.0,0.0,0.0
2.88;0.0,0.0,0.0;1.0,0.0,0.0,0.0
2.89;0.0,0.0,0.0;1.0,0.0,0.0,0.0
2.9;0.0,0.0,0.0;1.0,0.0,0.0,0.0
2.91;0.0,0.0,0.0;1.0,0.0,0.0,0.0
2.92;0.0,0.0,0.0;1.0,0.0,0.0,0.0
2.93;0.0,0.0,0.0;1.0,0.0,0.0,0.0
2.94;0.0,0.0,0.0;1.0,0.0,0.0,0.0
2.95;0.0,0.0,0.0;1.0,0.0,0.0,0.0
2.96;0.0,0.0,0.0;1.0,0.0,0.0,0.0
2.97;0.0,0.0,0.0;1.0,0.0,0.0,0.0
2.98;0.0,0.0,0.0;1.0,0.0,0.0,0.0
2.99;0.0,0.0,0.0;1.0,0.0,0.0,0.0
3.0;0.0,0.0,0.0;1.0,0.0,0.0,0.0
3.01;0.0,0.0,0.0;1.0,0.0,0.0,0.0
3.02;0.0,0.0,0.0;1.0,0.0,0.0,0.0
3.03;0.0,0.0,0.0;1.0,0.0,0.0,0.0
3.04;0.0,0.0,0.0;1.0,0.0,0.0,0.0
3.05;0.0,0.0,0.0;1.0,0.0,0.0,0.0
3.06;0.0,0.0,0.0;1.0,0.0,0.0,0.0
3.07;0.0,0.0,0.0;1.0,0.0,0.0,0.0
3.08;0.0,0.0,0.0;1.0,0.0,0.0,0.0
3.09;0.0,0.0,0.0;1.0,0.0,0.0,0.0
3.1;0.0,0.0,0.0;1.0,0.0,0.0,0.0
3.11;0.0,0.0,0.0;1.0,0.0,0.0,0.0
3.12;0.0,0.0,0.0;1.0,0.0,0.0,0.0
3.13;0.0,0.0,0.0;1.0,0.0,0.0,0.0
3.14;0.0,0.0,0.0;1.0,0.0,0.0,0.0
3.15;0.0,0.0,0.0;1.0,0.0,0.0,0.0
3.16;0.0,0.0,0.0;1.0,0.0,0.0,0.0
3.17;0.0,0.0,0.0;1.0,0.0,0.0,0.0
3.18;0.0,0.0,0.0;1.0,0.0,0.0,0.0
3.19;0.0,0.0,0.0;1.0,0.0,0.0,0.0
3.2;0.0,0.0,0.0;1.0,0.0,0.0,0.0
3.21;0.0,0.0,0.0;1.0,0.0,0.0,0.0
3.22;0.0,0.0,0.0;1.0,0.0,0.0,0.0
3.23;0.0,0.0,0.0;1.0,0.0,0.0,0.0
3.24;0.0,0.0,0.0;1.0,0.0,0.0,0.0
3.25;0.0,0.0,0.0;1.0,0.0,0.0,0.0
3.26;0.0,0.0,0.0;1.0,0.0,0.0,0.0
3.27;0.0,0.0,0.0;1.0,0.0,0.0,0.0
3.28;0.0,0.0,0.0;1.0,0.0,0.0,0.0
3.29;0.0,0.0,0.0;1.0,0.0,0.0,0.0
3.3;0.0,0.0,0.0;1.0,0.0,0.0,0.0
3.31;0.0,0.0,0.0;1.0,0.0,0.0,0.0
3.32;0.0,0.0,0.0;1.0,0.0,0.0,0.0
3.33;0.0,0.0,0.0;1.0,0.0,0.0,0.0
3.34;0.0,0.0,0.0;1.0,0.0,0.0,0.0
3.35;0.0,0.0,0.0;1.0,0.0,0.0,0.0
3.36;0.0,0.0,0.0;1.0,0.0,0.0,0.0
3.37;0.0,0.0,0.0;1.0,0.0,0.0,0.0
3.38;0.0,0.0,0.0;1.0,0.0,0.0,0.0
3.39;0.0,0.0,0.0;1.0,0.0,0.0,0.0
3.4;0.0,0.0,0.0;1.0,0.0,0.0,0.0
3.41;0.0,0.0,0.0;1.0,0.0,0.0,0.0
3.42;0.0,0.0,0.0;1.0,0.0,0.0,0.0
3.43;0.0,0.0,0.0;1.0,0.0,0.0,0.0
3.44;0.0,0.0,0.0;1.0,0.0,0.0,0.0
3.45;0.0,0.0,0.0;1.0,0.0,0.0,0.0
3.46;0.0,0.0,0.0;1.0,0.0,0.0,0.0
3.47;0.0,0.0,0.0;1.0,0.0,0.0,0.0
3.48;0.0,0.0,0.0;1.0,0.0,0.0,0.0
3.49;0.0,0.0,0.0;1.0,0.0,0.0,0.0
3.5;0.0,0.0,0.0;1.0,0.0,0.0,0.0
3.51;0.0,0.0,0.0;1.0,0.0,0.0,0.0
3.52;0.0,0.0,0.0;1.0,0.0,0.0,0.0
3.53;0.0,0.0,0.0;1.0,0.0,0.0,0.0
3.54;0.0,0.0,0.0;1.0,0.0,0.0,0.0
3.55;0.0,0.0,0.0;1.0,0.0,0.0,0.0
3.56;0.0,0.0,0.0;1.0,0.0,0.0,0.0
3.57;0.0,0.0,0.0;1.0,0.0,0.0,0.0
3.58;0.0,0.0,0.0;1.0,0.0,0.0,0.0
3.59;0.0,0.0,0.0;1.0,0.0,0.0,0.0
3.6;0.0,0.0,0.0;1.0,0.0,0.0,0.0
3.61;0.0,0.0,0.0;1.0,0.0,0.0,0.0
3.62;0.0,0.0,0.0;1.0,0.0,0.0,0.0
3.63;0.0,0.0,0.0;1.0,0.0,0.0,0.0
3.64;0.0,0.0,0.0;1.0,0.0,0.0,0.0
3.65;0.0,0.0,0.0;1.0,0.0,0.0,0.0
3.66;0.0,0.0,0.0;1.0,0.0,0.0,0.0
3.67;0.0,0.0,0.0;1.0,0.0,0.0,0.0
3.68;0.0,0.0,0.0;1.0,0.0,0.0,0.0
3.69;0.0,0.0,0.0;1.0,0.0,0.0,0.0
3.7;0.0,0.0,0.0;1.0,0.0,0.0,0.0
3.71;0.0,0.0,0.0;1.0,0.0,0.0,0.0
3.72;0.0,0.0,0.0;1.0,0.0,0.0,0.0
3.73;0.0,0.0,0.0;1.0,0.0,0.0,0.0
3.74;0.0,0.0,0.0;1.0,0.0,0.0,0.0
3.75;0.0,0.0,0.0;1.0,0.0,0.0,0.0
3.76;0.0,0.0,0.0;1.0,0.0,0.0,0.0
3.77;0.0,0.0,0.0;1.0,0.0,0.0,0.0
3.78;0.0,0.0,0.0;1.0,0.0,0.0,0.0
3.79;0.0,0.0,0.0;1.0,0.0,0.0,0.0
3.8;0.0,0.0,0.0;1.0,0.0,0.0,0.0
3.81;0.0,0.0,0.0;1.0,0.0,0.0,0.0
3.82;0.0,0.0,0.0;1.0,0.0,0.0,0.0
3.83;0.0,0.0,0.0;1.0,0.0,0.0,0.0
3.84;0.0,0.0,0.0;1.0,0.0,0.0,0.0
3.85;0.0,0.0,0.0;1.0,0.0,0.0,0.0
3.86;0.0,0.0,0.0;1.0,0.0,0.0,0.0
3.87;0.0,0.0,0.0;1.0,0.0,0.0,0.0
3.88;0.0,0.0,0.0;1.0,0.0,0.0,0.0
3.89;0.0,0.0,0.0;1.0,0.0,0.0,0.0
3.9;0.0,0.0,0.0;1.0,0.0,0.0,0.0
3.91;0.0,0.0,0.0;1.0,0.0,0.0,0.0
3.92;0.0,0.0,0.0;1.0,0.0,0.0,0.0
3.93;0.0,0.0,0.0;1.0,0.0,0.0,0.0
3.94;0.0,0.0,0.0;1.0,0.0,0.0,0.0
3.95;0.0,0.0,0.0;1.0,0.0,0.0,0.0
3.96;0.0,0.0,0.0;1.0,0.0,0.0,0.0
3.97;0.0,0.0,0.0;1.0,0.0,0.0,0.0
3.98;0.0,0.0,0.0;1.0,0.0,0.0,0.0
3.99;0.0,0.0,0.0;1.0,0.0,0.0,0.0
4.0;0.0,0.0,0.0;1.0,0.0,0.0,0.0
4.01;0.0,0.0,0.0;1.0,0.0,0.0,0.0
4.02;0.0,0.0,0.0;1.0,0.0,0.0,0.0
4.03;0.0,0.0,0.0;1.0,0.0,0.0,0.0
4.04;0.0,0.0,0.0;1.0,0.0,0.0,0.0
4.05;0.0,0.0,0.0;1.0,0.0,0.0,0.0
4.06;0.0,-1.4387510418600868e-05,5.3356666285253596e-06;1.0,0.0,0.0,0.0
4.07;0.0,-5.7287852541776374e-05,2.1245432435534894e-05;1.0,0.0,0.0,0.0
4.08;0.0,-0.00012830774358008057,4.7583449486410245e-05;1.0,0.0,0.0,0.0
4.09;0.0,-0.00022705391165800393,8.420386438956484e-05;1.0,0.0,0.0,0.0
4.1;0.0,-0.0003531331312842667,0.0001309608487645164;1.0,0.0,0.0,0.0
4.11;0.0,-0.0005061519332230091,0.00018770850147120655;1.0,0.0,0.0,0.0
4.12;0.0,-0.0006857172702439129,0.00025430103414691985;1.0,0.0,0.0,0.0
4.13;0.0,-0.0008914357167668641,0.0003305925347376615;1.0,0.0,0.0,0.0
4.14;0.0,-0.001122914138250053,0.0004164372512605041;1.0,0.0,0.0,0.0
4.15;0.0,-0.0013797591673210263,0.0005116892862133682;1.0,0.0,0.0,0.0
4.16;0.0,-0.0016615771455690265,0.0006162025965750217;1.0,0.0,0.0,0.0
4.17;0.0,-0.001967975404113531,0.0007298316922970116;1.0,0.0,0.0,0.0
4.18;0.0,-0.002298560691997409,0.0008524305303581059;1.0,0.0,0.0,0.0
4.19;0.0,-0.0026529389433562756,0.0009838532423600554;1.0,0.0,0.0,0.0
4.2;0.0,-0.0030307178385555744,0.001123954076319933;1.0,0.0,0.0,0.0
4.21;0.0,-0.0034315031953155994,0.0012725868728011847;1.0,0.0,0.0,0.0
4.22;0.0,-0.0038549022283405066,0.0014296062290668488;1.0,0.0,0.0,0.0
4.23;0.0,-0.004300522152334452,0.0015948660438880324;1.0,0.0,0.0,0.0
4.24;0.0,-0.004767968785017729,0.0017682205652818084;1.0,0.0,0.0,0.0
4.25;0.0,-0.005256849341094494,0.0019495240412652493;1.0,0.0,0.0,0.0
4.26;0.0,-0.005766770336776972,0.0021386300213634968;1.0,0.0,0.0,0.0
4.27;0.0,-0.0062973378226161,0.002335393102839589;1.0,0.0,0.0,0.0
4.28;0.0,-0.006848159246146679,0.0025396677665412426;1.0,0.0,0.0,0.0
4.29;0.0,-0.007418842054903507,0.0027513077948242426;1.0,0.0,0.0,0.0
4.3;0.0,-0.008008993230760098,0.0029701674357056618;1.0,0.0,0.0,0.0
4.31;0.0,-0.008618217892944813,0.003196100937202573;1.0,0.0,0.0,0.0
4.32;0.0,-0.009246123023331165,0.003428962081670761;1.0,0.0,0.0,0.0
4.33;0.0,-0.009892314672470093,0.003668605349957943;1.0,0.0,0.0,0.0
4.34;0.0,-0.010556402616202831,0.003914884757250547;1.0,0.0,0.0,0.0
4.35;0.0,-0.011237990111112595,0.004167654551565647;1.0,0.0,0.0,0.0
4.36;0.0,-0.011936684139072895,0.00442676804959774;1.0,0.0,0.0,0.0
4.37;0.0,-0.012652094475924969,0.004692080430686474;1.0,0.0,0.0,0.0
4.38;0.0,-0.013383826240897179,0.004963445942848921;1.0,0.0,0.0,0.0
4.39;0.0,-0.014131484553217888,0.0052407183684408665;1.0,0.0,0.0,0.0
4.4;0.0,-0.014894678257405758,0.005523752421140671;1.0,0.0,0.0,0.0
4.41;0.0,-0.015673015266656876,0.0058124009519815445;1.0,0.0,0.0,0.0
4.42;0.0,-0.01646609418094158,0.006106517743319273;1.0,0.0,0.0,0.0
4.43;0.0,-0.01727353408932686,0.00640596030279994;1.0,0.0,0.0,0.0
4.44;0.0,-0.018094930797815323,0.006710578687489033;1.0,0.0,0.0,0.0
4.45;0.0,-0.018929902464151382,0.007020230870693922;1.0,0.0,0.0,0.0
4.46;0.0,-0.019778041169047356,0.0073347678408026695;1.0,0.0,0.0,0.0
4.47;0.0,-0.02063896879553795,0.007654044311493635;1.0,0.0,0.0,0.0
4.48;0.0,-0.02151227742433548,0.007977915927767754;1.0,0.0,0.0,0.0
4.49;0.0,-0.022397585213184357,0.008306235074996948;1.0,0.0,0.0,0.0
4.5;0.0,-0.023294495418667793,0.008638857863843441;1.0,0.0,0.0,0.0
4.51;0.0,-0.024202609434723854,0.008975635282695293;1.0,0.0,0.0,0.0
4.52;0.0,-0.025121547281742096,0.009316426701843739;1.0,0.0,0.0,0.0
4.53;0.0,-0.02605089545249939,0.009661081247031689;1.0,0.0,0.0,0.0
4.54;0.0,-0.026990285143256187,0.010009456425905228;1.0,0.0,0.0,0.0
4.55;0.0,-0.02793930098414421,0.010361402295529842;1.0,0.0,0.0,0.0
4.56;0.0,-0.028897561132907867,0.01071677915751934;1.0,0.0,0.0,0.0
4.57;0.0,-0.02986467257142067,0.01107543520629406;1.0,0.0,0.0,0.0
4.58;0.0,-0.030840236693620682,0.011437226086854935;1.0,0.0,0.0,0.0
4.59;0.0,-0.031823866069316864,0.01180200930684805;1.0,0.0,0.0,0.0
4.6;0.0,-0.03281515836715698,0.01216963492333889;1.0,0.0,0.0,0.0
4.61;0.0,-0.033813729882240295,0.012539959512650967;1.0,0.0,0.0,0.0
4.62;0.0,-0.03481918200850487,0.01291283592581749;1.0,0.0,0.0,0.0
4.63;0.0,-0.03583113104104996,0.013288120739161968;1.0,0.0,0.0,0.0
4.64;0.0,-0.036849167197942734,0.01366566400974989;1.0,0.0,0.0,0.0
4.65;0.0,-0.037872910499572754,0.014045323245227337;1.0,0.0,0.0,0.0
4.66;0.0,-0.03890196233987808,0.014426950365304947;1.0,0.0,0.0,0.0
4.67;0.0,-0.03993592783808708,0.01481040008366108;1.0,0.0,0.0,0.0
4.68;0.0,-0.040974415838718414,0.015195529907941818;1.0,0.0,0.0,0.0
4.69;0.0,-0.04201703518629074,0.015582187101244926;1.0,0.0,0.0,0.0
4.7;0.0,-0.04306339472532272,0.01597023382782936;1.0,0.0,0.0,0.0
4.71;0.0,-0.04411309212446213,0.016359517350792885;1.0,0.0,0.0,0.0
4.72;0.0,-0.045165739953517914,0.016749897971749306;1.0,0.0,0.0,0.0
4.73;0.0,-0.046220939606428146,0.017141222953796387;1.0,0.0,0.0,0.0
4.74;0.0,-0.04727831110358238,0.017533354461193085;1.0,0.0,0.0,0.0
4.75;0.0,-0.04833744466304779,0.017926139757037163;1.0,0.0,0.0,0.0
4.76;0.0,-0.04939796030521393,0.01831943355500698;1.0,0.0,0.0,0.0
4.77;0.0,-0.05045946314930916,0.018713094294071198;1.0,0.0,0.0,0.0
4.78;0.0,-0.05152154341340065,0.019106972962617874;1.0,0.0,0.0,0.0
4.79;0.0,-0.05258382111787796,0.01950092241168022;1.0,0.0,0.0,0.0
4.8;0.0,-0.053645916283130646,0.019894804805517197;1.0,0.0,0.0,0.0
4.81;0.0,-0.05470741540193558,0.020288465544581413;1.0,0.0,0.0,0.0
4.82;0.0,-0.055767934769392014,0.02068176493048668;1.0,0.0,0.0,0.0
4.83;0.0,-0.056827060878276825,0.02107454463839531;1.0,0.0,0.0,0.0
4.84;0.0,-0.05788443610072136,0.021466676145792007;1.0,0.0,0.0,0.0
4.85;0.0,-0.05893963947892189,0.021858002990484238;1.0,0.0,0.0,0.0
4.86;0.0,-0.05999228358268738,0.02224837988615036;1.0,0.0,0.0,0.0
4.87;0.0,-0.061041977256536484,0.022637667134404182;1.0,0.0,0.0,0.0
4.88;0.0,-0.062088336795568466,0.02302571013569832;1.0,0.0,0.0,0.0
4.89;0.0,-0.06313095986843109,0.023412369191646576;1.0,0.0,0.0,0.0
4.9;0.0,-0.06416944414377213,0.023797499015927315;1.0,0.0,0.0,0.0
4.91;0.0,-0.06520341336727142,0.024180948734283447;1.0,0.0,0.0,0.0
4.92;0.0,-0.06623246520757675,0.02456257864832878;1.0,0.0,0.0,0.0
4.93;0.0,-0.06725620478391647,0.02494223415851593;1.0,0.0,0.0,0.0
4.94;0.0,-0.06827424466609955,0.02531978115439415;1.0,0.0,0.0,0.0
4.95;0.0,-0.06928619742393494,0.025695063173770905;1.0,0.0,0.0,0.0
4.96;0.0,-0.07029164582490921,0.02606794238090515;1.0,0.0,0.0,0.0
4.97;0.0,-0.07129020988941193,0.026438260450959206;1.0,0.0,0.0,0.0
4.98;0.0,-0.07228151708841324,0.02680589072406292;1.0,0.0,0.0,0.0
4.99;0.0,-0.07326515018939972,0.02717067115008831;1.0,0.0,0.0,0.0
5.0;0.0,-0.07424071431159973,0.027532467618584633;1.0,0.0,0.0,0.0
5.01;0.0,-0.07520779967308044,0.027891119942069054;1.0,0.0,0.0,0.0
5.02;0.0,-0.0761660784482956,0.028246495872735977;1.0,0.0,0.0,0.0
5.03;0.0,-0.07711510360240936,0.028598444536328316;1.0,0.0,0.0,0.0
5.04;0.0,-0.07805447280406952,0.02894681878387928;1.0,0.0,0.0,0.0
5.05;0.0,-0.078983835875988,0.029291469603776932;1.0,0.0,0.0,0.0
5.06;0.0,-0.0799027532339096,0.029632261022925377;1.0,0.0,0.0,0.0
5.07;0.0,-0.08081088215112686,0.029969044029712677;1.0,0.0,0.0,0.0
5.08;0.0,-0.08170779794454575,0.030301662161946297;1.0,0.0,0.0,0.0
5.09;0.0,-0.08259310573339462,0.03062998503446579;1.0,0.0,0.0,0.0
5.1;0.0,-0.08346640318632126,0.030953852459788322;1.0,0.0,0.0,0.0
5.11;0.0,-0.0843273401260376,0.03127313405275345;1.0,0.0,0.0,0.0
5.12;0.0,-0.08517546951770782,0.031587667763233185;1.0,0.0,0.0,0.0
5.13;0.0,-0.08601044863462448,0.031897321343421936;1.0,0.0,0.0,0.0
5.14;0.0,-0.08683185279369354,0.032201942056417465;1.0,0.0,0.0,0.0
5.15;0.0,-0.08763927221298218,0.032501380890607834;1.0,0.0,0.0,0.0
5.16;0.0,-0.08843236416578293,0.032795500010252;1.0,0.0,0.0,0.0
5.17;0.0,-0.08921069651842117,0.03308414667844772;1.0,0.0,0.0,0.0
5.18;0.0,-0.08997388184070587,0.033367179334163666;1.0,0.0,0.0,0.0
5.19;0.0,-0.09072154015302658,0.033644452691078186;1.0,0.0,0.0,0.0
5.2;0.0,-0.09145329147577286,0.033915821462869644;1.0,0.0,0.0,0.0
5.21;0.0,-0.09216869622468948,0.0341811329126358;1.0,0.0,0.0,0.0
5.22;0.0,-0.0928673967719078,0.03444024920463562;1.0,0.0,0.0,0.0
5.23;0.0,-0.0935489758849144,0.03469301760196686;1.0,0.0,0.0,0.0
5.24;0.0,-0.09421305358409882,0.034939296543598175;1.0,0.0,0.0,0.0
5.25;0.0,-0.09485925734043121,0.03517893701791763;1.0,0.0,0.0,0.0
5.26;0.0,-0.09548716247081757,0.03541180118918419;1.0,0.0,0.0,0.0
5.27;0.0,-0.09609638899564743,0.03563773259520531;1.0,0.0,0.0,0.0
5.28;0.0,-0.09668652713298798,0.035856589674949646;1.0,0.0,0.0,0.0
5.29;0.0,-0.09725721925497055,0.036068230867385864;1.0,0.0,0.0,0.0
5.3;0.0,-0.09780803322792053,0.036272503435611725;1.0,0.0,0.0,0.0
5.31;0.0,-0.09833860397338867,0.036469269543886185;1.0,0.0,0.0,0.0
5.32;0.0,-0.09884853661060333,0.03665837645530701;1.0,0.0,0.0,0.0
5.33;0.0,-0.09933741390705109,0.03683967515826225;1.0,0.0,0.0,0.0
5.34;0.0,-0.09980486333370209,0.03701303154230118;1.0,0.0,0.0,0.0
5.35;0.0,-0.1002504825592041,0.03717828914523125;1.0,0.0,0.0,0.0
5.36;0.0,-0.10067388415336609,0.03733530640602112;1.0,0.0,0.0,0.0
5.37;0.0,-0.10107466578483582,0.03748394176363945;1.0,0.0,0.0,0.0
5.38;0.0,-0.10145245492458344,0.03762403875589371;1.0,0.0,0.0,0.0
5.39;0.0,-0.10180681943893433,0.03775547072291374;1.0,0.0,0.0,0.0
5.4;0.0,-0.10213740170001984,0.037878070026636124;1.0,0.0,0.0,0.0
5.41;0.0,-0.10244378447532654,0.03799169138073921;1.0,0.0,0.0,0.0
5.42;0.0,-0.10272562503814697,0.03809621185064316;1.0,0.0,0.0,0.0
5.43;0.0,-0.10298246145248413,0.03819146007299423;1.0,0.0,0.0,0.0
5.44;0.0,-0.10321395099163055,0.03827729821205139;1.0,0.0,0.0,0.0
5.45;0.0,-0.10341964662075043,0.03835359960794449;1.0,0.0,0.0,0.0
5.46;0.0,-0.10359922051429749,0.0384201854467392;1.0,0.0,0.0,0.0
5.47;0.0,-0.1037522405385971,0.038476936519145966;1.0,0.0,0.0,0.0
5.48;0.0,-0.10387831926345825,0.03852368891239166;1.0,0.0,0.0,0.0
5.49;0.0,-0.10397708415985107,0.03856030851602554;1.0,0.0,0.0,0.0
5.5;0.0,-0.10404810309410095,0.03858664631843567;1.0,0.0,0.0,0.0
5.51;0.0,-0.10409098863601685,0.0386025607585907;1.0,0.0,0.0,0.0
5.52;0.0,-0.1041053757071495,0.038607899099588394;1.0,0.0,0.0,0.0
5.53;0.0,-0.10407363623380661,0.03860234096646309;1.0,0.0,0.0,0.0
5.54;0.0,-0.10397899150848389,0.038585763424634933;1.0,0.0,0.0,0.0
5.55;0.0,-0.10382234305143356,0.03855832666158676;1.0,0.0,0.0,0.0
5.56;0.0,-0.10360456258058548,0.03852018341422081;1.0,0.0,0.0,0.0
5.57;0.0,-0.10332655161619186,0.038471490144729614;1.0,0.0,0.0,0.0
5.58;0.0,-0.10298917442560196,0.03841239959001541;1.0,0.0,0.0,0.0
5.59;0.0,-0.10259334743022919,0.038343071937561035;1.0,0.0,0.0,0.0
5.6;0.0,-0.1021399274468422,0.03826365992426872;1.0,0.0,0.0,0.0
5.61;0.0,-0.10162980854511261,0.03817431256175041;1.0,0.0,0.0,0.0
5.62;0.0,-0.10106389224529266,0.038075197488069534;1.0,0.0,0.0,0.0
5.63;0.0,-0.1004430428147316,0.03796645626425743;1.0,0.0,0.0,0.0
5.64;0.0,-0.09976816177368164,0.037848252803087234;1.0,0.0,0.0,0.0
5.65;0.0,-0.09904012084007263,0.03772073984146118;1.0,0.0,0.0,0.0
5.66;0.0,-0.0982598215341568,0.03758407384157181;1.0,0.0,0.0,0.0
5.67;0.0,-0.09742813557386398,0.03743840754032135;1.0,0.0,0.0,0.0
5.68;0.0,-0.09654595702886581,0.037283897399902344;1.0,0.0,0.0,0.0
5.69;0.0,-0.09561417251825333,0.037120699882507324;1.0,0.0,0.0,0.0
5.7;0.0,-0.09463366121053696,0.03694896399974823;1.0,0.0,0.0,0.0
5.71;0.0,-0.09360531717538834,0.03676885366439819;1.0,0.0,0.0,0.0
5.72;0.0,-0.0925300121307373,0.03658052161335945;1.0,0.0,0.0,0.0
5.73;0.0,-0.09140865504741669,0.03638412058353424;1.0,0.0,0.0,0.0
5.74;0.0,-0.09024211764335632,0.0361798033118248;1.0,0.0,0.0,0.0
5.75;0.0,-0.08903127908706665,0.03596772998571396;1.0,0.0,0.0,0.0
5.76;0.0,-0.0877770334482193,0.03574805334210396;1.0,0.0,0.0,0.0
5.77;0.0,-0.0864802747964859,0.03552092984318733;1.0,0.0,0.0,0.0
5.78;0.0,-0.0851418673992157,0.035286515951156616;1.0,0.0,0.0,0.0
5.79;0.0,-0.08376271277666092,0.03504496067762375;1.0,0.0,0.0,0.0
5.8;0.0,-0.0823437049984932,0.03479642793536186;1.0,0.0,0.0,0.0
5.81;0.0,-0.08088570833206177,0.034541063010692596;1.0,0.0,0.0,0.0
5.82;0.0,-0.07938962429761887,0.03427903354167938;1.0,0.0,0.0,0.0
5.83;0.0,-0.07785633206367493,0.03401048481464386;1.0,0.0,0.0,0.0
5.84;0.0,-0.07628671824932098,0.033735573291778564;1.0,0.0,0.0,0.0
5.85;0.0,-0.07468166947364807,0.03345445543527603;1.0,0.0,0.0,0.0
5.86;0.0,-0.07304207980632782,0.0331672839820385;1.0,0.0,0.0,0.0
5.87;0.0,-0.07136882096529007,0.0328742191195488;1.0,0.0,0.0,0.0
5.88;0.0,-0.06966277211904526,0.032575417309999466;1.0,0.0,0.0,0.0
5.89;0.0,-0.0679248496890068,0.03227102383971214;1.0,0.0,0.0,0.0
5.9;0.0,-0.06615591794252396,0.03196120262145996;1.0,0.0,0.0,0.0
5.91;0.0,-0.06435686349868774,0.03164610639214516;1.0,0.0,0.0,0.0
5.92;0.0,-0.0625285729765892,0.03132588788866997;1.0,0.0,0.0,0.0
5.93;0.0,-0.06067194789648056,0.031000707298517227;1.0,0.0,0.0,0.0
5.94;0.0,-0.05878784880042076,0.030670713633298874;1.0,0.0,0.0,0.0
5.95;0.0,-0.05687717720866203,0.03033606708049774;1.0,0.0,0.0,0.0
5.96;0.0,-0.05494081228971481,0.029996920377016068;1.0,0.0,0.0,0.0
5.97;0.0,-0.05297964811325073,0.029653429985046387;1.0,0.0,0.0,0.0
5.98;0.0,-0.05099455639719963,0.029305750504136086;1.0,0.0,0.0,0.0
5.99;0.0,-0.048986442387104034,0.02895403653383255;1.0,0.0,0.0,0.0
6.0;0.0,-0.046956174075603485,0.028598442673683167;1.0,0.0,0.0,0.0
6.01;0.0,-0.04490464925765991,0.02823912538588047;1.0,0.0,0.0,0.0
6.02;0.0,-0.04283275827765465,0.027876242995262146;1.0,0.0,0.0,0.0
6.03;0.0,-0.04074136167764664,0.027509942650794983;1.0,0.0,0.0,0.0
6.04;0.0,-0.0386313758790493,0.027140386402606964;1.0,0.0,0.0,0.0
6.05;0.0,-0.03650365769863129,0.026767726987600327;1.0,0.0,0.0,0.0
6.06;0.0,-0.03435911983251572,0.026392117142677307;1.0,0.0,0.0,0.0
6.07;0.0,-0.032198622822761536,0.02601371705532074;1.0,0.0,0.0,0.0
6.08;0.0,-0.030023083090782166,0.02563267946243286;1.0,0.0,0.0,0.0
6.09;0.0,-0.027833353728055954,0.02524915710091591;1.0,0.0,0.0,0.0
6.1;0.0,-0.025630345568060875,0.024863308295607567;1.0,0.0,0.0,0.0
6.11;0.0,-0.023414939641952515,0.02447528950870037;1.0,0.0,0.0,0.0
6.12;0.0,-0.02118801698088646,0.02408525161445141;1.0,0.0,0.0,0.0
6.13;0.0,-0.018950454890727997,0.023693351075053215;1.0,0.0,0.0,0.0
6.14;0.0,-0.016703151166439056,0.023299746215343475;1.0,0.0,0.0,0.0
6.15;0.0,-0.014446988701820374,0.022904589772224426;1.0,0.0,0.0,0.0
6.16;0.0,-0.012182854115962982,0.022508032619953156;1.0,0.0,0.0,0.0
6.17;0.0,-0.009911622852087021,0.022110238671302795;1.0,0.0,0.0,0.0
6.18;0.0,-0.007634211331605911,0.021711358800530434;1.0,0.0,0.0,0.0
6.19;0.0,-0.005351461470127106,0.021311543881893158;1.0,0.0,0.0,0.0
6.2;0.0,-0.0030643120408058167,0.02091095596551895;1.0,0.0,0.0,0.0
6.21;0.0,-0.0007735975086688995,0.0205097496509552;1.0,0.0,0.0,0.0
6.22;0.0,0.0015197694301605225,0.020108073949813843;1.0,0.0,0.0,0.0
6.23;0.0,0.003814913332462311,0.019706089049577713;1.0,0.0,0.0,0.0
6.24;0.0,0.006110936403274536,0.019303949549794197;1.0,0.0,0.0,0.0
6.25;0.0,0.008406952023506165,0.01890181191265583;1.0,0.0,0.0,0.0
6.26;0.0,0.010702114552259445,0.01849982514977455;1.0,0.0,0.0,0.0
6.27;0.0,0.012995470315217972,0.018098153173923492;1.0,0.0,0.0,0.0
6.28;0.0,0.015286177396774292,0.017696939408779144;1.0,0.0,0.0,0.0
6.29;0.0,0.017573334276676178,0.017296355217695236;1.0,0.0,0.0,0.0
6.3;0.0,0.019856087863445282,0.01689654216170311;1.0,0.0,0.0,0.0
6.31;0.0,0.022133491933345795,0.016497664153575897;1.0,0.0,0.0,0.0
6.32;0.0,0.02440473437309265,0.01609986461699009;1.0,0.0,0.0,0.0
6.33;0.0,0.026668868958950043,0.015703311190009117;1.0,0.0,0.0,0.0
6.34;0.0,0.028925016522407532,0.015308156609535217;1.0,0.0,0.0,0.0
6.35;0.0,0.03117232769727707,0.01491454616189003;1.0,0.0,0.0,0.0
6.36;0.0,0.033409878611564636,0.014522647485136986;1.0,0.0,0.0,0.0
6.37;0.0,0.03563680499792099,0.014132609590888023;1.0,0.0,0.0,0.0
6.38;0.0,0.037852220237255096,0.013744588941335678;1.0,0.0,0.0,0.0
6.39;0.0,0.04005523771047592,0.013358740136027336;1.0,0.0,0.0,0.0
6.4;0.0,0.042244963347911835,0.012975219637155533;1.0,0.0,0.0,0.0
6.41;0.0,0.044420503079891205,0.012594180181622505;1.0,0.0,0.0,0.0
6.42;0.0,0.046580977737903595,0.012215781956911087;1.0,0.0,0.0,0.0
6.43;0.0,0.04872550070285797,0.011840175837278366;1.0,0.0,0.0,0.0
6.44;0.0,0.050853244960308075,0.011467516422271729;1.0,0.0,0.0,0.0
6.45;0.0,0.05296321213245392,0.01109795831143856;1.0,0.0,0.0,0.0
6.46;0.0,0.05505461245775223,0.010731657966971397;1.0,0.0,0.0,0.0
6.47;0.0,0.057126522064208984,0.010368773713707924;1.0,0.0,0.0,0.0
6.48;0.0,0.05917803943157196,0.010009454563260078;1.0,0.0,0.0,0.0
6.49;0.0,0.061208292841911316,0.009653862565755844;1.0,0.0,0.0,0.0
6.5;0.0,0.063216432929039,0.009302148595452309;1.0,0.0,0.0,0.0
6.51;0.0,0.0652015209197998,0.008954470977187157;1.0,0.0,0.0,0.0
6.52;0.0,0.0671626627445221,0.008610980585217476;1.0,0.0,0.0,0.0
6.53;0.0,0.06909903883934021,0.008271833881735802;1.0,0.0,0.0,0.0
6.54;0.0,0.07100971043109894,0.007937183603644371;1.0,0.0,0.0,0.0
6.55;0.0,0.07289381325244904,0.0076071955263614655;1.0,0.0,0.0,0.0
6.56;0.0,0.07475042343139648,0.007282014936208725;1.0,0.0,0.0,0.0
6.57;0.0,0.07657873630523682,0.006961796432733536;1.0,0.0,0.0,0.0
6.58;0.0,0.07837778329849243,0.0066466983407735825;1.0,0.0,0.0,0.0
6.59;0.0,0.08014672994613647,0.006336871534585953;1.0,0.0,0.0,0.0
6.6;0.0,0.08188463747501373,0.006032481789588928;1.0,0.0,0.0,0.0
6.61;0.0,0.08359070122241974,0.0057336799800395966;1.0,0.0,0.0,0.0
6.62;0.0,0.08526396751403809,0.005440615117549896;1.0,0.0,0.0,0.0
6.63;0.0,0.08690352737903595,0.005153447389602661;1.0,0.0,0.0,0.0
6.64;0.0,0.08850857615470886,0.004872329533100128;1.0,0.0,0.0,0.0
6.65;0.0,0.090078204870224,0.004597418010234833;1.0,0.0,0.0,0.0
6.66;0.0,0.09161150455474854,0.004328865557909012;1.0,0.0,0.0,0.0
6.67;0.0,0.09310756623744965,0.004066836088895798;1.0,0.0,0.0,0.0
6.68;0.0,0.09456558525562286,0.0038114674389362335;1.0,0.0,0.0,0.0
6.69;0.0,0.09598459303379059,0.0035629384219646454;1.0,0.0,0.0,0.0
6.7;0.0,0.09736374020576477,0.0033213868737220764;1.0,0.0,0.0,0.0
6.71;0.0,0.09870216250419617,0.003086969256401062;1.0,0.0,0.0,0.0
6.72;0.0,0.09999889135360718,0.002859845757484436;1.0,0.0,0.0,0.0
6.73;0.0,0.10125318169593811,0.002640165388584137;1.0,0.0,0.0,0.0
6.74;0.0,0.1024639904499054,0.002428092062473297;1.0,0.0,0.0,0.0
6.75;0.0,0.10363051295280457,0.002223782241344452;1.0,0.0,0.0,0.0
6.76;0.0,0.10475188493728638,0.0020273812115192413;1.0,0.0,0.0,0.0
6.77;0.0,0.10582718253135681,0.0018390417098999023;1.0,0.0,0.0,0.0
6.78;0.0,0.10685554146766663,0.0016589388251304626;1.0,0.0,0.0,0.0
6.79;0.0,0.10783600807189941,0.0014872103929519653;1.0,0.0,0.0,0.0
6.8;0.0,0.10876783728599548,0.0013240016996860504;1.0,0.0,0.0,0.0
6.81;0.0,0.10965001583099365,0.001169491559267044;1.0,0.0,0.0,0.0
6.82;0.0,0.11048173904418945,0.0010238252580165863;1.0,0.0,0.0,0.0
6.83;0.0,0.11126202344894409,0.000887162983417511;1.0,0.0,0.0,0.0
6.84;0.0,0.11199003458023071,0.0007596537470817566;1.0,0.0,0.0,0.0
6.85;0.0,0.11266490817070007,0.0006414465606212616;1.0,0.0,0.0,0.0
6.86;0.0,0.11328580975532532,0.0005327016115188599;1.0,0.0,0.0,0.0
6.87;0.0,0.11385169625282288,0.00043357908725738525;1.0,0.0,0.0,0.0
6.88;0.0,0.11436179280281067,0.0003442317247390747;1.0,0.0,0.0,0.0
6.89;0.0,0.11481520533561707,0.00026482343673706055;1.0,0.0,0.0,0.0
6.9;0.0,0.11521109938621521,0.00019549578428268433;1.0,0.0,0.0,0.0
6.91;0.0,0.11554849147796631,0.0001364201307296753;1.0,0.0,0.0,0.0
6.92;0.0,0.11582648754119873,8.771568536758423e-05;1.0,0.0,0.0,0.0
6.93;0.0,0.11604422330856323,4.957616329193115e-05;1.0,0.0,0.0,0.0
6.94;0.0,0.11620092391967773,2.2135674953460693e-05;1.0,0.0,0.0,0.0
6.95;0.0,0.11629551649093628,5.5730342864990234e-06;1.0,0.0,0.0,0.0
6.96;0.0,0.11632724851369858,0.0;1.0,0.0,0.0,0.0
6.97;0.0,0.11632724851369858,0.0;1.0,0.0,0.0,0.0
6.98;0.0,0.11632724851369858,0.0;1.0,0.0,0.0,0.0
6.99;0.0,0.11632724851369858,0.0;1.0,0.0,0.0,0.0
7.0;0.0,0.11632724851369858,0.0;1.0,0.0,0.0,0.0
7.01;0.0,0.11632724851369858,0.0;1.0,0.0,0.0,0.0
7.02;0.0,0.11632724851369858,0.0;1.0,0.0,0.0,0.0
7.03;0.0,0.11632724851369858,0.0;1.0,0.0,0.0,0.0
7.04;0.0,0.11632724851369858,0.0;1.0,0.0,0.0,0.0
7.05;0.0,0.11632724851369858,0.0;1.0,0.0,0.0,0.0
7.06;0.0,0.11632724851369858,0.0;1.0,0.0,0.0,0.0
7.07;0.0,0.11632724851369858,0.0;1.0,0.0,0.0,0.0
7.08;0.0,0.11632724851369858,0.0;1.0,0.0,0.0,0.0
7.09;0.0,0.11632724851369858,0.0;1.0,0.0,0.0,0.0
7.1;0.0,0.11632724851369858,0.0;1.0,0.0,0.0,0.0
7.11;0.0,0.11632724851369858,0.0;1.0,0.0,0.0,0.0
7.12;0.0,0.11632724851369858,0.0;1.0,0.0,0.0,0.0
7.13;0.0,0.11632724851369858,0.0;1.0,0.0,0.0,0.0
7.14;0.0,0.11632724851369858,0.0;1.0,0.0,0.0,0.0
7.15;0.0,0.11632724851369858,0.0;1.0,0.0,0.0,0.0
7.16;0.0,0.11632724851369858,0.0;1.0,0.0,0.0,0.0
7.17;0.0,0.11632724851369858,0.0;1.0,0.0,0.0,0.0
7.18;0.0,0.11632724851369858,0.0;1.0,0.0,0.0,0.0
7.19;0.0,0.11632724851369858,0.0;1.0,0.0,0.0,0.0
7.2;0.0,0.11632724851369858,0.0;1.0,0.0,0.0,0.0
7.21;0.0,0.11632724851369858,0.0;1.0,0.0,0.0,0.0
7.22;0.0,0.11632724851369858,0.0;1.0,0.0,0.0,0.0
7.23;0.0,0.11632724851369858,0.0;1.0,0.0,0.0,0.0
7.24;0.0,0.11632724851369858,0.0;1.0,0.0,0.0,0.0
7.25;0.0,0.11632724851369858,0.0;1.0,0.0,0.0,0.0
7.26;0.0,0.11632724851369858,0.0;1.0,0.0,0.0,0.0
7.27;0.0,0.11632724851369858,0.0;1.0,0.0,0.0,0.0
7.28;0.0,0.11632724851369858,0.0;1.0,0.0,0.0,0.0
7.29;0.0,0.11632724851369858,0.0;1.0,0.0,0.0,0.0
7.3;0.0,0.11632724851369858,0.0;1.0,0.0,0.0,0.0
7.31;0.0,0.11632724851369858,0.0;1.0,0.0,0.0,0.0
7.32;0.0,0.11632724851369858,0.0;1.0,0.0,0.0,0.0
7.33;0.0,0.11632724851369858,0.0;1.0,0.0,0.0,0.0
7.34;0.0,0.11632724851369858,0.0;1.0,0.0,0.0,0.0
7.35;0.0,0.11632724851369858,0.0;1.0,0.0,0.0,0.0
7.36;0.0,0.11632724851369858,0.0;1.0,0.0,0.0,0.0
7.37;0.0,0.11632724851369858,0.0;1.0,0.0,0.0,0.0
7.38;0.0,0.11632724851369858,0.0;1.0,0.0,0.0,0.0
7.39;0.0,0.11632724851369858,0.0;1.0,0.0,0.0,0.0
7.4;0.0,0.11632724851369858,0.0;1.0,0.0,0.0,0.0
7.41;0.0,0.11632724851369858,0.0;1.0,0.0,0.0,0.0
7.42;0.0,0.11632724851369858,0.0;1.0,0.0,0.0,0.0
7.43;0.0,0.11632724851369858,0.0;1.0,0.0,0.0,0.0
7.44;0.0,0.11632724851369858,0.0;1.0,0.0,0.0,0.0
7.45;0.0,0.11632724851369858,0.0;1.0,0.0,0.0,0.0
7.46;0.0,0.11632724851369858,0.0;1.0,0.0,0.0,0.0
7.47;0.0,0.11632724851369858,0.0;1.0,0.0,0.0,0.0
7.48;0.0,0.11632724851369858,0.0;1.0,0.0,0.0,0.0
7.49;0.0,0.11632724851369858,0.0;1.0,0.0,0.0,0.0
7.5;0.0,0.11632724851369858,0.0;1.0,0.0,0.0,0.0
7.51;0.0,0.11632724851369858,0.0;1.0,0.0,0.0,0.0
7.52;0.0,0.11632724851369858,0.0;1.0,0.0,0.0,0.0
7.53;0.0,0.11632724851369858,0.0;1.0,0.0,0.0,0.0
7.54;0.0,0.11632724851369858,0.0;1.0,0.0,0.0,0.0
7.55;0.0,0.11632724851369858,0.0;1.0,0.0,0.0,0.0
7.56;0.0,0.11632724851369858,0.0;1.0,0.0,0.0,0.0
7.57;0.0,0.11632724851369858,0.0;1.0,0.0,0.0,0.0
7.58;0.0,0.11632724851369858,0.0;1.0,0.0,0.0,0.0
7.59;0.0,0.11632724851369858,0.0;1.0,0.0,0.0,0.0
7.6;0.0,0.11632724851369858,0.0;1.0,0.0,0.0,0.0
7.61;0.0,0.11632724851369858,0.0;1.0,0.0,0.0,0.0
7.62;0.0,0.11632724851369858,0.0;1.0,0.0,0.0,0.0
7.63;0.0,0.11632724851369858,0.0;1.0,0.0,0.0,0.0
7.64;0.0,0.11632724851369858,0.0;1.0,0.0,0.0,0.0
7.65;0.0,0.11632724851369858,0.0;1.0,0.0,0.0,0.0
7.66;0.0,0.11632724851369858,0.0;1.0,0.0,0.0,0.0
7.67;0.0,0.11632724851369858,0.0;1.0,0.0,0.0,0.0
7.68;0.0,0.11632724851369858,0.0;1.0,0.0,0.0,0.0
7.69;0.0,0.11632724851369858,0.0;1.0,0.0,0.0,0.0
7.7;0.0,0.11632724851369858,0.0;1.0,0.0,0.0,0.0
7.71;0.0,0.11632724851369858,0.0;1.0,0.0,0.0,0.0
7.72;0.0,0.11632724851369858,0.0;1.0,0.0,0.0,0.0
7.73;0.0,0.11632724851369858,0.0;1.0,0.0,0.0,0.0
7.74;0.0,0.11632724851369858,0.0;1.0,0.0,0.0,0.0
7.75;0.0,0.11632724851369858,0.0;1.0,0.0,0.0,0.0
7.76;0.0,0.11632724851369858,0.0;1.0,0.0,0.0,0.0
7.77;0.0,0.11632724851369858,0.0;1.0,0.0,0.0,0.0
7.78;0.0,0.11632724851369858,0.0;1.0,0.0,0.0,0.0
7.79;0.0,0.11632724851369858,0.0;1.0,0.0,0.0,0.0
7.8;0.0,0.11632724851369858,0.0;1.0,0.0,0.0,0.0
7.81;0.0,0.11632724851369858,0.0;1.0,0.0,0.0,0.0
7.82;0.0,0.11632724851369858,0.0;1.0,0.0,0.0,0.0
7.83;0.0,0.11632724851369858,0.0;1.0,0.0,0.0,0.0
7.84;0.0,0.11632724851369858,0.0;1.0,0.0,0.0,0.0
7.85;0.0,0.11632724851369858,0.0;1.0,0.0,0.0,0.0
7.86;0.0,0.11632724851369858,0.0;1.0,0.0,0.0,0.0
7.87;0.0,0.11632724851369858,0.0;1.0,0.0,0.0,0.0
7.88;0.0,0.11632724851369858,0.0;1.0,0.0,0.0,0.0
7.89;0.0,0.11632724851369858,0.0;1.0,0.0,0.0,0.0
7.9;0.0,0.11632724851369858,0.0;1.0,0.0,0.0,0.0
7.91;0.0,0.11632724851369858,0.0;1.0,0.0,0.0,0.0
7.92;0.0,0.11632724851369858,0.0;1.0,0.0,0.0,0.0
7.93;0.0,0.11632724851369858,0.0;1.0,0.0,0.0,0.0
7.94;0.0,0.11632724851369858,0.0;1.0,0.0,0.0,0.0
7.95;0.0,0.11632724851369858,0.0;1.0,0.0,0.0,0.0
7.96;0.0,0.11632724851369858,0.0;1.0,0.0,0.0,0.0
7.97;0.0,0.11632724851369858,0.0;1.0,0.0,0.0,0.0
7.98;0.0,0.11632724851369858,0.0;1.0,0.0,0.0,0.0
7.99;0.0,0.11632724851369858,0.0;1.0,0.0,0.0,0.0
8.0;0.0,0.11632724851369858,0.0;1.0,0.0,0.0,0.0
8.01;0.0,0.11632724851369858,0.0;1.0,0.0,0.0,0.0
8.02;0.0,0.11632724851369858,0.0;1.0,0.0,0.0,0.0
8.03;0.0,0.11632724851369858,0.0;1.0,0.0,0.0,0.0
8.04;0.0,0.11632724851369858,0.0;1.0,0.0,0.0,0.0
8.05;0.0,0.11632724851369858,0.0;1.0,0.0,0.0,0.0
8.06;0.0,0.11632724851369858,0.0;1.0,0.0,0.0,0.0
8.07;0.0,0.11632724851369858,0.0;1.0,0.0,0.0,0.0
8.08;0.0,0.11632724851369858,0.0;1.0,0.0,0.0,0.0
8.09;0.0,0.11632724851369858,0.0;1.0,0.0,0.0,0.0
8.1;0.0,0.11632724851369858,0.0;1.0,0.0,0.0,0.0
8.11;0.0,0.11632724851369858,0.0;1.0,0.0,0.0,0.0
8.12;0.0,0.11632724851369858,0.0;1.0,0.0,0.0,0.0
8.13;0.0,0.11632724851369858,0.0;1.0,0.0,0.0,0.0
8.14;0.0,0.11632724851369858,0.0;1.0,0.0,0.0,0.0
8.15;0.0,0.11632724851369858,0.0;1.0,0.0,0.0,0.0
8.16;0.0,0.11632724851369858,0.0;1.0,0.0,0.0,0.0
8.17;0.0,0.11632724851369858,0.0;1.0,0.0,0.0,0.0
8.18;0.0,0.11632724851369858,0.0;1.0,0.0,0.0,0.0
8.19;0.0,0.11632724851369858,0.0;1.0,0.0,0.0,0.0
8.2;0.0,0.11632724851369858,0.0;1.0,0.0,0.0,0.0
8.21;0.0,0.11632724851369858,0.0;1.0,0.0,0.0,0.0
8.22;0.0,0.11632724851369858,0.0;1.0,0.0,0.0,0.0
8.23;0.0,0.11632724851369858,0.0;1.0,0.0,0.0,0.0
8.24;0.0,0.11632724851369858,0.0;1.0,0.0,0.0,0.0
8.25;0.0,0.11632724851369858,0.0;1.0,0.0,0.0,0.0
8.26;0.0,0.11632724851369858,0.0;1.0,0.0,0.0,0.0
8.27;0.0,0.11632724851369858,0.0;1.0,0.0,0.0,0.0
8.28;0.0,0.11632724851369858,0.0;1.0,0.0,0.0,0.0
8.29;0.0,0.11632724851369858,0.0;1.0,0.0,0.0,0.0
8.3;0.0,0.11632724851369858,0.0;1.0,0.0,0.0,0.0
8.31;0.0,0.11632724851369858,0.0;1.0,0.0,0.0,0.0
8.32;0.0,0.11632724851369858,0.0;1.0,0.0,0.0,0.0
8.33;0.0,0.11632724851369858,0.0;1.0,0.0,0.0,0.0
8.34;0.0,0.11632724851369858,0.0;1.0,0.0,0.0,0.0
8.35;0.0,0.11632724851369858,0.0;1.0,0.0,0.0,0.0
8.36;0.0,0.11632724851369858,0.0;1.0,0.0,0.0,0.0
8.37;0.0,0.11632724851369858,0.0;1.0,0.0,0.0,0.0
8.38;0.0,0.11632724851369858,0.0;1.0,0.0,0.0,0.0
8.39;0.0,0.11632724851369858,0.0;1.0,0.0,0.0,0.0
8.4;0.0,0.11632724851369858,0.0;1.0,0.0,0.0,0.0
8.41;0.0,0.11632724851369858,0.0;1.0,0.0,0.0,0.0
8.42;0.0,0.11632724851369858,0.0;1.0,0.0,0.0,0.0
8.43;0.0,0.11632724851369858,0.0;1.0,0.0,0.0,0.0
8.44;0.0,0.11632724851369858,0.0;1.0,0.0,0.0,0.0
8.45;0.0,0.11632724851369858,0.0;1.0,0.0,0.0,0.0
8.46;0.0,0.11632724851369858,0.0;1.0,0.0,0.0,0.0
8.47;0.0,0.11632724851369858,0.0;1.0,0.0,0.0,0.0
8.48;0.0,0.11632724851369858,0.0;1.0,0.0,0.0,0.0
8.49;0.0,0.11632724851369858,0.0;1.0,0.0,0.0,0.0
8.5;0.0,0.11632724851369858,0.0;1.0,0.0,0.0,0.0
8.51;0.0,0.11632724851369858,0.0;1.0,0.0,0.0,0.0
8.52;0.0,0.11632724851369858,0.0;1.0,0.0,0.0,0.0
8.53;0.0,0.11632724851369858,0.0;1.0,0.0,0.0,0.0
8.54;0.0,0.11632724851369858,0.0;1.0,0.0,0.0,0.0
8.55;0.0,0.11632724851369858,0.0;1.0,0.0,0.0,0.0
8.56;0.0,0.11632724851369858,0.0;1.0,0.0,0.0,0.0
8.57;0.0,0.11632724851369858,0.0;1.0,0.0,0.0,0.0
8.58;0.0,0.11632724851369858,0.0;1.0,0.0,0.0,0.0
8.59;0.0,0.11632724851369858,0.0;1.0,0.0,0.0,0.0
8.6;0.0,0.11632724851369858,0.0;1.0,0.0,0.0,0.0
8.61;0.0,0.11632724851369858,0.0;1.0,0.0,0.0,0.0
8.62;0.0,0.11632724851369858,0.0;1.0,0.0,0.0,0.0
8.63;0.0,0.11632724851369858,0.0;1.0,0.0,0.0,0.0
8.64;0.0,0.11632724851369858,0.0;1.0,0.0,0.0,0.0
8.65;0.0,0.11632724851369858,0.0;1.0,0.0,0.0,0.0
8.66;0.0,0.11632724851369858,0.0;1.0,0.0,0.0,0.0
8.67;0.0,0.11632724851369858,0.0;1.0,0.0,0.0,0.0
8.68;0.0,0.11632724851369858,0.0;1.0,0.0,0.0,0.0
8.69;0.0,0.11632724851369858,0.0;1.0,0.0,0.0,0.0
8.7;0.0,0.11632724851369858,0.0;1.0,0.0,0.0,0.0
8.71;0.0,0.11632724851369858,0.0;1.0,0.0,0.0,0.0
8.72;0.0,0.11632724851369858,0.0;1.0,0.0,0.0,0.0
8.73;0.0,0.11632724851369858,0.0;1.0,0.0,0.0,0.0
8.74;0.0,0.11632724851369858,0.0;1.0,0.0,0.0,0.0
8.75;0.0,0.11632724851369858,0.0;1.0,0.0,0.0,0.0
8.76;0.0,0.11632724851369858,0.0;1.0,0.0,0.0,0.0
8.77;0.0,0.11632724851369858,0.0;1.0,0.0,0.0,0.0
8.78;0.0,0.11632724851369858,0.0;1.0,0.0,0.0,0.0
8.79;0.0,0.11632724851369858,0.0;1.0,0.0,0.0,0.0
8.8;0.0,0.11632724851369858,0.0;1.0,0.0,0.0,0.0
8.81;0.0,0.11632724851369858,0.0;1.0,0.0,0.0,0.0
8.82;0.0,0.11632724851369858,0.0;1.0,0.0,0.0,0.0
8.83;0.0,0.11632724851369858,0.0;1.0,0.0,0.0,0.0
8.84;0.0,0.11632724851369858,0.0;1.0,0.0,0.0,0.0
8.85;0.0,0.11632724851369858,0.0;1.0,0.0,0.0,0.0
8.86;0.0,0.11632724851369858,0.0;1.0,0.0,0.0,0.0
8.87;4.835288109461544e-06,0.11627268046140671,-4.198827355139656e-06;1.0,0.0,0.0,0.0
8.88;1.9230315956519917e-05,0.11611022055149078,-1.6699061234248802e-05;1.0,0.0,0.0,0.0
8.89;4.301882290747017e-05,0.11584173887968063,-3.735632708412595e-05;1.0,0.0,0.0,0.0
8.9;7.603456469951198e-05,0.11546912044286728,-6.602625944651663e-05;1.0,0.0,0.0,0.0
8.91;0.0001181112602353096,0.11499425023794174,-0.00010256446694256738;1.0,0.0,0.0,0.0
8.92;0.0001690826757112518,0.11441898345947266,-0.0001468265982111916;1.0,0.0,0.0,0.0
8.93;0.00022878253366798162,0.11374522000551224,-0.00019866827642545104;1.0,0.0,0.0,0.0
8.94;0.0002970446366816759,0.11297480762004852,-0.00025794515386223793;1.0,0.0,0.0,0.0
8.95;0.0003737026418093592,0.11210965365171432,-0.0003245128027629107;1.0,0.0,0.0,0.0
8.96;0.0004585903661791235,0.11115162074565887,-0.00039822683902457356;1.0,0.0,0.0,0.0
8.97;0.0005515414522960782,0.1101025715470314,-0.00047894296585582197;1.0,0.0,0.0,0.0
8.98;0.0006523898337036371,0.10896439850330353,-0.0005665167700499296;1.0,0.0,0.0,0.0
8.99;0.0007609690073877573,0.10773898661136627,-0.0006608039257116616;1.0,0.0,0.0,0.0
9.0;0.0008771128486841917,0.10642818361520767,-0.0007616599905304611;1.0,0.0,0.0,0.0
9.01;0.0010006552329286933,0.10503389686346054,-0.0008689406677149236;1.0,0.0,0.0,0.0
9.02;0.0011314298026263714,0.10355798155069351,-0.000982501544058323;1.0,0.0,0.0,0.0
9.03;0.0012692700838670135,0.10200231522321701,-0.0011021981481462717;1.0,0.0,0.0,0.0
9.04;0.0014140100684016943,0.10036879032850266,-0.0012278862996026874;1.0,0.0,0.0,0.0
9.05;0.0015654832823202014,0.09865926206111908,-0.0013594214105978608;1.0,0.0,0.0,0.0
9.06;0.0017235239502042532,0.0968756228685379,-0.0014966592425480485;1.0,0.0,0.0,0.0
9.07;0.001887965016067028,0.09501975029706955,-0.0016394553240388632;1.0,0.0,0.0,0.0
9.08;0.00205864105373621,0.09309349954128265,-0.0017876655329018831;1.0,0.0,0.0,0.0
9.09;0.0022353853564709425,0.09109877794981003,-0.001941145397722721;1.0,0.0,0.0,0.0
9.1;0.0024180319160223007,0.08903743326663971,-0.002099750330671668;1.0,0.0,0.0,0.0
9.11;0.002606414258480072,0.08691135793924332,-0.0022633359767496586;1.0,0.0,0.0,0.0
9.12;0.002800365909934044,0.08472242951393127,-0.0024317584466189146;1.0,0.0,0.0,0.0
9.13;0.002999720862135291,0.08247251063585281,-0.0026048726867884398;1.0,0.0,0.0,0.0
9.14;0.0032043131068348885,0.08016349375247955,-0.002782534807920456;1.0,0.0,0.0,0.0
9.15;0.003413976402953267,0.07779724150896072,-0.0029646004550158978;1.0,0.0,0.0,0.0
9.16;0.0036285442765802145,0.07537563890218735,-0.003150925040245056;1.0,0.0,0.0,0.0
9.17;0.0038478500209748745,0.07290055602788925,-0.0033413642086088657;1.0,0.0,0.0,0.0
9.18;0.004071728326380253,0.07037387788295746,-0.003535773605108261;1.0,0.0,0.0,0.0
9.19;0.004300011787563562,0.06779748201370239,-0.003734008641913533;1.0,0.0,0.0,0.0
9.2;0.004532535560429096,0.06517322361469269,-0.00393592519685626;1.0,0.0,0.0,0.0
9.21;0.004769131541252136,0.06250301003456116,-0.004141378682106733;1.0,0.0,0.0,0.0
9.22;0.005009635351598263,0.059788692742586136,-0.004350225441157818;1.0,0.0,0.0,0.0
9.23;0.005253879819065332,0.05703216418623924,-0.004562320187687874;1.0,0.0,0.0,0.0
9.24;0.005501698702573776,0.05423528701066971,-0.004777519032359123;1.0,0.0,0.0,0.0
9.25;0.005752926226705313,0.051399946212768555,-0.004995677620172501;1.0,0.0,0.0,0.0
9.26;0.006007395219057798,0.04852801561355591,-0.005216651596128941;1.0,0.0,0.0,0.0
9.27;0.006264939904212952,0.045621372759342194,-0.0054402961395680904;1.0,0.0,0.0,0.0
9.28;0.006525393575429916,0.04268190264701843,-0.005666466895490885;1.0,0.0,0.0,0.0
9.29;0.006788591854274273,0.03971145674586296,-0.00589502090588212;1.0,0.0,0.0,0.0
9.3;0.007054366171360016,0.03671193867921829,-0.0061258114874362946;1.0,0.0,0.0,0.0
9.31;0.007322551682591438,0.033685214817523956,-0.006358696147799492;1.0,0.0,0.0,0.0
9.32;0.007592981215566397,0.03063315525650978,-0.006593530066311359;1.0,0.0,0.0,0.0
9.33;0.007865489460527897,0.02755764126777649,-0.006830167956650257;1.0,0.0,0.0,0.0
9.34;0.008139909245073795,0.02446054294705391,-0.007068466395139694;1.0,0.0,0.0,0.0
9.35;0.008416074328124523,0.02134374901652336,-0.007308280095458031;1.0,0.0,0.0,0.0
9.36;0.008693819865584373,0.01820913329720497,-0.00754946656525135;1.0,0.0,0.0,0.0
9.37;0.008972978219389915,0.015058562159538269,-0.007791880052536726;1.0,0.0,0.0,0.0
9.38;0.009253383614122868,0.011893920600414276,-0.008035375736653805;1.0,0.0,0.0,0.0
9.39;0.009534869343042374,0.008717089891433716,-0.008279809728264809;1.0,0.0,0.0,0.0
9.4;0.009817268699407578,0.005529932677745819,-0.008525037206709385;1.0,0.0,0.0,0.0
9.41;0.010100416839122772,0.002334330230951309,-0.008770915679633617;1.0,0.0,0.0,0.0
9.42;0.010384147055447102,-0.0008678436279296875,-0.009017299860715866;1.0,0.0,0.0,0.0
9.43;0.01066829264163971,-0.004074707627296448,-0.009264044463634491;1.0,0.0,0.0,0.0
9.44;0.010952688753604889,-0.007284373044967651,-0.009511005133390427;1.0,0.0,0.0,0.0
9.45;0.011237168684601784,-0.010494999587535858,-0.009758038446307182;1.0,0.0,0.0,0.0
9.46;0.011521562933921814,-0.013704672455787659,-0.010004999116063118;1.0,0.0,0.0,0.0
9.47;0.011805709451436996,-0.016911529004573822,-0.010251743718981743;1.0,0.0,0.0,0.0
9.48;0.012089438736438751,-0.020113706588745117,-0.010498126968741417;1.0,0.0,0.0,0.0
9.49;0.01237258780747652,-0.02330929785966873,-0.0107440035790205;1.0,0.0,0.0,0.0
9.5;0.012654988095164299,-0.026496469974517822,-0.0109892338514328;1.0,0.0,0.0,0.0
9.51;0.012936473824083805,-0.029673300683498383,-0.01123366691172123;1.0,0.0,0.0,0.0
9.52;0.013216878287494183,-0.03283793479204178,-0.011477163061499596;1.0,0.0,0.0,0.0
9.53;0.0134960375726223,-0.035988494753837585,-0.01171957515180111;1.0,0.0,0.0,0.0
9.54;0.013773782178759575,-0.039123132824897766,-0.011960761621594429;1.0,0.0,0.0,0.0
9.55;0.014049947261810303,-0.04223990440368652,-0.01220057625323534;1.0,0.0,0.0,0.0
9.56;0.014324367046356201,-0.0453370064496994,-0.012438873760402203;1.0,0.0,0.0,0.0
9.57;0.014596876688301563,-0.04841252416372299,-0.012675512582063675;1.0,0.0,0.0,0.0
9.58;0.014867305755615234,-0.051464587450027466,-0.012910347431898117;1.0,0.0,0.0,0.0
9.59;0.015135490335524082,-0.0544913113117218,-0.01314323116093874;1.0,0.0,0.0,0.0
9.6;0.0154012655839324,-0.05749082565307617,-0.013374022208154202;1.0,0.0,0.0,0.0
9.61;0.015664462000131607,-0.06046128273010254,-0.013602576218545437;1.0,0.0,0.0,0.0
9.62;0.015924915671348572,-0.0634007602930069,-0.013828746043145657;1.0,0.0,0.0,0.0
9.63;0.016182461753487587,-0.06630739569664001,-0.014052391052246094;1.0,0.0,0.0,0.0
9.64;0.016436930745840073,-0.06917931139469147,-0.014273364096879959;1.0,0.0,0.0,0.0
9.65;0.016688156872987747,-0.07201467454433441,-0.014491522684693336;1.0,0.0,0.0,0.0
9.66;0.016935978084802628,-0.07481154799461365,-0.014706721529364586;1.0,0.0,0.0,0.0
9.67;0.017180223017930984,-0.07756808400154114,-0.014918817207217216;1.0,0.0,0.0,0.0
9.68;0.017420725896954536,-0.08028239011764526,-0.015127663500607014;1.0,0.0,0.0,0.0
9.69;0.017657320946455002,-0.0829526036977768,-0.015333117917180061;1.0,0.0,0.0,0.0
9.7;0.0178898423910141,-0.08557683229446411,-0.015535032376646996;1.0,0.0,0.0,0.0
9.71;0.018118128180503845,-0.08815322816371918,-0.015733269974589348;1.0,0.0,0.0,0.0
9.72;0.01834200695157051,-0.09067994356155396,-0.01592767983675003;1.0,0.0,0.0,0.0
9.73;0.018561311066150665,-0.09315498173236847,-0.016118118539452553;1.0,0.0,0.0,0.0
9.74;0.018775878474116325,-0.09557661414146423,-0.016304440796375275;1.0,0.0,0.0,0.0
9.75;0.01898554153740406,-0.09794284403324127,-0.016486508771777153;1.0,0.0,0.0,0.0
9.76;0.01919013448059559,-0.10025186836719513,-0.0166641678661108;1.0,0.0,0.0,0.0
9.77;0.01938948780298233,-0.1025017648935318,-0.016837283968925476;1.0,0.0,0.0,0.0
9.78;0.01958344131708145,-0.10469070076942444,-0.01700570620596409;1.0,0.0,0.0,0.0
9.79;0.019771825522184372,-0.10681679844856262,-0.017169291153550148;1.0,0.0,0.0,0.0
9.8;0.019954470917582512,-0.10887813568115234,-0.017327897250652313;1.0,0.0,0.0,0.0
9.81;0.020131215453147888,-0.11087289452552795,-0.017481377348303795;1.0,0.0,0.0,0.0
9.82;0.02030189149081707,-0.11279910802841187,-0.017629586160182953;1.0,0.0,0.0,0.0
9.83;0.020466329529881477,-0.11465498805046082,-0.017772382125258446;1.0,0.0,0.0,0.0
9.84;0.020624371245503426,-0.11643862724304199,-0.017909618094563484;1.0,0.0,0.0,0.0
9.85;0.020775847136974335,-0.11814814805984497,-0.018041156232357025;1.0,0.0,0.0,0.0
9.86;0.020920587703585625,-0.11978167295455933,-0.01816684380173683;1.0,0.0,0.0,0.0
9.87;0.021058425307273865,-0.12133735418319702,-0.018286539241671562;1.0,0.0,0.0,0.0
9.88;0.02118920162320137,-0.12281325459480286,-0.018400102853775024;1.0,0.0,0.0,0.0
9.89;0.021312739700078964,-0.1242074966430664,-0.01850738190114498;1.0,0.0,0.0,0.0
9.9;0.02142888866364956,-0.12551835179328918,-0.01860824041068554;1.0,0.0,0.0,0.0
9.91;0.02153746411204338,-0.12674376368522644,-0.018702523782849312;1.0,0.0,0.0,0.0
9.92;0.02163831517100334,-0.1278819441795349,-0.018790099769830704;1.0,0.0,0.0,0.0
9.93;0.021731264889240265,-0.12893104553222656,-0.018870817497372627;1.0,0.0,0.0,0.0
9.94;0.021816149353981018,-0.12988901138305664,-0.018944526091217995;1.0,0.0,0.0,0.0
9.95;0.021892812103033066,-0.13075417280197144,-0.01901109889149666;1.0,0.0,0.0,0.0
9.96;0.021961070597171783,-0.13152459263801575,-0.019070371985435486;1.0,0.0,0.0,0.0
9.97;0.022020772099494934,-0.13219839334487915,-0.01912221685051918;1.0,0.0,0.0,0.0
9.98;0.02207174152135849,-0.13277363777160645,-0.019166477024555206;1.0,0.0,0.0,0.0
9.99;0.022113822400569916,-0.13324850797653198,-0.01920301467180252;1.0,0.0,0.0,0.0
10.0;0.022146832197904587,-0.13362115621566772,-0.019231688231229782;1.0,0.0,0.0,0.0
10.01;0.022170625627040863,-0.1338895857334137,-0.019252341240644455;1.0,0.0,0.0,0.0
10.02;0.02218502014875412,-0.13405203819274902,-0.019264843314886093;1.0,0.0,0.0,0.0
10.03;0.022189855575561523,-0.1341066062450409,-0.01926904171705246;1.0,0.0,0.0,0.0
10.04;0.02218719944357872,-0.13409055769443512,-0.019266735762357712;1.0,0.0,0.0,0.0
10.05;0.02217927761375904,-0.13404269516468048,-0.019259857013821602;1.0,0.0,0.0,0.0
10.06;0.022166159003973007,-0.13396339118480682,-0.019248465076088905;1.0,0.0,0.0,0.0
10.07;0.02214791066944599,-0.13385310769081116,-0.01923261769115925;1.0,0.0,0.0,0.0
10.08;0.022124595940113068,-0.13371220231056213,-0.019212372601032257;1.0,0.0,0.0,0.0
10.09;0.022096287459135056,-0.13354112207889557,-0.019187789410352707;1.0,0.0,0.0,0.0
10.1;0.02206305041909218,-0.1333402395248413,-0.019158927723765373;1.0,0.0,0.0,0.0
10.11;0.02202495187520981,-0.13310998678207397,-0.019125845283269882;1.0,0.0,0.0,0.0
10.12;0.021982062608003616,-0.132850781083107,-0.01908859983086586;1.0,0.0,0.0,0.0
10.13;0.021934445947408676,-0.13256299495697021,-0.019047250971198082;1.0,0.0,0.0,0.0
10.14;0.02188216894865036,-0.13224707543849945,-0.019001856446266174;1.0,0.0,0.0,0.0
10.15;0.021825304254889488,-0.13190340995788574,-0.018952475860714912;1.0,0.0,0.0,0.0
10.16;0.021763915196061134,-0.13153240084648132,-0.018899166956543922;1.0,0.0,0.0,0.0
10.17;0.02169807255268097,-0.13113446533679962,-0.01884199120104313;1.0,0.0,0.0,0.0
10.18;0.021627837792038918,-0.13071000576019287,-0.01878100261092186;1.0,0.0,0.0,0.0
10.19;0.021553287282586098,-0.1302594393491745,-0.01871626265347004;1.0,0.0,0.0,0.0
10.2;0.021474480628967285,-0.12978315353393555,-0.018647829070687294;1.0,0.0,0.0,0.0
10.21;0.02139148861169815,-0.12928159534931183,-0.0185757614672184;1.0,0.0,0.0,0.0
10.22;0.021304378286004066,-0.1287551373243332,-0.01850011758506298;1.0,0.0,0.0,0.0
10.23;0.021213218569755554,-0.12820419669151306,-0.018420957028865814;1.0,0.0,0.0,0.0
10.24;0.021118074655532837,-0.12762919068336487,-0.018338337540626526;1.0,0.0,0.0,0.0
10.25;0.021019015461206436,-0.12703052163124084,-0.018252316862344742;1.0,0.0,0.0,0.0
10.26;0.020916109904646873,-0.12640859186649323,-0.018162956461310387;1.0,0.0,0.0,0.0
10.27;0.020809421315789223,-0.12576381862163544,-0.018070312216877937;1.0,0.0,0.0,0.0
10.28;0.020699020475149155,-0.12509660422801971,-0.01797444187104702;1.0,0.0,0.0,0.0
10.29;0.02058497443795204,-0.12440735101699829,-0.01787540875375271;1.0,0.0,0.0,0.0
10.3;0.020467350259423256,-0.1236964762210846,-0.01777326874434948;1.0,0.0,0.0,0.0
10.31;0.02034621685743332,-0.12296438962221146,-0.01766807772219181;1.0,0.0,0.0,0.0
10.32;0.020221637561917305,-0.12221149355173111,-0.017559897154569626;1.0,0.0,0.0,0.0
10.33;0.020093686878681183,-0.12143819779157639,-0.0174487866461277;1.0,0.0,0.0,0.0
10.34;0.019962424412369728,-0.12064491212368011,-0.01733480580151081;1.0,0.0,0.0,0.0
10.35;0.01982792466878891,-0.11983203887939453,-0.017218006774783134;1.0,0.0,0.0,0.0
10.36;0.019690250977873802,-0.11899998784065247,-0.017098454758524895;1.0,0.0,0.0,0.0
10.37;0.019549470394849777,-0.11814916878938675,-0.01697620563209057;1.0,0.0,0.0,0.0
10.38;0.019405651837587357,-0.11727999150753021,-0.01685131900012493;1.0,0.0,0.0,0.0
10.39;0.019258864223957062,-0.11639287322759628,-0.01672385074198246;1.0,0.0,0.0,0.0
10.4;0.019109172746539116,-0.115488201379776,-0.016593866050243378;1.0,0.0,0.0,0.0
10.41;0.01895664632320404,-0.1145663857460022,-0.016461415216326714;1.0,0.0,0.0,0.0
10.42;0.018801352009177208,-0.1136278510093689,-0.01632656157016754;1.0,0.0,0.0,0.0
10.43;0.01864335872232914,-0.11267299950122833,-0.016189364716410637;1.0,0.0,0.0,0.0
10.44;0.01848272979259491,-0.11170222610235214,-0.016049878671765327;1.0,0.0,0.0,0.0
10.45;0.018319537863135338,-0.11071595549583435,-0.015908168628811836;1.0,0.0,0.0,0.0
10.46;0.018153848126530647,-0.10971459001302719,-0.015764286741614342;1.0,0.0,0.0,0.0
10.47;0.017985723912715912,-0.1086985319852829,-0.015618294477462769;1.0,0.0,0.0,0.0
10.48;0.0178152434527874,-0.1076681986451149,-0.015470252372324467;1.0,0.0,0.0,0.0
10.49;0.017642462626099586,-0.10662398487329483,-0.015320215374231339;1.0,0.0,0.0,0.0
10.5;0.017467455938458443,-0.10556631535291672,-0.015168244019150734;1.0,0.0,0.0,0.0
10.51;0.01729028858244419,-0.1044955849647522,-0.015014396980404854;1.0,0.0,0.0,0.0
10.52;0.017111029475927353,-0.1034122109413147,-0.014858733862638474;1.0,0.0,0.0,0.0
10.53;0.01692974381148815,-0.10231659561395645,-0.014701309613883495;1.0,0.0,0.0,0.0
10.54;0.01674650050699711,-0.10120914876461029,-0.014542186632752419;1.0,0.0,0.0,0.0
10.55;0.016561366617679596,-0.10009027272462845,-0.014381421729922295;1.0,0.0,0.0,0.0
10.56;0.016374411061406136,-0.09896038472652435,-0.014219073578715324;1.0,0.0,0.0,0.0
10.57;0.0161857008934021,-0.09781989455223083,-0.014055203646421432;1.0,0.0,0.0,0.0
10.58;0.01599530130624771,-0.09666919708251953,-0.013889865949749947;1.0,0.0,0.0,0.0
10.59;0.015803281217813492,-0.09550870954990387,-0.013723121955990791;1.0,0.0,0.0,0.0
10.6;0.015609708614647388,-0.09433883428573608,-0.013555028475821018;1.0,0.0,0.0,0.0
10.61;0.015414652414619923,-0.0931599885225296,-0.013385646976530552;1.0,0.0,0.0,0.0
10.62;0.015218176878988743,-0.09197257459163666,-0.01321503333747387;1.0,0.0,0.0,0.0
10.63;0.015020351856946945,-0.09077700227499008,-0.013043247163295746;1.0,0.0,0.0,0.0
10.64;0.014821244403719902,-0.08957366645336151,-0.012870348989963531;1.0,0.0,0.0,0.0
10.65;0.014620921574532986,-0.08836300671100616,-0.012696393765509129;1.0,0.0,0.0,0.0
10.66;0.014419451355934143,-0.08714539557695389,-0.012521442957222462;1.0,0.0,0.0,0.0
10.67;0.014216900803148746,-0.0859212577342987,-0.012345553375780582;1.0,0.0,0.0,0.0
10.68;0.014013336971402168,-0.08469099551439285,-0.012168783694505692;1.0,0.0,0.0,0.0
10.69;0.01380882877856493,-0.08345504105091095,-0.011991195380687714;1.0,0.0,0.0,0.0
10.7;0.013603443279862404,-0.08221376687288284,-0.011812843382358551;1.0,0.0,0.0,0.0
10.71;0.013397245667874813,-0.08096759021282196,-0.011633789166808128;1.0,0.0,0.0,0.0
10.72;0.013190306723117828,-0.07971693575382233,-0.011454088613390923;1.0,0.0,0.0,0.0
10.73;0.012982694432139397,-0.07846219837665558,-0.011273803189396858;1.0,0.0,0.0,0.0
10.74;0.012774471193552017,-0.07720379531383514,-0.011092988774180412;1.0,0.0,0.0,0.0
10.75;0.01256570965051651,-0.07594212144613266,-0.01091170683503151;1.0,0.0,0.0,0.0
10.76;0.012356474995613098,-0.07467759400606155,-0.010730013251304626;1.0,0.0,0.0,0.0
10.77;0.012146838009357452,-0.07341062277555466,-0.010547968558967113;1.0,0.0,0.0,0.0
10.78;0.011936860159039497,-0.0721416026353836,-0.010365631431341171;1.0,0.0,0.0,0.0
10.79;0.011726613156497478,-0.07087095826864243,-0.010183058679103851;1.0,0.0,0.0,0.0
10.8;0.011516163125634193,-0.06959907710552216,-0.010000308975577354;1.0,0.0,0.0,0.0
10.81;0.011305580846965313,-0.06832639873027802,-0.009817445650696754;1.0,0.0,0.0,0.0
10.82;0.011094927787780762,-0.06705330312252045,-0.00963452085852623;1.0,0.0,0.0,0.0
10.83;0.01088427472859621,-0.06578020751476288,-0.009451596066355705;1.0,0.0,0.0,0.0
10.84;0.01067369244992733,-0.06450751423835754,-0.009268730878829956;1.0,0.0,0.0,0.0
10.85;0.01046324148774147,-0.06323564052581787,-0.009085983037948608;1.0,0.0,0.0,0.0
10.86;0.010252997279167175,-0.06196499988436699,-0.008903412148356438;1.0,0.0,0.0,0.0
10.87;0.01004301942884922,-0.06069598346948624,-0.008721073158085346;1.0,0.0,0.0,0.0
10.88;0.00983337964862585,-0.05942901596426964,-0.008539028465747833;1.0,0.0,0.0,0.0
10.89;0.009624145925045013,-0.05816448852419853,-0.00835733488202095;1.0,0.0,0.0,0.0
10.9;0.009415383450686932,-0.05690281465649605,-0.008176052942872047;1.0,0.0,0.0,0.0
10.91;0.009207163006067276,-0.05564439669251442,-0.007995238527655602;1.0,0.0,0.0,0.0
10.92;0.008999548852443695,-0.05438965931534767,-0.007814952172338963;1.0,0.0,0.0,0.0
10.93;0.008792608976364136,-0.053139008581638336,-0.007635252084583044;1.0,0.0,0.0,0.0
10.94;0.008586414158344269,-0.05189284682273865,-0.007456198800355196;1.0,0.0,0.0,0.0
10.95;0.008381027728319168,-0.05065158009529114,-0.007277846336364746;1.0,0.0,0.0,0.0
10.96;0.00817651953548193,-0.049415603280067444,-0.007100257091224194;1.0,0.0,0.0,0.0
10.97;0.007972956635057926,-0.048185355961322784,-0.006923489272594452;1.0,0.0,0.0,0.0
10.98;0.007770403288304806,-0.046961214393377304,-0.006747597828507423;1.0,0.0,0.0,0.0
10.99;0.007568934001028538,-0.04574361443519592,-0.006572647951543331;1.0,0.0,0.0,0.0
11.0;0.007368611171841621,-0.04453293979167938,-0.006398692727088928;1.0,0.0,0.0,0.0
11.01;0.007169502787292004,-0.043329596519470215,-0.006225793622434139;1.0,0.0,0.0,0.0
11.02;0.006971678696572781,-0.04213403910398483,-0.00605400837957859;1.0,0.0,0.0,0.0
11.03;0.006775203160941601,-0.04094661772251129,-0.005883394740521908;1.0,0.0,0.0,0.0
11.04;0.00658014602959156,-0.03976777195930481,-0.005714012309908867;1.0,0.0,0.0,0.0
11.05;0.006386574357748032,-0.03859790414571762,-0.005545921623706818;1.0,0.0,0.0,0.0
11.06;0.006194555200636387,-0.03743740916252136,-0.005379175767302513;1.0,0.0,0.0,0.0
11.07;0.006004154682159424,-0.03628671169281006,-0.005213837139308453;1.0,0.0,0.0,0.0
11.08;0.005815444514155388,-0.03514620661735535,-0.005049967207014561;1.0,0.0,0.0,0.0
11.09;0.005628487095236778,-0.03401632606983185,-0.004887619987130165;1.0,0.0,0.0,0.0
11.1;0.005443355068564415,-0.032897450029850006,-0.004726854152977467;1.0,0.0,0.0,0.0
11.11;0.005260111764073372,-0.03179001808166504,-0.004567732103168964;1.0,0.0,0.0,0.0
11.12;0.0050788260996341705,-0.030694395303726196,-0.004410307854413986;1.0,0.0,0.0,0.0
11.13;0.0048995669931173325,-0.0296110138297081,-0.0042546456679701805;1.0,0.0,0.0,0.0
11.14;0.004722399637103081,-0.028540290892124176,-0.004100797697901726;1.0,0.0,0.0,0.0
11.15;0.004547392949461937,-0.027482621371746063,-0.003948826342821121;1.0,0.0,0.0,0.0
11.16;0.004374612122774124,-0.026438407599925995,-0.003798789344727993;1.0,0.0,0.0,0.0
11.17;0.004204129800200462,-0.0254080668091774,-0.0036507463082671165;1.0,0.0,0.0,0.0
11.18;0.004036009311676025,-0.024392008781433105,-0.0035047531127929688;1.0,0.0,0.0,0.0
11.19;0.0038703158497810364,-0.023390643298625946,-0.0033608730882406235;1.0,0.0,0.0,0.0
11.2;0.0037071239203214645,-0.02240438014268875,-0.0032191649079322815;1.0,0.0,0.0,0.0
11.21;0.003546498715877533,-0.021433621644973755,-0.003079678863286972;1.0,0.0,0.0,0.0
11.22;0.0033885035663843155,-0.020478755235671997,-0.002942480146884918;1.0,0.0,0.0,0.0
11.23;0.003233209252357483,-0.019540227949619293,-0.0028076283633708954;1.0,0.0,0.0,0.0
11.24;0.0030806809663772583,-0.018618397414684296,-0.002675175666809082;1.0,0.0,0.0,0.0
11.25;0.002930987626314163,-0.01771373301744461,-0.0025451891124248505;1.0,0.0,0.0,0.0
11.26;0.0027842000126838684,-0.01682661473751068,-0.0024177227169275284;1.0,0.0,0.0,0.0
11.27;0.002640385180711746,-0.015957415103912354,-0.002292834222316742;1.0,0.0,0.0,0.0
11.28;0.002499602735042572,-0.015106618404388428,-0.0021705850958824158;1.0,0.0,0.0,0.0
11.29;0.0023619327694177628,-0.014274567365646362,-0.0020510349422693253;1.0,0.0,0.0,0.0
11.3;0.0022274311631917953,-0.013461679220199585,-0.001934237778186798;1.0,0.0,0.0,0.0
11.31;0.002096172422170639,-0.012668430805206299,-0.0018202569335699081;1.0,0.0,0.0,0.0
11.32;0.0019682180136442184,-0.011895105242729187,-0.0017091426998376846;1.0,0.0,0.0,0.0
11.33;0.0018436387181282043,-0.01114220917224884,-0.0016009639948606491;1.0,0.0,0.0,0.0
11.34;0.0017225053161382675,-0.010410130023956299,-0.0014957748353481293;1.0,0.0,0.0,0.0
11.35;0.0016048792749643326,-0.009699255228042603,-0.001393631100654602;1.0,0.0,0.0,0.0
11.36;0.0014908351004123688,-0.009010016918182373,-0.0012945998460054398;1.0,0.0,0.0,0.0
11.37;0.0013804342597723007,-0.008342787623405457,-0.0011987295001745224;1.0,0.0,0.0,0.0
11.38;0.00127374567091465,-0.007698029279708862,-0.001106085255742073;1.0,0.0,0.0,0.0
11.39;0.0011708419770002365,-0.007076069712638855,-0.0010167267173528671;1.0,0.0,0.0,0.0
11.4;0.0010717790573835373,-0.0064774006605148315,-0.0009307041764259338;1.0,0.0,0.0,0.0
11.41;0.00097663514316082,-0.005902394652366638,-0.0008480846881866455;1.0,0.0,0.0,0.0
11.42;0.000885477289557457,-0.005351454019546509,-0.0007689222693443298;1.0,0.0,0.0,0.0
11.43;0.0007983669638633728,-0.004825010895729065,-0.0006932802498340607;1.0,0.0,0.0,0.0
11.44;0.0007153749465942383,-0.004323422908782959,-0.0006212107837200165;1.0,0.0,0.0,0.0
11.45;0.0006365664303302765,-0.003847166895866394,-0.0005527790635824203;1.0,0.0,0.0,0.0
11.46;0.0005620159208774567,-0.0033966004848480225,-0.0004880391061306;1.0,0.0,0.0,0.0
11.47;0.0004917867481708527,-0.002972155809402466,-0.00042705051600933075;1.0,0.0,0.0,0.0
11.48;0.00042593851685523987,-0.0025742053985595703,-0.00036987289786338806;1.0,0.0,0.0,0.0
11.49;0.000364549458026886,-0.0022031962871551514,-0.00031656399369239807;1.0,0.0,0.0,0.0
11.5;0.00030768662691116333,-0.001859515905380249,-0.0002671852707862854;1.0,0.0,0.0,0.0
11.51;0.00025541335344314575,-0.0015436112880706787,-0.00022179260849952698;1.0,0.0,0.0,0.0
11.52;0.0002077929675579071,-0.001255825161933899,-0.00018043816089630127;1.0,0.0,0.0,0.0
11.53;0.0001649037003517151,-0.000996604561805725,-0.00014319643378257751;1.0,0.0,0.0,0.0
11.54;0.0001268051564693451,-0.0007663816213607788,-0.00011011585593223572;1.0,0.0,0.0,0.0
11.55;9.35681164264679e-05,-0.0005654692649841309,-8.125230669975281e-05;1.0,0.0,0.0,0.0
11.56;6.525963544845581e-05,-0.00039440393447875977,-5.666911602020264e-05;1.0,0.0,0.0,0.0
11.57;4.1950494050979614e-05,-0.0002535134553909302,-3.6425888538360596e-05;1.0,0.0,0.0,0.0
11.58;2.3696571588516235e-05,-0.00014320015907287598,-2.057477831840515e-05;1.0,0.0,0.0,0.0
11.59;1.0579824447631836e-05,-6.392598152160645e-05,-9.182840585708618e-06;1.0,0.0,0.0,0.0
11.6;2.6561319828033447e-06,-1.6063451766967773e-05,-2.305954694747925e-06;1.0,0.0,0.0,0.0
11.61;0.0,0.0,0.0;1.0,0.0,0.0,0.0
11.62;0.0,0.0,0.0;1.0,0.0,0.0,0.0
11.63;0.0,0.0,0.0;1.0,0.0,0.0,0.0
11.64;0.0,0.0,0.0;1.0,0.0,0.0,0.0
11.65;0.0,0.0,0.0;1.0,0.0,0.0,0.0
11.66;0.0,0.0,0.0;1.0,0.0,0.0,0.0
11.67;0.0,0.0,0.0;1.0,0.0,0.0,0.0
11.68;0.0,0.0,0.0;1.0,0.0,0.0,0.0
11.69;0.0,0.0,0.0;1.0,0.0,0.0,0.0
11.7;0.0,0.0,0.0;1.0,0.0,0.0,0.0
11.71;0.0,0.0,0.0;1.0,0.0,0.0,0.0
11.72;0.0,0.0,0.0;1.0,0.0,0.0,0.0
11.73;0.0,0.0,0.0;1.0,0.0,0.0,0.0
11.74;0.0,0.0,0.0;1.0,0.0,0.0,0.0
11.75;0.0,0.0,0.0;1.0,0.0,0.0,0.0
11.76;0.0,0.0,0.0;1.0,0.0,0.0,0.0
11.77;0.0,0.0,0.0;1.0,0.0,0.0,0.0
11.78;0.0,0.0,0.0;1.0,0.0,0.0,0.0
11.79;0.0,0.0,0.0;1.0,0.0,0.0,0.0
11.8;0.0,0.0,0.0;1.0,0.0,0.0,0.0
11.81;0.0,0.0,0.0;1.0,0.0,0.0,0.0
11.82;0.0,0.0,0.0;1.0,0.0,0.0,0.0
11.83;0.0,0.0,0.0;1.0,0.0,0.0,0.0
11.84;0.0,0.0,0.0;1.0,0.0,0.0,0.0
11.85;0.0,0.0,0.0;1.0,0.0,0.0,0.0
11.86;0.0,0.0,0.0;1.0,0.0,0.0,0.0
11.87;0.0,0.0,0.0;1.0,0.0,0.0,0.0
11.88;0.0,0.0,0.0;1.0,0.0,0.0,0.0
11.89;0.0,0.0,0.0;1.0,0.0,0.0,0.0
11.9;0.0,0.0,0.0;1.0,0.0,0.0,0.0
11.91;0.0,0.0,0.0;1.0,0.0,0.0,0.0
11.92;0.0,0.0,0.0;1.0,0.0,0.0,0.0
11.93;0.0,0.0,0.0;1.0,0.0,0.0,0.0
11.94;0.0,0.0,0.0;1.0,0.0,0.0,0.0
11.95;0.0,0.0,0.0;1.0,0.0,0.0,0.0
11.96;0.0,0.0,0.0;1.0,0.0,0.0,0.0
11.97;0.0,0.0,0.0;1.0,0.0,0.0,0.0
11.98;0.0,0.0,0.0;1.0,0.0,0.0,0.0
11.99;0.0,0.0,0.0;1.0,0.0,0.0,0.0
