-0.5421821475028992,-0.08606915175914764,0.4774070382118225
-0.4238600432872772,-0.17203418910503387,0.5677961111068726
-0.5873762965202332,-0.22516480088233948,0.5677960515022278
-0.6884360909461975,-0.08606915175914764,0.5677967071533203
-0.5873762965202332,0.05302649736404419,0.5677960515022278
-0.4238600432872772,-0.00010410717368358746,0.5677961111068726
-0.4969879984855652,-0.22516480088233948,0.714052140712738
-0.6605042815208435,-0.17203418910503387,0.7140520811080933
-0.6605042815208435,-0.00010410717368358746,0.7140520811080933
-0.4969879984855652,0.05302649736404419,0.714052140712738
-0.3959282338619232,-0.08606915175914764,0.7140514850616455
-0.5421821475028992,-0.08606915175914764,0.8044411540031433
-0.5687464475631714,-0.16782690584659576,0.501827597618103
-0.4726346731185913,-0.13659778237342834,0.5018276572227478
-0.4991986155509949,-0.21835634112358093,0.5549570322036743
-0.40308672189712524,-0.08606915175914764,0.5549573302268982
-0.4726346731185913,-0.03554052114486694,0.5018276572227478
-0.6281479597091675,-0.08606915175914764,0.5018280744552612
-0.6547128558158875,-0.16782717406749725,0.5549572706222534
-0.5687464475631714,-0.004311405122280121,0.501827597618103
-0.6547128558158875,-0.004311129450798035,0.5549572706222534
-0.4991986155509949,0.046218037605285645,0.5549570322036743
-0.38666799664497375,-0.13659797608852386,0.6409240961074829
-0.38666799664497375,-0.035540319979190826,0.6409240961074829
-0.5421821475028992,-0.24958617985248566,0.6409240961074829
-0.4460691809654236,-0.2183571755886078,0.6409240961074829
-0.697696328163147,-0.13659797608852386,0.6409240961074829
-0.6382951736450195,-0.2183571755886078,0.6409240961074829
-0.6382951736450195,0.0462188720703125,0.6409240961074829
-0.697696328163147,-0.035540319979190826,0.6409240961074829
-0.4460691809654236,0.0462188720703125,0.6409240961074829
-0.5421821475028992,0.07744787633419037,0.6409240961074829
-0.4296514689922333,-0.16782717406749725,0.7268909215927124
-0.5851656794548035,-0.21835634112358093,0.7268911600112915
-0.6812776327133179,-0.08606915175914764,0.7268908619880676
-0.5851656794548035,0.046218037605285645,0.7268911600112915
-0.4296514689922333,-0.004311129450798035,0.7268909215927124
-0.5156179070472717,-0.16782690584659576,0.7800205945968628
-0.45621639490127563,-0.08606915175914764,0.7800201177597046
-0.6117296814918518,-0.13659778237342834,0.780020534992218
-0.6117296814918518,-0.03554052114486694,0.780020534992218
-0.5156179070472717,-0.004311405122280121,0.7800205945968628
