0.38033878803253174,-0.2968910336494446,0.35273465514183044
0.38033878803253174,-0.2968910336494446,0.41152143478393555
0.38033878803253174,0.2221442461013794,0.35273465514183044
0.38033878803253174,0.2221442461013794,0.41152143478393555
0.8756400942802429,-0.2968910336494446,0.35273465514183044
0.8756400942802429,-0.2968910336494446,0.41152143478393555
0.8756400942802429,0.2221442461013794,0.35273465514183044
0.8756400942802429,0.2221442461013794,0.41152143478393555
0.38033878803253174,-0.03737340867519379,0.35273465514183044
0.38033878803253174,-0.2968910336494446,0.3821280598640442
0.38033878803253174,-0.03737340867519379,0.41152143478393555
0.38033878803253174,0.2221442461013794,0.3821280598640442
0.6279894709587097,0.2221442461013794,0.35273465514183044
0.6279894709587097,0.2221442461013794,0.41152143478393555
0.8756400942802429,0.2221442461013794,0.3821280598640442
0.8756400942802429,-0.03737340867519379,0.35273465514183044
0.8756400942802429,-0.03737340867519379,0.41152143478393555
0.8756400942802429,-0.2968910336494446,0.3821280598640442
0.6279894709587097,-0.2968910336494446,0.35273465514183044
0.6279894709587097,-0.2968910336494446,0.41152143478393555
0.6279894709587097,-0.03737340867519379,0.41152143478393555
0.6279894709587097,-0.03737340867519379,0.35273465514183044
0.6279894709587097,-0.2968910336494446,0.3821280598640442
0.8756400942802429,-0.03737340867519379,0.3821280598640442
0.6279894709587097,0.2221442461013794,0.3821280598640442
0.38033878803253174,-0.03737340867519379,0.3821280598640442
0.38033878803253174,-0.16713222861289978,0.35273465514183044
0.38033878803253174,-0.2968910336494446,0.39682474732398987
0.38033878803253174,0.09238541126251221,0.41152143478393555
0.38033878803253174,0.2221442461013794,0.3674313426017761
0.5041640996932983,0.2221442461013794,0.35273465514183044
0.7518147826194763,0.2221442461013794,0.41152143478393555
0.8756400942802429,0.2221442461013794,0.3674313426017761
0.8756400942802429,0.09238541126251221,0.35273465514183044
0.8756400942802429,-0.16713222861289978,0.41152143478393555
0.8756400942802429,-0.2968910336494446,0.3674313426017761
0.7518147826194763,-0.2968910336494446,0.35273465514183044
0.5041640996932983,-0.2968910336494446,0.41152143478393555
0.38033878803253174,0.09238541126251221,0.35273465514183044
0.38033878803253174,-0.2968910336494446,0.3674313426017761
0.38033878803253174,-0.16713222861289978,0.41152143478393555
0.38033878803253174,0.2221442461013794,0.39682474732398987
0.7518147826194763,0.2221442461013794,0.35273465514183044
0.5041640996932983,0.2221442461013794,0.41152143478393555
0.8756400942802429,0.2221442461013794,0.39682474732398987
0.8756400942802429,-0.16713222861289978,0.35273465514183044
0.8756400942802429,0.09238541126251221,0.41152143478393555
0.8756400942802429,-0.2968910336494446,0.39682474732398987
0.5041640996932983,-0.2968910336494446,0.35273465514183044
0.7518147826194763,-0.2968910336494446,0.41152143478393555
0.6279894709587097,-0.16713222861289978,0.41152143478393555
0.6279894709587097,0.09238541126251221,0.41152143478393555
0.7518147826194763,-0.03737340867519379,0.41152143478393555
0.5041640996932983,-0.03737340867519379,0.41152143478393555
0.6279894709587097,-0.16713222861289978,0.35273465514183044
0.6279894709587097,0.09238541126251221,0.35273465514183044
0.5041640996932983,-0.03737340867519379,0.35273465514183044
0.7518147826194763,-0.03737340867519379,0.35273465514183044
0.5041640996932983,-0.2968910336494446,0.3821280598640442
0.7518147826194763,-0.2968910336494446,0.3821280598640442
0.6279894709587097,-0.2968910336494446,0.3674313426017761
0.6279894709587097,-0.2968910336494446,0.39682474732398987
0.8756400942802429,-0.16713222861289978,0.3821280598640442
0.8756400942802429,0.09238541126251221,0.3821280598640442
0.8756400942802429,-0.03737340867519379,0.3674313426017761
0.8756400942802429,-0.03737340867519379,0.39682474732398987
0.7518147826194763,0.2221442461013794,0.3821280598640442
0.5041640996932983,0.2221442461013794,0.3821280598640442
0.6279894709587097,0.2221442461013794,0.3674313426017761
0.6279894709587097,0.2221442461013794,0.39682474732398987
0.38033878803253174,0.09238541126251221,0.3821280598640442
0.38033878803253174,-0.16713222861289978,0.3821280598640442
0.38033878803253174,-0.03737340867519379,0.3674313426017761
0.38033878803253174,-0.03737340867519379,0.39682474732398987
0.38033878803253174,-0.16713222861289978,0.39682474732398987
0.38033878803253174,-0.16713222861289978,0.3674313426017761
0.38033878803253174,0.09238541126251221,0.3674313426017761
0.5041640996932983,0.2221442461013794,0.39682474732398987
0.5041640996932983,0.2221442461013794,0.3674313426017761
0.7518147826194763,0.2221442461013794,0.3674313426017761
0.8756400942802429,0.09238541126251221,0.39682474732398987
0.8756400942802429,0.09238541126251221,0.3674313426017761
0.8756400942802429,-0.16713222861289978,0.3674313426017761
0.7518147826194763,-0.2968910336494446,0.39682474732398987
0.7518147826194763,-0.2968910336494446,0.3674313426017761
0.5041640996932983,-0.2968910336494446,0.3674313426017761
0.7518147826194763,0.09238541126251221,0.35273465514183044
0.5041640996932983,0.09238541126251221,0.35273465514183044
0.5041640996932983,-0.16713222861289978,0.35273465514183044
0.5041640996932983,0.09238541126251221,0.41152143478393555
0.7518147826194763,0.09238541126251221,0.41152143478393555
0.7518147826194763,-0.16713222861289978,0.41152143478393555
0.5041640996932983,-0.16713222861289978,0.41152143478393555
0.7518147826194763,-0.16713222861289978,0.35273465514183044
0.5041640996932983,-0.2968910336494446,0.39682474732398987
0.8756400942802429,-0.16713222861289978,0.39682474732398987
0.7518147826194763,0.2221442461013794,0.39682474732398987
0.38033878803253174,0.09238541126251221,0.39682474732398987
0.38033878803253174,-0.232011616230011,0.35273465514183044
0.38033878803253174,-0.2968910336494446,0.4041730761528015
0.38033878803253174,0.1572648286819458,0.41152143478393555
0.38033878803253174,0.2221442461013794,0.3600830137729645
0.44225144386291504,0.2221442461013794,0.35273465514183044
0.8137274384498596,0.2221442461013794,0.41152143478393555
0.8756400942802429,0.2221442461013794,0.3600830137729645
0.8756400942802429,0.1572648286819458,0.35273465514183044
0.8756400942802429,-0.232011616230011,0.41152143478393555
0.8756400942802429,-0.2968910336494446,0.3600830137729645
0.8137274384498596,-0.2968910336494446,0.35273465514183044
0.44225144386291504,-0.2968910336494446,0.41152143478393555
0.38033878803253174,0.02750600129365921,0.35273465514183044
0.38033878803253174,-0.2968910336494446,0.37477970123291016
0.38033878803253174,-0.10225281864404678,0.41152143478393555
0.38033878803253174,0.2221442461013794,0.38947638869285583
0.689902126789093,0.2221442461013794,0.35273465514183044
0.5660768151283264,0.2221442461013794,0.41152143478393555
0.8756400942802429,0.2221442461013794,0.38947638869285583
0.8756400942802429,-0.10225281864404678,0.35273465514183044
0.8756400942802429,0.02750600129365921,0.41152143478393555
0.8756400942802429,-0.2968910336494446,0.38947638869285583
0.5660768151283264,-0.2968910336494446,0.35273465514183044
0.689902126789093,-0.2968910336494446,0.41152143478393555
0.6279894709587097,-0.232011616230011,0.41152143478393555
0.6279894709587097,0.02750600129365921,0.41152143478393555
0.8137274384498596,-0.03737340867519379,0.41152143478393555
0.5660768151283264,-0.03737340867519379,0.41152143478393555
0.6279894709587097,-0.232011616230011,0.35273465514183044
0.6279894709587097,0.02750600129365921,0.35273465514183044
0.44225144386291504,-0.03737340867519379,0.35273465514183044
0.689902126789093,-0.03737340867519379,0.35273465514183044
0.44225144386291504,-0.2968910336494446,0.3821280598640442
0.689902126789093,-0.2968910336494446,0.3821280598640442
0.6279894709587097,-0.2968910336494446,0.3600830137729645
0.6279894709587097,-0.2968910336494446,0.38947638869285583
0.8756400942802429,-0.232011616230011,0.3821280598640442
0.8756400942802429,0.02750600129365921,0.3821280598640442
0.8756400942802429,-0.03737340867519379,0.3600830137729645
0.8756400942802429,-0.03737340867519379,0.38947638869285583
0.8137274384498596,0.2221442461013794,0.3821280598640442
0.5660768151283264,0.2221442461013794,0.3821280598640442
0.6279894709587097,0.2221442461013794,0.3600830137729645
0.6279894709587097,0.2221442461013794,0.38947638869285583
0.38033878803253174,0.1572648286819458,0.3821280598640442
0.38033878803253174,-0.10225281864404678,0.3821280598640442
0.38033878803253174,-0.03737340867519379,0.3600830137729645
0.38033878803253174,-0.03737340867519379,0.38947638869285583
0.38033878803253174,-0.10225281864404678,0.35273465514183044
0.38033878803253174,-0.2968910336494446,0.38947638869285583
0.38033878803253174,0.02750600129365921,0.41152143478393555
0.38033878803253174,0.2221442461013794,0.37477970123291016
0.5660768151283264,0.2221442461013794,0.35273465514183044
0.689902126789093,0.2221442461013794,0.41152143478393555
0.8756400942802429,0.2221442461013794,0.37477970123291016
0.8756400942802429,0.02750600129365921,0.35273465514183044
0.8756400942802429,-0.10225281864404678,0.41152143478393555
0.8756400942802429,-0.2968910336494446,0.37477970123291016
0.689902126789093,-0.2968910336494446,0.35273465514183044
0.5660768151283264,-0.2968910336494446,0.41152143478393555
0.38033878803253174,0.1572648286819458,0.35273465514183044
0.38033878803253174,-0.2968910336494446,0.3600830137729645
0.38033878803253174,-0.232011616230011,0.41152143478393555
0.38033878803253174,0.2221442461013794,0.4041730761528015
0.8137274384498596,0.2221442461013794,0.35273465514183044
0.44225144386291504,0.2221442461013794,0.41152143478393555
0.8756400942802429,0.2221442461013794,0.4041730761528015
0.8756400942802429,-0.232011616230011,0.35273465514183044
0.8756400942802429,0.1572648286819458,0.41152143478393555
0.8756400942802429,-0.2968910336494446,0.4041730761528015
0.44225144386291504,-0.2968910336494446,0.35273465514183044
0.8137274384498596,-0.2968910336494446,0.41152143478393555
0.6279894709587097,-0.10225281864404678,0.41152143478393555
0.6279894709587097,0.1572648286819458,0.41152143478393555
0.689902126789093,-0.03737340867519379,0.41152143478393555
0.44225144386291504,-0.03737340867519379,0.41152143478393555
0.6279894709587097,-0.10225281864404678,0.35273465514183044
0.6279894709587097,0.1572648286819458,0.35273465514183044
0.5660768151283264,-0.03737340867519379,0.35273465514183044
0.8137274384498596,-0.03737340867519379,0.35273465514183044
0.5660768151283264,-0.2968910336494446,0.3821280598640442
0.8137274384498596,-0.2968910336494446,0.3821280598640442
0.6279894709587097,-0.2968910336494446,0.37477970123291016
0.6279894709587097,-0.2968910336494446,0.4041730761528015
0.8756400942802429,-0.10225281864404678,0.3821280598640442
0.8756400942802429,0.1572648286819458,0.3821280598640442
0.8756400942802429,-0.03737340867519379,0.37477970123291016
0.8756400942802429,-0.03737340867519379,0.4041730761528015
0.689902126789093,0.2221442461013794,0.3821280598640442
0.44225144386291504,0.2221442461013794,0.3821280598640442
0.6279894709587097,0.2221442461013794,0.37477970123291016
0.6279894709587097,0.2221442461013794,0.4041730761528015
0.38033878803253174,0.02750600129365921,0.3821280598640442
0.38033878803253174,-0.232011616230011,0.3821280598640442
0.38033878803253174,-0.03737340867519379,0.37477970123291016
0.38033878803253174,-0.03737340867519379,0.4041730761528015
0.38033878803253174,-0.10225281864404678,0.39682474732398987
0.38033878803253174,-0.232011616230011,0.39682474732398987
0.38033878803253174,-0.16713222861289978,0.38947638869285583
0.38033878803253174,-0.16713222861289978,0.4041730761528015
0.38033878803253174,-0.10225281864404678,0.3674313426017761
0.38033878803253174,-0.232011616230011,0.3674313426017761
0.38033878803253174,-0.16713222861289978,0.3600830137729645
0.38033878803253174,-0.16713222861289978,0.37477970123291016
0.38033878803253174,0.1572648286819458,0.3674313426017761
0.38033878803253174,0.02750600129365921,0.3674313426017761
0.38033878803253174,0.09238541126251221,0.3600830137729645
0.38033878803253174,0.09238541126251221,0.37477970123291016
0.5660768151283264,0.2221442461013794,0.39682474732398987
0.44225144386291504,0.2221442461013794,0.39682474732398987
0.5041640996932983,0.2221442461013794,0.38947638869285583
0.5041640996932983,0.2221442461013794,0.4041730761528015
0.5660768151283264,0.2221442461013794,0.3674313426017761
0.44225144386291504,0.2221442461013794,0.3674313426017761
0.5041640996932983,0.2221442461013794,0.3600830137729645
0.5041640996932983,0.2221442461013794,0.37477970123291016
0.8137274384498596,0.2221442461013794,0.3674313426017761
0.689902126789093,0.2221442461013794,0.3674313426017761
0.7518147826194763,0.2221442461013794,0.3600830137729645
0.7518147826194763,0.2221442461013794,0.37477970123291016
0.8756400942802429,0.02750600129365921,0.39682474732398987
0.8756400942802429,0.1572648286819458,0.39682474732398987
0.8756400942802429,0.09238541126251221,0.38947638869285583
0.8756400942802429,0.09238541126251221,0.4041730761528015
0.8756400942802429,0.02750600129365921,0.3674313426017761
0.8756400942802429,0.1572648286819458,0.3674313426017761
0.8756400942802429,0.09238541126251221,0.3600830137729645
0.8756400942802429,0.09238541126251221,0.37477970123291016
0.8756400942802429,-0.232011616230011,0.3674313426017761
0.8756400942802429,-0.10225281864404678,0.3674313426017761
0.8756400942802429,-0.16713222861289978,0.3600830137729645
0.8756400942802429,-0.16713222861289978,0.37477970123291016
0.689902126789093,-0.2968910336494446,0.39682474732398987
0.8137274384498596,-0.2968910336494446,0.39682474732398987
0.7518147826194763,-0.2968910336494446,0.38947638869285583
0.7518147826194763,-0.2968910336494446,0.4041730761528015
0.689902126789093,-0.2968910336494446,0.3674313426017761
0.8137274384498596,-0.2968910336494446,0.3674313426017761
0.7518147826194763,-0.2968910336494446,0.3600830137729645
0.7518147826194763,-0.2968910336494446,0.37477970123291016
0.44225144386291504,-0.2968910336494446,0.3674313426017761
0.5660768151283264,-0.2968910336494446,0.3674313426017761
0.5041640996932983,-0.2968910336494446,0.3600830137729645
0.5041640996932983,-0.2968910336494446,0.37477970123291016
0.7518147826194763,0.02750600129365921,0.35273465514183044
0.7518147826194763,0.1572648286819458,0.35273465514183044
0.689902126789093,0.09238541126251221,0.35273465514183044
0.8137274384498596,0.09238541126251221,0.35273465514183044
0.5041640996932983,0.02750600129365921,0.35273465514183044
0.5041640996932983,0.1572648286819458,0.35273465514183044
0.44225144386291504,0.09238541126251221,0.35273465514183044
0.5660768151283264,0.09238541126251221,0.35273465514183044
0.5041640996932983,-0.232011616230011,0.35273465514183044
0.5041640996932983,-0.10225281864404678,0.35273465514183044
0.44225144386291504,-0.16713222861289978,0.35273465514183044
0.5660768151283264,-0.16713222861289978,0.35273465514183044
0.5041640996932983,0.02750600129365921,0.41152143478393555
0.5041640996932983,0.1572648286819458,0.41152143478393555
0.5660768151283264,0.09238541126251221,0.41152143478393555
0.44225144386291504,0.09238541126251221,0.41152143478393555
0.7518147826194763,0.02750600129365921,0.41152143478393555
0.7518147826194763,0.1572648286819458,0.41152143478393555
0.8137274384498596,0.09238541126251221,0.41152143478393555
0.689902126789093,0.09238541126251221,0.41152143478393555
0.7518147826194763,-0.232011616230011,0.41152143478393555
0.7518147826194763,-0.10225281864404678,0.41152143478393555
0.8137274384498596,-0.16713222861289978,0.41152143478393555
0.689902126789093,-0.16713222861289978,0.41152143478393555
0.5041640996932983,-0.232011616230011,0.41152143478393555
0.5041640996932983,-0.10225281864404678,0.41152143478393555
0.5660768151283264,-0.16713222861289978,0.41152143478393555
0.44225144386291504,-0.16713222861289978,0.41152143478393555
0.7518147826194763,-0.232011616230011,0.35273465514183044
0.7518147826194763,-0.10225281864404678,0.35273465514183044
0.689902126789093,-0.16713222861289978,0.35273465514183044
0.8137274384498596,-0.16713222861289978,0.35273465514183044
0.44225144386291504,-0.2968910336494446,0.39682474732398987
0.5660768151283264,-0.2968910336494446,0.39682474732398987
0.5041640996932983,-0.2968910336494446,0.38947638869285583
0.5041640996932983,-0.2968910336494446,0.4041730761528015
0.8756400942802429,-0.232011616230011,0.39682474732398987
0.8756400942802429,-0.10225281864404678,0.39682474732398987
0.8756400942802429,-0.16713222861289978,0.38947638869285583
0.8756400942802429,-0.16713222861289978,0.4041730761528015
0.8137274384498596,0.2221442461013794,0.39682474732398987
0.689902126789093,0.2221442461013794,0.39682474732398987
0.7518147826194763,0.2221442461013794,0.38947638869285583
0.7518147826194763,0.2221442461013794,0.4041730761528015
0.38033878803253174,0.1572648286819458,0.39682474732398987
0.38033878803253174,0.02750600129365921,0.39682474732398987
0.38033878803253174,0.09238541126251221,0.38947638869285583
0.38033878803253174,0.09238541126251221,0.4041730761528015
0.38033878803253174,0.02750600129365921,0.4041730761528015
0.38033878803253174,0.02750600129365921,0.38947638869285583
0.38033878803253174,0.1572648286819458,0.38947638869285583
0.689902126789093,0.2221442461013794,0.4041730761528015
0.689902126789093,0.2221442461013794,0.38947638869285583
0.8137274384498596,0.2221442461013794,0.38947638869285583
0.8756400942802429,-0.10225281864404678,0.4041730761528015
0.8756400942802429,-0.10225281864404678,0.38947638869285583
0.8756400942802429,-0.232011616230011,0.38947638869285583
0.5660768151283264,-0.2968910336494446,0.4041730761528015
0.5660768151283264,-0.2968910336494446,0.38947638869285583
0.44225144386291504,-0.2968910336494446,0.38947638869285583
0.8137274384498596,-0.10225281864404678,0.35273465514183044
0.689902126789093,-0.10225281864404678,0.35273465514183044
0.689902126789093,-0.232011616230011,0.35273465514183044
0.44225144386291504,-0.10225281864404678,0.41152143478393555
0.5660768151283264,-0.10225281864404678,0.41152143478393555
0.5660768151283264,-0.232011616230011,0.41152143478393555
0.689902126789093,-0.10225281864404678,0.41152143478393555
0.8137274384498596,-0.10225281864404678,0.41152143478393555
0.8137274384498596,-0.232011616230011,0.41152143478393555
0.689902126789093,0.1572648286819458,0.41152143478393555
0.8137274384498596,0.1572648286819458,0.41152143478393555
0.8137274384498596,0.02750600129365921,0.41152143478393555
0.44225144386291504,0.1572648286819458,0.41152143478393555
0.5660768151283264,0.1572648286819458,0.41152143478393555
0.5660768151283264,0.02750600129365921,0.41152143478393555
0.5660768151283264,-0.10225281864404678,0.35273465514183044
0.44225144386291504,-0.10225281864404678,0.35273465514183044
0.44225144386291504,-0.232011616230011,0.35273465514183044
0.5660768151283264,0.1572648286819458,0.35273465514183044
0.44225144386291504,0.1572648286819458,0.35273465514183044
0.44225144386291504,0.02750600129365921,0.35273465514183044
0.8137274384498596,0.1572648286819458,0.35273465514183044
0.689902126789093,0.1572648286819458,0.35273465514183044
0.689902126789093,0.02750600129365921,0.35273465514183044
0.5660768151283264,-0.2968910336494446,0.37477970123291016
0.5660768151283264,-0.2968910336494446,0.3600830137729645
0.44225144386291504,-0.2968910336494446,0.3600830137729645
0.8137274384498596,-0.2968910336494446,0.37477970123291016
0.8137274384498596,-0.2968910336494446,0.3600830137729645
0.689902126789093,-0.2968910336494446,0.3600830137729645
0.8137274384498596,-0.2968910336494446,0.4041730761528015
0.8137274384498596,-0.2968910336494446,0.38947638869285583
0.689902126789093,-0.2968910336494446,0.38947638869285583
0.8756400942802429,-0.10225281864404678,0.37477970123291016
0.8756400942802429,-0.10225281864404678,0.3600830137729645
0.8756400942802429,-0.232011616230011,0.3600830137729645
0.8756400942802429,0.1572648286819458,0.37477970123291016
0.8756400942802429,0.1572648286819458,0.3600830137729645
0.8756400942802429,0.02750600129365921,0.3600830137729645
0.8756400942802429,0.1572648286819458,0.4041730761528015
0.8756400942802429,0.1572648286819458,0.38947638869285583
0.8756400942802429,0.02750600129365921,0.38947638869285583
0.689902126789093,0.2221442461013794,0.37477970123291016
0.689902126789093,0.2221442461013794,0.3600830137729645
0.8137274384498596,0.2221442461013794,0.3600830137729645
0.44225144386291504,0.2221442461013794,0.37477970123291016
0.44225144386291504,0.2221442461013794,0.3600830137729645
0.5660768151283264,0.2221442461013794,0.3600830137729645
0.44225144386291504,0.2221442461013794,0.4041730761528015
0.44225144386291504,0.2221442461013794,0.38947638869285583
0.5660768151283264,0.2221442461013794,0.38947638869285583
0.38033878803253174,0.02750600129365921,0.37477970123291016
0.38033878803253174,0.02750600129365921,0.3600830137729645
0.38033878803253174,0.1572648286819458,0.3600830137729645
0.38033878803253174,-0.232011616230011,0.37477970123291016
0.38033878803253174,-0.232011616230011,0.3600830137729645
0.38033878803253174,-0.10225281864404678,0.3600830137729645
0.38033878803253174,-0.232011616230011,0.4041730761528015
0.38033878803253174,-0.232011616230011,0.38947638869285583
0.38033878803253174,-0.10225281864404678,0.38947638869285583
0.38033878803253174,-0.10225281864404678,0.4041730761528015
0.38033878803253174,-0.10225281864404678,0.37477970123291016
0.38033878803253174,0.1572648286819458,0.37477970123291016
0.5660768151283264,0.2221442461013794,0.4041730761528015
0.5660768151283264,0.2221442461013794,0.37477970123291016
0.8137274384498596,0.2221442461013794,0.37477970123291016
0.8756400942802429,0.02750600129365921,0.4041730761528015
0.8756400942802429,0.02750600129365921,0.37477970123291016
0.8756400942802429,-0.232011616230011,0.37477970123291016
0.689902126789093,-0.2968910336494446,0.4041730761528015
0.689902126789093,-0.2968910336494446,0.37477970123291016
0.44225144386291504,-0.2968910336494446,0.37477970123291016
0.8137274384498596,0.02750600129365921,0.35273465514183044
0.5660768151283264,0.02750600129365921,0.35273465514183044
0.5660768151283264,-0.232011616230011,0.35273465514183044
0.44225144386291504,0.02750600129365921,0.41152143478393555
0.689902126789093,0.02750600129365921,0.41152143478393555
0.689902126789093,-0.232011616230011,0.41152143478393555
0.44225144386291504,-0.232011616230011,0.41152143478393555
0.8137274384498596,-0.232011616230011,0.35273465514183044
0.44225144386291504,-0.2968910336494446,0.4041730761528015
0.8756400942802429,-0.232011616230011,0.4041730761528015
0.8137274384498596,0.2221442461013794,0.4041730761528015
0.38033878803253174,0.1572648286819458,0.4041730761528015
