0.1396103799343109,-0.46763813495635986,0.763475775718689
0.1396103799343109,-0.46763813495635986,0.8057718276977539
0.1396103799343109,0.30538952350616455,0.763475775718689
0.1396103799343109,0.30538952350616455,0.8057718276977539
0.18190643191337585,-0.46763813495635986,0.763475775718689
0.18190643191337585,-0.46763813495635986,0.8057718276977539
0.18190643191337585,0.30538952350616455,0.763475775718689
0.18190643191337585,0.30538952350616455,0.8057718276977539
0.1396103799343109,-0.08112427592277527,0.763475775718689
0.1396103799343109,-0.46763813495635986,0.7846238017082214
0.1396103799343109,-0.08112427592277527,0.8057718276977539
0.1396103799343109,0.30538952350616455,0.7846238017082214
0.16075840592384338,0.30538952350616455,0.763475775718689
0.16075840592384338,0.30538952350616455,0.8057718276977539
0.18190643191337585,0.30538952350616455,0.7846238017082214
0.18190643191337585,-0.08112427592277527,0.763475775718689
0.18190643191337585,-0.08112427592277527,0.8057718276977539
0.18190643191337585,-0.46763813495635986,0.7846238017082214
0.16075840592384338,-0.46763813495635986,0.763475775718689
0.16075840592384338,-0.46763813495635986,0.8057718276977539
0.16075840592384338,-0.08112427592277527,0.8057718276977539
0.16075840592384338,-0.08112427592277527,0.763475775718689
0.16075840592384338,-0.46763813495635986,0.7846238017082214
0.18190643191337585,-0.08112427592277527,0.7846238017082214
0.16075840592384338,0.30538952350616455,0.7846238017082214
0.1396103799343109,-0.08112427592277527,0.7846238017082214
0.1396103799343109,-0.27438122034072876,0.763475775718689
0.1396103799343109,-0.46763813495635986,0.7951977849006653
0.1396103799343109,0.11213262379169464,0.8057718276977539
0.1396103799343109,0.30538952350616455,0.7740497589111328
0.15018439292907715,0.30538952350616455,0.763475775718689
0.17133238911628723,0.30538952350616455,0.8057718276977539
0.18190643191337585,0.30538952350616455,0.7740497589111328
0.18190643191337585,0.11213262379169464,0.763475775718689
0.18190643191337585,-0.27438122034072876,0.8057718276977539
0.18190643191337585,-0.46763813495635986,0.7740497589111328
0.17133238911628723,-0.46763813495635986,0.763475775718689
0.15018439292907715,-0.46763813495635986,0.8057718276977539
0.1396103799343109,0.11213262379169464,0.763475775718689
0.1396103799343109,-0.46763813495635986,0.7740497589111328
0.1396103799343109,-0.27438122034072876,0.8057718276977539
0.1396103799343109,0.30538952350616455,0.7951977849006653
0.17133238911628723,0.30538952350616455,0.763475775718689
0.15018439292907715,0.30538952350616455,0.8057718276977539
0.18190643191337585,0.30538952350616455,0.7951977849006653
0.18190643191337585,-0.27438122034072876,0.763475775718689
0.18190643191337585,0.11213262379169464,0.8057718276977539
0.18190643191337585,-0.46763813495635986,0.7951977849006653
0.15018439292907715,-0.46763813495635986,0.763475775718689
0.17133238911628723,-0.46763813495635986,0.8057718276977539
0.16075840592384338,-0.27438122034072876,0.8057718276977539
0.16075840592384338,0.11213262379169464,0.8057718276977539
0.17133238911628723,-0.08112427592277527,0.8057718276977539
0.15018439292907715,-0.08112427592277527,0.8057718276977539
0.16075840592384338,-0.27438122034072876,0.763475775718689
0.16075840592384338,0.11213262379169464,0.763475775718689
0.15018439292907715,-0.08112427592277527,0.763475775718689
0.17133238911628723,-0.08112427592277527,0.763475775718689
0.15018439292907715,-0.46763813495635986,0.7846238017082214
0.17133238911628723,-0.46763813495635986,0.7846238017082214
0.16075840592384338,-0.46763813495635986,0.7740497589111328
0.16075840592384338,-0.46763813495635986,0.7951977849006653
0.18190643191337585,-0.27438122034072876,0.7846238017082214
0.18190643191337585,0.11213262379169464,0.7846238017082214
0.18190643191337585,-0.08112427592277527,0.7740497589111328
0.18190643191337585,-0.08112427592277527,0.7951977849006653
0.17133238911628723,0.30538952350616455,0.7846238017082214
0.15018439292907715,0.30538952350616455,0.7846238017082214
0.16075840592384338,0.30538952350616455,0.7740497589111328
0.16075840592384338,0.30538952350616455,0.7951977849006653
0.1396103799343109,0.11213262379169464,0.7846238017082214
0.1396103799343109,-0.27438122034072876,0.7846238017082214
0.1396103799343109,-0.08112427592277527,0.7740497589111328
0.1396103799343109,-0.08112427592277527,0.7951977849006653
0.1396103799343109,-0.27438122034072876,0.7951977849006653
0.1396103799343109,-0.27438122034072876,0.7740497589111328
0.1396103799343109,0.11213262379169464,0.7740497589111328
0.15018439292907715,0.30538952350616455,0.7951977849006653
0.15018439292907715,0.30538952350616455,0.7740497589111328
0.17133238911628723,0.30538952350616455,0.7740497589111328
0.18190643191337585,0.11213262379169464,0.7951977849006653
0.18190643191337585,0.11213262379169464,0.7740497589111328
0.18190643191337585,-0.27438122034072876,0.7740497589111328
0.17133238911628723,-0.46763813495635986,0.7951977849006653
0.17133238911628723,-0.46763813495635986,0.7740497589111328
0.15018439292907715,-0.46763813495635986,0.7740497589111328
0.17133238911628723,0.11213262379169464,0.763475775718689
0.15018439292907715,0.11213262379169464,0.763475775718689
0.15018439292907715,-0.27438122034072876,0.763475775718689
0.15018439292907715,0.11213262379169464,0.8057718276977539
0.17133238911628723,0.11213262379169464,0.8057718276977539
0.17133238911628723,-0.27438122034072876,0.8057718276977539
0.15018439292907715,-0.27438122034072876,0.8057718276977539
0.17133238911628723,-0.27438122034072876,0.763475775718689
0.15018439292907715,-0.46763813495635986,0.7951977849006653
0.18190643191337585,-0.27438122034072876,0.7951977849006653
0.17133238911628723,0.30538952350616455,0.7951977849006653
0.1396103799343109,0.11213262379169464,0.7951977849006653
0.1396103799343109,-0.3710096478462219,0.763475775718689
0.18190643191337585,-0.3710096478462219,0.8057718276977539
0.16075840592384338,-0.3710096478462219,0.8057718276977539
0.16075840592384338,-0.3710096478462219,0.763475775718689
0.18190643191337585,-0.3710096478462219,0.7846238017082214
0.1396103799343109,-0.3710096478462219,0.8057718276977539
0.18190643191337585,-0.3710096478462219,0.763475775718689
0.1396103799343109,-0.3710096478462219,0.7846238017082214
0.1396103799343109,-0.3710096478462219,0.7951977849006653
0.1396103799343109,-0.3710096478462219,0.7740497589111328
0.18190643191337585,-0.3710096478462219,0.7740497589111328
0.15018439292907715,-0.3710096478462219,0.763475775718689
0.17133238911628723,-0.3710096478462219,0.8057718276977539
0.15018439292907715,-0.3710096478462219,0.8057718276977539
0.17133238911628723,-0.3710096478462219,0.763475775718689
0.18190643191337585,-0.3710096478462219,0.7951977849006653
0.1396103799343109,-0.17775270342826843,0.8057718276977539
0.18190643191337585,-0.17775270342826843,0.763475775718689
0.1396103799343109,-0.17775270342826843,0.7846238017082214
0.1396103799343109,-0.17775270342826843,0.763475775718689
0.18190643191337585,-0.17775270342826843,0.8057718276977539
0.16075840592384338,-0.17775270342826843,0.8057718276977539
0.16075840592384338,-0.17775270342826843,0.763475775718689
0.18190643191337585,-0.17775270342826843,0.7846238017082214
0.1396103799343109,-0.17775270342826843,0.7951977849006653
0.1396103799343109,-0.17775270342826843,0.7740497589111328
0.18190643191337585,-0.17775270342826843,0.7740497589111328
0.15018439292907715,-0.17775270342826843,0.763475775718689
0.17133238911628723,-0.17775270342826843,0.8057718276977539
0.15018439292907715,-0.17775270342826843,0.8057718276977539
0.17133238911628723,-0.17775270342826843,0.763475775718689
0.18190643191337585,-0.17775270342826843,0.7951977849006653
0.1396103799343109,0.015504151582717896,0.763475775718689
0.18190643191337585,0.015504151582717896,0.8057718276977539
0.16075840592384338,0.015504151582717896,0.8057718276977539
0.16075840592384338,0.015504151582717896,0.763475775718689
0.18190643191337585,0.015504151582717896,0.7846238017082214
0.1396103799343109,0.015504151582717896,0.8057718276977539
0.18190643191337585,0.015504151582717896,0.763475775718689
0.1396103799343109,0.015504151582717896,0.7846238017082214
0.1396103799343109,0.015504151582717896,0.7740497589111328
0.18190643191337585,0.015504151582717896,0.7951977849006653
0.18190643191337585,0.015504151582717896,0.7740497589111328
0.17133238911628723,0.015504151582717896,0.763475775718689
0.15018439292907715,0.015504151582717896,0.763475775718689
0.15018439292907715,0.015504151582717896,0.8057718276977539
0.17133238911628723,0.015504151582717896,0.8057718276977539
0.1396103799343109,0.015504151582717896,0.7951977849006653
0.1396103799343109,0.208761066198349,0.8057718276977539
0.18190643191337585,0.208761066198349,0.763475775718689
0.1396103799343109,0.208761066198349,0.7846238017082214
0.1396103799343109,0.208761066198349,0.763475775718689
0.18190643191337585,0.208761066198349,0.8057718276977539
0.16075840592384338,0.208761066198349,0.8057718276977539
0.16075840592384338,0.208761066198349,0.763475775718689
0.18190643191337585,0.208761066198349,0.7846238017082214
0.1396103799343109,0.208761066198349,0.7740497589111328
0.18190643191337585,0.208761066198349,0.7951977849006653
0.18190643191337585,0.208761066198349,0.7740497589111328
0.17133238911628723,0.208761066198349,0.763475775718689
0.15018439292907715,0.208761066198349,0.763475775718689
0.15018439292907715,0.208761066198349,0.8057718276977539
0.17133238911628723,0.208761066198349,0.8057718276977539
0.1396103799343109,0.208761066198349,0.7951977849006653
