0.16906312108039856,-0.2968910336494446,0.35273465514183044
0.16906312108039856,-0.2968910336494446,0.41152143478393555
0.16906312108039856,0.2221442461013794,0.35273465514183044
0.16906312108039856,0.2221442461013794,0.41152143478393555
0.6643643975257874,-0.2968910336494446,0.35273465514183044
0.6643643975257874,-0.2968910336494446,0.41152143478393555
0.6643643975257874,0.2221442461013794,0.35273465514183044
0.6643643975257874,0.2221442461013794,0.41152143478393555
0.16906312108039856,-0.03737340867519379,0.35273465514183044
0.16906312108039856,-0.2968910336494446,0.3821280598640442
0.16906312108039856,-0.03737340867519379,0.41152143478393555
0.16906312108039856,0.2221442461013794,0.3821280598640442
0.41671377420425415,0.2221442461013794,0.35273465514183044
0.41671377420425415,0.2221442461013794,0.41152143478393555
0.6643643975257874,0.2221442461013794,0.3821280598640442
0.6643643975257874,-0.03737340867519379,0.35273465514183044
0.6643643975257874,-0.03737340867519379,0.41152143478393555
0.6643643975257874,-0.2968910336494446,0.3821280598640442
0.41671377420425415,-0.2968910336494446,0.35273465514183044
0.41671377420425415,-0.2968910336494446,0.41152143478393555
0.41671377420425415,-0.03737340867519379,0.41152143478393555
0.41671377420425415,-0.03737340867519379,0.35273465514183044
0.41671377420425415,-0.2968910336494446,0.3821280598640442
0.6643643975257874,-0.03737340867519379,0.3821280598640442
0.41671377420425415,0.2221442461013794,0.3821280598640442
0.16906312108039856,-0.03737340867519379,0.3821280598640442
0.16906312108039856,-0.16713222861289978,0.35273465514183044
0.16906312108039856,-0.2968910336494446,0.39682474732398987
0.16906312108039856,0.09238541126251221,0.41152143478393555
0.16906312108039856,0.2221442461013794,0.3674313426017761
0.29288843274116516,0.2221442461013794,0.35273465514183044
0.5405390858650208,0.2221442461013794,0.41152143478393555
0.6643643975257874,0.2221442461013794,0.3674313426017761
0.6643643975257874,0.09238541126251221,0.35273465514183044
0.6643643975257874,-0.16713222861289978,0.41152143478393555
0.6643643975257874,-0.2968910336494446,0.3674313426017761
0.5405390858650208,-0.2968910336494446,0.35273465514183044
0.29288843274116516,-0.2968910336494446,0.41152143478393555
0.16906312108039856,0.09238541126251221,0.35273465514183044
0.16906312108039856,-0.2968910336494446,0.3674313426017761
0.16906312108039856,-0.16713222861289978,0.41152143478393555
0.16906312108039856,0.2221442461013794,0.39682474732398987
0.5405390858650208,0.2221442461013794,0.35273465514183044
0.29288843274116516,0.2221442461013794,0.41152143478393555
0.6643643975257874,0.2221442461013794,0.39682474732398987
0.6643643975257874,-0.16713222861289978,0.35273465514183044
0.6643643975257874,0.09238541126251221,0.41152143478393555
0.6643643975257874,-0.2968910336494446,0.39682474732398987
0.29288843274116516,-0.2968910336494446,0.35273465514183044
0.5405390858650208,-0.2968910336494446,0.41152143478393555
0.41671377420425415,-0.16713222861289978,0.41152143478393555
0.41671377420425415,0.09238541126251221,0.41152143478393555
0.5405390858650208,-0.03737340867519379,0.41152143478393555
0.29288843274116516,-0.03737340867519379,0.41152143478393555
0.41671377420425415,-0.16713222861289978,0.35273465514183044
0.41671377420425415,0.09238541126251221,0.35273465514183044
0.29288843274116516,-0.03737340867519379,0.35273465514183044
0.5405390858650208,-0.03737340867519379,0.35273465514183044
0.29288843274116516,-0.2968910336494446,0.3821280598640442
0.5405390858650208,-0.2968910336494446,0.3821280598640442
0.41671377420425415,-0.2968910336494446,0.3674313426017761
0.41671377420425415,-0.2968910336494446,0.39682474732398987
0.6643643975257874,-0.16713222861289978,0.3821280598640442
0.6643643975257874,0.09238541126251221,0.3821280598640442
0.6643643975257874,-0.03737340867519379,0.3674313426017761
0.6643643975257874,-0.03737340867519379,0.39682474732398987
0.5405390858650208,0.2221442461013794,0.3821280598640442
0.29288843274116516,0.2221442461013794,0.3821280598640442
0.41671377420425415,0.2221442461013794,0.3674313426017761
0.41671377420425415,0.2221442461013794,0.39682474732398987
0.16906312108039856,0.09238541126251221,0.3821280598640442
0.16906312108039856,-0.16713222861289978,0.3821280598640442
0.16906312108039856,-0.03737340867519379,0.3674313426017761
0.16906312108039856,-0.03737340867519379,0.39682474732398987
0.16906312108039856,-0.16713222861289978,0.39682474732398987
0.16906312108039856,-0.16713222861289978,0.3674313426017761
0.16906312108039856,0.09238541126251221,0.3674313426017761
0.29288843274116516,0.2221442461013794,0.39682474732398987
0.29288843274116516,0.2221442461013794,0.3674313426017761
0.5405390858650208,0.2221442461013794,0.3674313426017761
0.6643643975257874,0.09238541126251221,0.39682474732398987
0.6643643975257874,0.09238541126251221,0.3674313426017761
0.6643643975257874,-0.16713222861289978,0.3674313426017761
0.5405390858650208,-0.2968910336494446,0.39682474732398987
0.5405390858650208,-0.2968910336494446,0.3674313426017761
0.29288843274116516,-0.2968910336494446,0.3674313426017761
0.5405390858650208,0.09238541126251221,0.35273465514183044
0.29288843274116516,0.09238541126251221,0.35273465514183044
0.29288843274116516,-0.16713222861289978,0.35273465514183044
0.29288843274116516,0.09238541126251221,0.41152143478393555
0.5405390858650208,0.09238541126251221,0.41152143478393555
0.5405390858650208,-0.16713222861289978,0.41152143478393555
0.29288843274116516,-0.16713222861289978,0.41152143478393555
0.5405390858650208,-0.16713222861289978,0.35273465514183044
0.29288843274116516,-0.2968910336494446,0.39682474732398987
0.6643643975257874,-0.16713222861289978,0.39682474732398987
0.5405390858650208,0.2221442461013794,0.39682474732398987
0.16906312108039856,0.09238541126251221,0.39682474732398987
0.16906312108039856,-0.232011616230011,0.35273465514183044
0.16906312108039856,-0.2968910336494446,0.4041730761528015
0.16906312108039856,0.1572648286819458,0.41152143478393555
0.16906312108039856,0.2221442461013794,0.3600830137729645
0.23097577691078186,0.2221442461013794,0.35273465514183044
0.602451741695404,0.2221442461013794,0.41152143478393555
0.6643643975257874,0.2221442461013794,0.3600830137729645
0.6643643975257874,0.1572648286819458,0.35273465514183044
0.6643643975257874,-0.232011616230011,0.41152143478393555
0.6643643975257874,-0.2968910336494446,0.3600830137729645
0.602451741695404,-0.2968910336494446,0.35273465514183044
0.23097577691078186,-0.2968910336494446,0.41152143478393555
0.16906312108039856,0.02750600129365921,0.35273465514183044
0.16906312108039856,-0.2968910336494446,0.37477970123291016
0.16906312108039856,-0.10225281864404678,0.41152143478393555
0.16906312108039856,0.2221442461013794,0.38947638869285583
0.47862643003463745,0.2221442461013794,0.35273465514183044
0.35480111837387085,0.2221442461013794,0.41152143478393555
0.6643643975257874,0.2221442461013794,0.38947638869285583
0.6643643975257874,-0.10225281864404678,0.35273465514183044
0.6643643975257874,0.02750600129365921,0.41152143478393555
0.6643643975257874,-0.2968910336494446,0.38947638869285583
0.35480111837387085,-0.2968910336494446,0.35273465514183044
0.47862643003463745,-0.2968910336494446,0.41152143478393555
0.41671377420425415,-0.232011616230011,0.41152143478393555
0.41671377420425415,0.02750600129365921,0.41152143478393555
0.602451741695404,-0.03737340867519379,0.41152143478393555
0.35480111837387085,-0.03737340867519379,0.41152143478393555
0.41671377420425415,-0.232011616230011,0.35273465514183044
0.41671377420425415,0.02750600129365921,0.35273465514183044
0.23097577691078186,-0.03737340867519379,0.35273465514183044
0.47862643003463745,-0.03737340867519379,0.35273465514183044
0.23097577691078186,-0.2968910336494446,0.3821280598640442
0.47862643003463745,-0.2968910336494446,0.3821280598640442
0.41671377420425415,-0.2968910336494446,0.3600830137729645
0.41671377420425415,-0.2968910336494446,0.38947638869285583
0.6643643975257874,-0.232011616230011,0.3821280598640442
0.6643643975257874,0.02750600129365921,0.3821280598640442
0.6643643975257874,-0.03737340867519379,0.3600830137729645
0.6643643975257874,-0.03737340867519379,0.38947638869285583
0.602451741695404,0.2221442461013794,0.3821280598640442
0.35480111837387085,0.2221442461013794,0.3821280598640442
0.41671377420425415,0.2221442461013794,0.3600830137729645
0.41671377420425415,0.2221442461013794,0.38947638869285583
0.16906312108039856,0.1572648286819458,0.3821280598640442
0.16906312108039856,-0.10225281864404678,0.3821280598640442
0.16906312108039856,-0.03737340867519379,0.3600830137729645
0.16906312108039856,-0.03737340867519379,0.38947638869285583
0.16906312108039856,-0.10225281864404678,0.35273465514183044
0.16906312108039856,-0.2968910336494446,0.38947638869285583
0.16906312108039856,0.02750600129365921,0.41152143478393555
0.16906312108039856,0.2221442461013794,0.37477970123291016
0.35480111837387085,0.2221442461013794,0.35273465514183044
0.47862643003463745,0.2221442461013794,0.41152143478393555
0.6643643975257874,0.2221442461013794,0.37477970123291016
0.6643643975257874,0.02750600129365921,0.35273465514183044
0.6643643975257874,-0.10225281864404678,0.41152143478393555
0.6643643975257874,-0.2968910336494446,0.37477970123291016
0.47862643003463745,-0.2968910336494446,0.35273465514183044
0.35480111837387085,-0.2968910336494446,0.41152143478393555
0.16906312108039856,0.1572648286819458,0.35273465514183044
0.16906312108039856,-0.2968910336494446,0.3600830137729645
0.16906312108039856,-0.232011616230011,0.41152143478393555
0.16906312108039856,0.2221442461013794,0.4041730761528015
0.602451741695404,0.2221442461013794,0.35273465514183044
0.23097577691078186,0.2221442461013794,0.41152143478393555
0.6643643975257874,0.2221442461013794,0.4041730761528015
0.6643643975257874,-0.232011616230011,0.35273465514183044
0.6643643975257874,0.1572648286819458,0.41152143478393555
0.6643643975257874,-0.2968910336494446,0.4041730761528015
0.23097577691078186,-0.2968910336494446,0.35273465514183044
0.602451741695404,-0.2968910336494446,0.41152143478393555
0.41671377420425415,-0.10225281864404678,0.41152143478393555
0.41671377420425415,0.1572648286819458,0.41152143478393555
0.47862643003463745,-0.03737340867519379,0.41152143478393555
0.23097577691078186,-0.03737340867519379,0.41152143478393555
0.41671377420425415,-0.10225281864404678,0.35273465514183044
0.41671377420425415,0.1572648286819458,0.35273465514183044
0.35480111837387085,-0.03737340867519379,0.35273465514183044
0.602451741695404,-0.03737340867519379,0.35273465514183044
0.35480111837387085,-0.2968910336494446,0.3821280598640442
0.602451741695404,-0.2968910336494446,0.3821280598640442
0.41671377420425415,-0.2968910336494446,0.37477970123291016
0.41671377420425415,-0.2968910336494446,0.4041730761528015
0.6643643975257874,-0.10225281864404678,0.3821280598640442
0.6643643975257874,0.1572648286819458,0.3821280598640442
0.6643643975257874,-0.03737340867519379,0.37477970123291016
0.6643643975257874,-0.03737340867519379,0.4041730761528015
0.47862643003463745,0.2221442461013794,0.3821280598640442
0.23097577691078186,0.2221442461013794,0.3821280598640442
0.41671377420425415,0.2221442461013794,0.37477970123291016
0.41671377420425415,0.2221442461013794,0.4041730761528015
0.16906312108039856,0.02750600129365921,0.3821280598640442
0.16906312108039856,-0.232011616230011,0.3821280598640442
0.16906312108039856,-0.03737340867519379,0.37477970123291016
0.16906312108039856,-0.03737340867519379,0.4041730761528015
0.16906312108039856,-0.10225281864404678,0.39682474732398987
0.16906312108039856,-0.232011616230011,0.39682474732398987
0.16906312108039856,-0.16713222861289978,0.38947638869285583
0.16906312108039856,-0.16713222861289978,0.4041730761528015
0.16906312108039856,-0.10225281864404678,0.3674313426017761
0.16906312108039856,-0.232011616230011,0.3674313426017761
0.16906312108039856,-0.16713222861289978,0.3600830137729645
0.16906312108039856,-0.16713222861289978,0.37477970123291016
0.16906312108039856,0.1572648286819458,0.3674313426017761
0.16906312108039856,0.02750600129365921,0.3674313426017761
0.16906312108039856,0.09238541126251221,0.3600830137729645
0.16906312108039856,0.09238541126251221,0.37477970123291016
0.35480111837387085,0.2221442461013794,0.39682474732398987
0.23097577691078186,0.2221442461013794,0.39682474732398987
0.29288843274116516,0.2221442461013794,0.38947638869285583
0.29288843274116516,0.2221442461013794,0.4041730761528015
0.35480111837387085,0.2221442461013794,0.3674313426017761
0.23097577691078186,0.2221442461013794,0.3674313426017761
0.29288843274116516,0.2221442461013794,0.3600830137729645
0.29288843274116516,0.2221442461013794,0.37477970123291016
0.602451741695404,0.2221442461013794,0.3674313426017761
0.47862643003463745,0.2221442461013794,0.3674313426017761
0.5405390858650208,0.2221442461013794,0.3600830137729645
0.5405390858650208,0.2221442461013794,0.37477970123291016
0.6643643975257874,0.02750600129365921,0.39682474732398987
0.6643643975257874,0.1572648286819458,0.39682474732398987
0.6643643975257874,0.09238541126251221,0.38947638869285583
0.6643643975257874,0.09238541126251221,0.4041730761528015
0.6643643975257874,0.02750600129365921,0.3674313426017761
0.6643643975257874,0.1572648286819458,0.3674313426017761
0.6643643975257874,0.09238541126251221,0.3600830137729645
0.6643643975257874,0.09238541126251221,0.37477970123291016
0.6643643975257874,-0.232011616230011,0.3674313426017761
0.6643643975257874,-0.10225281864404678,0.3674313426017761
0.6643643975257874,-0.16713222861289978,0.3600830137729645
0.6643643975257874,-0.16713222861289978,0.37477970123291016
0.47862643003463745,-0.2968910336494446,0.39682474732398987
0.602451741695404,-0.2968910336494446,0.39682474732398987
0.5405390858650208,-0.2968910336494446,0.38947638869285583
0.5405390858650208,-0.2968910336494446,0.4041730761528015
0.47862643003463745,-0.2968910336494446,0.3674313426017761
0.602451741695404,-0.2968910336494446,0.3674313426017761
0.5405390858650208,-0.2968910336494446,0.3600830137729645
0.5405390858650208,-0.2968910336494446,0.37477970123291016
0.23097577691078186,-0.2968910336494446,0.3674313426017761
0.35480111837387085,-0.2968910336494446,0.3674313426017761
0.29288843274116516,-0.2968910336494446,0.3600830137729645
0.29288843274116516,-0.2968910336494446,0.37477970123291016
0.5405390858650208,0.02750600129365921,0.35273465514183044
0.5405390858650208,0.1572648286819458,0.35273465514183044
0.47862643003463745,0.09238541126251221,0.35273465514183044
0.602451741695404,0.09238541126251221,0.35273465514183044
0.29288843274116516,0.02750600129365921,0.35273465514183044
0.29288843274116516,0.1572648286819458,0.35273465514183044
0.23097577691078186,0.09238541126251221,0.35273465514183044
0.35480111837387085,0.09238541126251221,0.35273465514183044
0.29288843274116516,-0.232011616230011,0.35273465514183044
0.29288843274116516,-0.10225281864404678,0.35273465514183044
0.23097577691078186,-0.16713222861289978,0.35273465514183044
0.35480111837387085,-0.16713222861289978,0.35273465514183044
0.29288843274116516,0.02750600129365921,0.41152143478393555
0.29288843274116516,0.1572648286819458,0.41152143478393555
0.35480111837387085,0.09238541126251221,0.41152143478393555
0.23097577691078186,0.09238541126251221,0.41152143478393555
0.5405390858650208,0.02750600129365921,0.41152143478393555
0.5405390858650208,0.1572648286819458,0.41152143478393555
0.602451741695404,0.09238541126251221,0.41152143478393555
0.47862643003463745,0.09238541126251221,0.41152143478393555
0.5405390858650208,-0.232011616230011,0.41152143478393555
0.5405390858650208,-0.10225281864404678,0.41152143478393555
0.602451741695404,-0.16713222861289978,0.41152143478393555
0.47862643003463745,-0.16713222861289978,0.41152143478393555
0.29288843274116516,-0.232011616230011,0.41152143478393555
0.29288843274116516,-0.10225281864404678,0.41152143478393555
0.35480111837387085,-0.16713222861289978,0.41152143478393555
0.23097577691078186,-0.16713222861289978,0.41152143478393555
0.5405390858650208,-0.232011616230011,0.35273465514183044
0.5405390858650208,-0.10225281864404678,0.35273465514183044
0.47862643003463745,-0.16713222861289978,0.35273465514183044
0.602451741695404,-0.16713222861289978,0.35273465514183044
0.23097577691078186,-0.2968910336494446,0.39682474732398987
0.35480111837387085,-0.2968910336494446,0.39682474732398987
0.29288843274116516,-0.2968910336494446,0.38947638869285583
0.29288843274116516,-0.2968910336494446,0.4041730761528015
0.6643643975257874,-0.232011616230011,0.39682474732398987
0.6643643975257874,-0.10225281864404678,0.39682474732398987
0.6643643975257874,-0.16713222861289978,0.38947638869285583
0.6643643975257874,-0.16713222861289978,0.4041730761528015
0.602451741695404,0.2221442461013794,0.39682474732398987
0.47862643003463745,0.2221442461013794,0.39682474732398987
0.5405390858650208,0.2221442461013794,0.38947638869285583
0.5405390858650208,0.2221442461013794,0.4041730761528015
0.16906312108039856,0.1572648286819458,0.39682474732398987
0.16906312108039856,0.02750600129365921,0.39682474732398987
0.16906312108039856,0.09238541126251221,0.38947638869285583
0.16906312108039856,0.09238541126251221,0.4041730761528015
0.16906312108039856,0.02750600129365921,0.4041730761528015
0.16906312108039856,0.02750600129365921,0.38947638869285583
0.16906312108039856,0.1572648286819458,0.38947638869285583
0.47862643003463745,0.2221442461013794,0.4041730761528015
0.47862643003463745,0.2221442461013794,0.38947638869285583
0.602451741695404,0.2221442461013794,0.38947638869285583
0.6643643975257874,-0.10225281864404678,0.4041730761528015
0.6643643975257874,-0.10225281864404678,0.38947638869285583
0.6643643975257874,-0.232011616230011,0.38947638869285583
0.35480111837387085,-0.2968910336494446,0.4041730761528015
0.35480111837387085,-0.2968910336494446,0.38947638869285583
0.23097577691078186,-0.2968910336494446,0.38947638869285583
0.602451741695404,-0.10225281864404678,0.35273465514183044
0.47862643003463745,-0.10225281864404678,0.35273465514183044
0.47862643003463745,-0.232011616230011,0.35273465514183044
0.23097577691078186,-0.10225281864404678,0.41152143478393555
0.35480111837387085,-0.10225281864404678,0.41152143478393555
0.35480111837387085,-0.232011616230011,0.41152143478393555
0.47862643003463745,-0.10225281864404678,0.41152143478393555
0.602451741695404,-0.10225281864404678,0.41152143478393555
0.602451741695404,-0.232011616230011,0.41152143478393555
0.47862643003463745,0.1572648286819458,0.41152143478393555
0.602451741695404,0.1572648286819458,0.41152143478393555
0.602451741695404,0.02750600129365921,0.41152143478393555
0.23097577691078186,0.1572648286819458,0.41152143478393555
0.35480111837387085,0.1572648286819458,0.41152143478393555
0.35480111837387085,0.02750600129365921,0.41152143478393555
0.35480111837387085,-0.10225281864404678,0.35273465514183044
0.23097577691078186,-0.10225281864404678,0.35273465514183044
0.23097577691078186,-0.232011616230011,0.35273465514183044
0.35480111837387085,0.1572648286819458,0.35273465514183044
0.23097577691078186,0.1572648286819458,0.35273465514183044
0.23097577691078186,0.02750600129365921,0.35273465514183044
0.602451741695404,0.1572648286819458,0.35273465514183044
0.47862643003463745,0.1572648286819458,0.35273465514183044
0.47862643003463745,0.02750600129365921,0.35273465514183044
0.35480111837387085,-0.2968910336494446,0.37477970123291016
0.35480111837387085,-0.2968910336494446,0.3600830137729645
0.23097577691078186,-0.2968910336494446,0.3600830137729645
0.602451741695404,-0.2968910336494446,0.37477970123291016
0.602451741695404,-0.2968910336494446,0.3600830137729645
0.47862643003463745,-0.2968910336494446,0.3600830137729645
0.602451741695404,-0.2968910336494446,0.4041730761528015
0.602451741695404,-0.2968910336494446,0.38947638869285583
0.47862643003463745,-0.2968910336494446,0.38947638869285583
0.6643643975257874,-0.10225281864404678,0.37477970123291016
0.6643643975257874,-0.10225281864404678,0.3600830137729645
0.6643643975257874,-0.232011616230011,0.3600830137729645
0.6643643975257874,0.1572648286819458,0.37477970123291016
0.6643643975257874,0.1572648286819458,0.3600830137729645
0.6643643975257874,0.02750600129365921,0.3600830137729645
0.6643643975257874,0.1572648286819458,0.4041730761528015
0.6643643975257874,0.1572648286819458,0.38947638869285583
0.6643643975257874,0.02750600129365921,0.38947638869285583
0.47862643003463745,0.2221442461013794,0.37477970123291016
0.47862643003463745,0.2221442461013794,0.3600830137729645
0.602451741695404,0.2221442461013794,0.3600830137729645
0.23097577691078186,0.2221442461013794,0.37477970123291016
0.23097577691078186,0.2221442461013794,0.3600830137729645
0.35480111837387085,0.2221442461013794,0.3600830137729645
0.23097577691078186,0.2221442461013794,0.4041730761528015
0.23097577691078186,0.2221442461013794,0.38947638869285583
0.35480111837387085,0.2221442461013794,0.38947638869285583
0.16906312108039856,0.02750600129365921,0.37477970123291016
0.16906312108039856,0.02750600129365921,0.3600830137729645
0.16906312108039856,0.1572648286819458,0.3600830137729645
0.16906312108039856,-0.232011616230011,0.37477970123291016
0.16906312108039856,-0.232011616230011,0.3600830137729645
0.16906312108039856,-0.10225281864404678,0.3600830137729645
0.16906312108039856,-0.232011616230011,0.4041730761528015
0.16906312108039856,-0.232011616230011,0.38947638869285583
0.16906312108039856,-0.10225281864404678,0.38947638869285583
0.16906312108039856,-0.10225281864404678,0.4041730761528015
0.16906312108039856,-0.10225281864404678,0.37477970123291016
0.16906312108039856,0.1572648286819458,0.37477970123291016
0.35480111837387085,0.2221442461013794,0.4041730761528015
0.35480111837387085,0.2221442461013794,0.37477970123291016
0.602451741695404,0.2221442461013794,0.37477970123291016
0.6643643975257874,0.02750600129365921,0.4041730761528015
0.6643643975257874,0.02750600129365921,0.37477970123291016
0.6643643975257874,-0.232011616230011,0.37477970123291016
0.47862643003463745,-0.2968910336494446,0.4041730761528015
0.47862643003463745,-0.2968910336494446,0.37477970123291016
0.23097577691078186,-0.2968910336494446,0.37477970123291016
0.602451741695404,0.02750600129365921,0.35273465514183044
0.35480111837387085,0.02750600129365921,0.35273465514183044
0.35480111837387085,-0.232011616230011,0.35273465514183044
0.23097577691078186,0.02750600129365921,0.41152143478393555
0.47862643003463745,0.02750600129365921,0.41152143478393555
0.47862643003463745,-0.232011616230011,0.41152143478393555
0.23097577691078186,-0.232011616230011,0.41152143478393555
0.602451741695404,-0.232011616230011,0.35273465514183044
0.23097577691078186,-0.2968910336494446,0.4041730761528015
0.6643643975257874,-0.232011616230011,0.4041730761528015
0.602451741695404,0.2221442461013794,0.4041730761528015
0.16906312108039856,0.1572648286819458,0.4041730761528015
