0.06277382373809814,0.3078870177268982,0.45837098360061646
0.18109595775604248,0.22192198038101196,0.5487599968910217
0.01757967472076416,0.16879138350486755,0.548759937286377
-0.083480104804039,0.3078870177268982,0.5487606525421143
0.01757967472076416,0.4469826817512512,0.548759937286377
0.18109595775604248,0.3938520550727844,0.5487599968910217
0.10796797275543213,0.16879138350486755,0.695016086101532
-0.05554831027984619,0.22192198038101196,0.6950160264968872
-0.05554831027984619,0.3938520550727844,0.6950160264968872
0.10796797275543213,0.4469826817512512,0.695016086101532
0.20902776718139648,0.3078870177268982,0.6950153708457947
0.06277382373809814,0.3078870177268982,0.7854050397872925
0.0362095832824707,0.22612929344177246,0.4827915132045746
0.1323213279247284,0.2573584020137787,0.482791543006897
0.10575735569000244,0.1755998432636261,0.5359209775924683
0.20186924934387207,0.3078870177268982,0.5359212160110474
0.1323213279247284,0.3584156632423401,0.482791543006897
-0.02319195866584778,0.3078870177268982,0.4827919602394104
-0.04975686967372894,0.22612899541854858,0.5359212160110474
0.0362095832824707,0.3896448016166687,0.4827915132045746
-0.04975686967372894,0.3896450400352478,0.5359212160110474
0.10575735569000244,0.4401742219924927,0.5359209775924683
0.21828800439834595,0.257358193397522,0.6218880414962769
0.21828800439834595,0.3584159016609192,0.6218880414962769
0.06277382373809814,0.14437001943588257,0.6218880414962769
0.15888679027557373,0.17559900879859924,0.6218880414962769
-0.09274034202098846,0.257358193397522,0.6218880414962769
-0.03333914279937744,0.17559900879859924,0.6218880414962769
-0.03333914279937744,0.44017505645751953,0.6218880414962769
-0.09274034202098846,0.3584159016609192,0.6218880414962769
0.15888679027557373,0.44017505645751953,0.6218880414962769
0.06277382373809814,0.4714040756225586,0.6218880414962769
0.17530453205108643,0.22612899541854858,0.7078548669815063
0.019790291786193848,0.1755998432636261,0.7078551054000854
-0.07632160186767578,0.3078870177268982,0.7078548073768616
0.019790291786193848,0.4401742219924927,0.7078551054000854
0.17530453205108643,0.3896450400352478,0.7078548669815063
0.08933806419372559,0.22612929344177246,0.760984480381012
0.14873960614204407,0.3078870177268982,0.7609840631484985
-0.0067736804485321045,0.2573584020137787,0.760984480381012
-0.0067736804485321045,0.3584156632423401,0.760984480381012
0.08933806419372559,0.3896448016166687,0.760984480381012
