-0.017682373523712158,-0.3158334195613861,0.6353131532669067
0.10063976049423218,-0.40179845690727234,0.725702166557312
-0.06287652254104614,-0.45492908358573914,0.7257021069526672
-0.1639363020658493,-0.3158334195613861,0.7257028222084045
-0.06287652254104614,-0.17673775553703308,0.7257021069526672
0.10063976049423218,-0.22986838221549988,0.725702166557312
0.027511775493621826,-0.45492908358573914,0.8719582557678223
-0.1360045075416565,-0.40179845690727234,0.8719581961631775
-0.1360045075416565,-0.22986838221549988,0.8719581961631775
0.027511775493621826,-0.17673775553703308,0.8719582557678223
0.1285715401172638,-0.3158334195613861,0.871957540512085
-0.017682373523712158,-0.3158334195613861,0.9623472094535828
-0.0442466139793396,-0.39759114384651184,0.6597336530685425
0.05186513066291809,-0.366362065076828,0.6597337126731873
0.02530115842819214,-0.4481206238269806,0.7128630876541138
0.12141305208206177,-0.3158334195613861,0.7128633856773376
0.05186513066291809,-0.2653047740459442,0.6597337126731873
-0.10364815592765808,-0.3158334195613861,0.6597341299057007
-0.13021306693553925,-0.3975914418697357,0.7128633260726929
-0.0442466139793396,-0.234075665473938,0.6597336530685425
-0.13021306693553925,-0.2340753972530365,0.7128633260726929
0.02530115842819214,-0.18354621529579163,0.7128630876541138
0.13783177733421326,-0.36636224389076233,0.7988302111625671
0.13783177733421326,-0.2653045952320099,0.7988302111625671
-0.017682373523712158,-0.47935041785240173,0.7988302111625671
0.07843059301376343,-0.44812145829200745,0.7988302111625671
-0.17319653928279877,-0.36636224389076233,0.7988302111625671
-0.11379534006118774,-0.44812145829200745,0.7988302111625671
-0.11379534006118774,-0.18354538083076477,0.7988302111625671
-0.17319653928279877,-0.2653045952320099,0.7988302111625671
0.07843059301376343,-0.18354538083076477,0.7988302111625671
-0.017682373523712158,-0.1523163914680481,0.7988302111625671
0.09484830498695374,-0.3975914418697357,0.8847970366477966
-0.060665905475616455,-0.4481206238269806,0.8847972750663757
-0.15677779912948608,-0.3158334195613861,0.8847969770431519
-0.060665905475616455,-0.18354621529579163,0.8847972750663757
0.09484830498695374,-0.2340753972530365,0.8847970366477966
0.008881866931915283,-0.39759114384651184,0.9379266500473022
0.06828340888023376,-0.3158334195613861,0.9379262328147888
-0.08722987771034241,-0.366362065076828,0.9379266500473022
-0.08722987771034241,-0.2653047740459442,0.9379266500473022
0.008881866931915283,-0.234075665473938,0.9379266500473022
