0.0;0.0,0.0,0.0;1.0,0.0,0.0,0.0
0.01;0.0,0.0,0.0;1.0,0.0,0.0,0.0
0.02;0.0,0.0,0.0;1.0,0.0,0.0,0.0
0.03;0.0,0.0,0.0;1.0,0.0,0.0,0.0
0.04;0.0,0.0,0.0;1.0,0.0,0.0,0.0
0.05;0.0,0.0,0.0;1.0,0.0,0.0,0.0
0.06;0.0,0.0,0.0;1.0,0.0,0.0,0.0
0.07;0.0,0.0,0.0;1.0,0.0,0.0,0.0
0.08;0.0,0.0,0.0;1.0,0.0,0.0,0.0
0.09;0.0,0.0,0.0;1.0,0.0,0.0,0.0
0.1;0.0,0.0,0.0;1.0,0.0,0.0,0.0
0.11;0.0,0.0,0.0;1.0,0.0,0.0,0.0
0.12;0.0,0.0,0.0;1.0,0.0,0.0,0.0
0.13;0.0,0.0,0.0;1.0,0.0,0.0,0.0
0.14;0.0,0.0,0.0;1.0,0.0,0.0,0.0
0.15;0.0,0.0,0.0;1.0,0.0,0.0,0.0
0.16;0.0,0.0,0.0;1.0,0.0,0.0,0.0
0.17;0.0,0.0,0.0;1.0,0.0,0.0,0.0
0.18;0.0,0.0,0.0;1.0,0.0,0.0,0.0
0.19;0.0,0.0,0.0;1.0,0.0,0.0,0.0
0.2;0.0,0.0,0.0;1.0,0.0,0.0,0.0
0.21;0.0,0.0,0.0;1.0,0.0,0.0,0.0
0.22;0.0,0.0,0.0;1.0,0.0,0.0,0.0
0.23;0.0,0.0,0.0;1.0,0.0,0.0,0.0
0.24;0.0,0.0,0.0;1.0,0.0,0.0,0.0
0.25;0.0,0.0,0.0;1.0,0.0,0.0,0.0
0.26;0.0,0.0,0.0;1.0,0.0,0.0,0.0
0.27;0.0,0.0,0.0;1.0,0.0,0.0,0.0
0.28;0.0,0.0,0.0;1.0,0.0,0.0,0.0
0.29;0.0,0.0,0.0;1.0,0.0,0.0,0.0
0.3;0.0,0.0,0.0;1.0,0.0,0.0,0.0
0.31;0.0,0.0,0.0;1.0,0.0,0.0,0.0
0.32;0.0,0.0,0.0;1.0,0.0,0.0,0.0
0.33;0.0,0.0,0.0;1.0,0.0,0.0,0.0
0.34;0.0,0.0,0.0;1.0,0.0,0.0,0.0
0.35;0.0,0.0,0.0;1.0,0.0,0.0,0.0
0.36;0.0,0.0,0.0;1.0,0.0,0.0,0.0
0.37;0.0,0.0,0.0;1.0,0.0,0.0,0.0
0.38;0.0,0.0,0.0;1.0,0.0,0.0,0.0
0.39;0.0,0.0,0.0;1.0,0.0,0.0,0.0
0.4;0.0,0.0,0.0;1.0,0.0,0.0,0.0
0.41;0.0,0.0,0.0;1.0,0.0,0.0,0.0
0.42;0.0,0.0,0.0;1.0,0.0,0.0,0.0
0.43;0.0,0.0,0.0;1.0,0.0,0.0,0.0
0.44;0.0,0.0,0.0;1.0,0.0,0.0,0.0
0.45;0.0,0.0,0.0;1.0,0.0,0.0,0.0
0.46;0.0,0.0,0.0;1.0,0.0,0.0,0.0
0.47;0.0,0.0,0.0;1.0,0.0,0.0,0.0
0.48;0.0,0.0,0.0;1.0,0.0,0.0,0.0
0.49;0.0,0.0,0.0;1.0,0.0,0.0,0.0
0.5;0.0,0.0,0.0;1.0,0.0,0.0,0.0
0.51;0.0,0.0,0.0;1.0,0.0,0.0,0.0
0.52;0.0,0.0,0.0;1.0,0.0,0.0,0.0
0.53;0.0,0.0,0.0;1.0,0.0,0.0,0.0
0.54;0.0,0.0,0.0;1.0,0.0,0.0,0.0
0.55;0.0,0.0,0.0;1.0,0.0,0.0,0.0
0.56;0.0,0.0,0.0;1.0,0.0,0.0,0.0
0.57;0.0,0.0,0.0;1.0,0.0,0.0,0.0
0.58;0.0,0.0,0.0;1.0,0.0,0.0,0.0
0.59;0.0,0.0,0.0;1.0,0.0,0.0,0.0
0.6;0.0,0.0,0.0;1.0,0.0,0.0,0.0
0.61;0.0,0.0,0.0;1.0,0.0,0.0,0.0
0.62;0.0,0.0,0.0;1.0,0.0,0.0,0.0
0.63;0.0,0.0,0.0;1.0,0.0,0.0,0.0
0.64;0.0,0.0,0.0;1.0,0.0,0.0,0.0
0.65;0.0,0.0,0.0;1.0,0.0,0.0,0.0
0.66;0.0,0.0,0.0;1.0,0.0,0.0,0.0
0.67;0.0,0.0,0.0;1.0,0.0,0.0,0.0
0.68;0.0,0.0,0.0;1.0,0.0,0.0,0.0
0.69;0.0,0.0,0.0;1.0,0.0,0.0,0.0
0.7;0.0,0.0,0.0;1.0,0.0,0.0,0.0
0.71;0.0,0.0,0.0;1.0,0.0,0.0,0.0
0.72;0.0,0.0,0.0;1.0,0.0,0.0,0.0
0.73;0.0,0.0,0.0;1.0,0.0,0.0,0.0
0.74;0.0,0.0,0.0;1.0,0.0,0.0,0.0
0.75;0.0,0.0,0.0;1.0,0.0,0.0,0.0
0.76;0.0,0.0,0.0;1.0,0.0,0.0,0.0
0.77;0.0,0.0,0.0;1.0,0.0,0.0,0.0
0.78;0.0,0.0,0.0;1.0,0.0,0.0,0.0
0.79;0.0,0.0,0.0;1.0,0.0,0.0,0.0
0.8;0.0,0.0,0.0;1.0,0.0,0.0,0.0
0.81;0.0,0.0,0.0;1.0,0.0,0.0,0.0
0.82;0.0,0.0,0.0;1.0,0.0,0.0,0.0
0.83;0.0,0.0,0.0;1.0,0.0,0.0,0.0
0.84;0.0,0.0,0.0;1.0,0.0,0.0,0.0
0.85;0.0,0.0,0.0;1.0,0.0,0.0,0.0
0.86;0.0,0.0,0.0;1.0,0.0,0.0,0.0
0.87;0.0,0.0,0.0;1.0,0.0,0.0,0.0
0.88;0.0,0.0,0.0;1.0,0.0,0.0,0.0
0.89;0.0,0.0,0.0;1.0,0.0,0.0,0.0
0.9;0.0,0.0,0.0;1.0,0.0,0.0,0.0
0.91;0.0,0.0,0.0;1.0,0.0,0.0,0.0
0.92;0.0,0.0,0.0;1.0,0.0,0.0,0.0
0.93;0.0,0.0,0.0;1.0,0.0,0.0,0.0
0.94;0.0,0.0,0.0;1.0,0.0,0.0,0.0
0.95;0.0,0.0,0.0;1.0,0.0,0.0,0.0
0.96;0.0,0.0,0.0;1.0,0.0,0.0,0.0
0.97;0.0,0.0,0.0;1.0,0.0,0.0,0.0
0.98;0.0,0.0,0.0;1.0,0.0,0.0,0.0
0.99;0.0,0.0,0.0;1.0,0.0,0.0,0.0
1.0;0.0,0.0,0.0;1.0,0.0,0.0,0.0
1.01;0.0,0.0,0.0;1.0,0.0,0.0,0.0
1.02;0.0,0.0,0.0;1.0,0.0,0.0,0.0
1.03;0.0,0.0,0.0;1.0,0.0,0.0,0.0
1.04;0.0,0.0,0.0;1.0,0.0,0.0,0.0
1.05;0.0,0.0,0.0;1.0,0.0,0.0,0.0
1.06;0.0,0.0,0.0;1.0,0.0,0.0,0.0
1.07;0.0,0.0,0.0;1.0,0.0,0.0,0.0
1.08;0.0,0.0,0.0;1.0,0.0,0.0,0.0
1.09;0.0,0.0,0.0;1.0,0.0,0.0,0.0
1.1;0.0,0.0,0.0;1.0,0.0,0.0,0.0
1.11;0.0,0.0,0.0;1.0,0.0,0.0,0.0
1.12;0.0,0.0,0.0;1.0,0.0,0.0,0.0
1.13;0.0,0.0,0.0;1.0,0.0,0.0,0.0
1.14;0.0,0.0,0.0;1.0,0.0,0.0,0.0
1.15;0.0,0.0,0.0;1.0,0.0,0.0,0.0
1.16;0.0,0.0,0.0;1.0,0.0,0.0,0.0
1.17;0.0,0.0,0.0;1.0,0.0,0.0,0.0
1.18;0.0,0.0,0.0;1.0,0.0,0.0,0.0
1.19;0.0,0.0,0.0;1.0,0.0,0.0,0.0
1.2;0.0,0.0,0.0;1.0,0.0,0.0,0.0
1.21;0.0,0.0,0.0;1.0,0.0,0.0,0.0
1.22;0.0,0.0,0.0;1.0,0.0,0.0,0.0
1.23;0.0,0.0,0.0;1.0,0.0,0.0,0.0
1.24;0.0,0.0,0.0;1.0,0.0,0.0,0.0
1.25;0.0,0.0,0.0;1.0,0.0,0.0,0.0
1.26;0.0,0.0,0.0;1.0,0.0,0.0,0.0
1.27;0.0,0.0,0.0;1.0,0.0,0.0,0.0
1.28;0.0,0.0,0.0;1.0,0.0,0.0,0.0
1.29;0.0,0.0,0.0;1.0,0.0,0.0,0.0
1.3;0.0,0.0,0.0;1.0,0.0,0.0,0.0
1.31;0.0,0.0,0.0;1.0,0.0,0.0,0.0
1.32;0.0,0.0,0.0;1.0,0.0,0.0,0.0
1.33;0.0,0.0,0.0;1.0,0.0,0.0,0.0
1.34;0.0,0.0,0.0;1.0,0.0,0.0,0.0
1.35;0.0,0.0,0.0;1.0,0.0,0.0,0.0
1.36;0.0,0.0,0.0;1.0,0.0,0.0,0.0
1.37;0.0,0.0,0.0;1.0,0.0,0.0,0.0
1.38;0.0,0.0,0.0;1.0,0.0,0.0,0.0
1.39;0.0,0.0,0.0;1.0,0.0,0.0,0.0
1.4;0.0,0.0,0.0;1.0,0.0,0.0,0.0
1.41;0.0,0.0,0.0;1.0,0.0,0.0,0.0
1.42;0.0,0.0,0.0;1.0,0.0,0.0,0.0
1.43;0.0,0.0,0.0;1.0,0.0,0.0,0.0
1.44;0.0,0.0,0.0;1.0,0.0,0.0,0.0
1.45;0.0,0.0,0.0;1.0,0.0,0.0,0.0
1.46;0.0,0.0,0.0;1.0,0.0,0.0,0.0
1.47;0.0,0.0,0.0;1.0,0.0,0.0,0.0
1.48;0.0,0.0,0.0;1.0,0.0,0.0,0.0
1.49;0.0,0.0,0.0;1.0,0.0,0.0,0.0
1.5;0.0,0.0,0.0;1.0,0.0,0.0,0.0
1.51;0.0,0.0,0.0;1.0,0.0,0.0,0.0
1.52;0.0,0.0,0.0;1.0,0.0,0.0,0.0
1.53;0.0,0.0,0.0;1.0,0.0,0.0,0.0
1.54;0.0,0.0,0.0;1.0,0.0,0.0,0.0
1.55;0.0,0.0,0.0;1.0,0.0,0.0,0.0
1.56;0.0,0.0,0.0;1.0,0.0,0.0,0.0
1.57;0.0,0.0,0.0;1.0,0.0,0.0,0.0
1.58;0.0,0.0,0.0;1.0,0.0,0.0,0.0
1.59;0.0,0.0,0.0;1.0,0.0,0.0,0.0
1.6;0.0,0.0,0.0;1.0,0.0,0.0,0.0
1.61;0.0,0.0,0.0;1.0,0.0,0.0,0.0
1.62;0.0,0.0,0.0;1.0,0.0,0.0,0.0
1.63;0.0,0.0,0.0;1.0,0.0,0.0,0.0
1.64;0.0,0.0,0.0;1.0,0.0,0.0,0.0
1.65;0.0,0.0,0.0;1.0,0.0,0.0,0.0
1.66;0.0,0.0,0.0;1.0,0.0,0.0,0.0
1.67;0.0,0.0,0.0;1.0,0.0,0.0,0.0
1.68;0.0,0.0,0.0;1.0,0.0,0.0,0.0
1.69;0.0,0.0,0.0;1.0,0.0,0.0,0.0
1.7;0.0,0.0,0.0;1.0,0.0,0.0,0.0
1.71;0.0,0.0,0.0;1.0,0.0,0.0,0.0
1.72;0.0,0.0,0.0;1.0,0.0,0.0,0.0
1.73;0.0,0.0,0.0;1.0,0.0,0.0,0.0
1.74;0.0,0.0,0.0;1.0,0.0,0.0,0.0
1.75;0.0,0.0,0.0;1.0,0.0,0.0,0.0
1.76;0.0,0.0,0.0;1.0,0.0,0.0,0.0
1.77;0.0,0.0,0.0;1.0,0.0,0.0,0.0
1.78;0.0,0.0,0.0;1.0,0.0,0.0,0.0
1.79;0.0,0.0,0.0;1.0,0.0,0.0,0.0
1.8;0.0,0.0,0.0;1.0,0.0,0.0,0.0
1.81;0.0,0.0,0.0;1.0,0.0,0.0,0.0
1.82;0.0,0.0,0.0;1.0,0.0,0.0,0.0
1.83;0.0,0.0,0.0;1.0,0.0,0.0,0.0
1.84;0.0,0.0,0.0;1.0,0.0,0.0,0.0
1.85;0.0,0.0,0.0;1.0,0.0,0.0,0.0
1.86;0.0,0.0,0.0;1.0,0.0,0.0,0.0
1.87;0.0,0.0,0.0;1.0,0.0,0.0,0.0
1.88;0.0,0.0,0.0;1.0,0.0,0.0,0.0
1.89;0.0,0.0,0.0;1.0,0.0,0.0,0.0
1.9;0.0,0.0,0.0;1.0,0.0,0.0,0.0
1.91;0.0,0.0,0.0;1.0,0.0,0.0,0.0
1.92;0.0,0.0,0.0;1.0,0.0,0.0,0.0
1.93;0.0,0.0,0.0;1.0,0.0,0.0,0.0
1.94;0.0,0.0,0.0;1.0,0.0,0.0,0.0
1.95;0.0,0.0,0.0;1.0,0.0,0.0,0.0
1.96;0.0,0.0,0.0;1.0,0.0,0.0,0.0
1.97;0.0,0.0,0.0;1.0,0.0,0.0,0.0
1.98;0.0,0.0,0.0;1.0,0.0,0.0,0.0
1.99;0.0,0.0,0.0;1.0,0.0,0.0,0.0
2.0;0.0,0.0,0.0;1.0,0.0,0.0,0.0
2.01;0.0,0.0,0.0;1.0,0.0,0.0,0.0
2.02;0.0,0.0,0.0;1.0,0.0,0.0,0.0
2.03;0.0,0.0,0.0;1.0,0.0,0.0,0.0
2.04;0.0,0.0,0.0;1.0,0.0,0.0,0.0
2.05;0.0,0.0,0.0;1.0,0.0,0.0,0.0
2.06;0.0,0.0,0.0;1.0,0.0,0.0,0.0
2.07;0.0,0.0,0.0;1.0,0.0,0.0,0.0
2.08;0.0,0.0,0.0;1.0,0.0,0.0,0.0
2.09;0.0,0.0,0.0;1.0,0.0,0.0,0.0
2.1;0.0,0.0,0.0;1.0,0.0,0.0,0.0
2.11;0.0,0.0,0.0;1.0,0.0,0.0,0.0
2.12;0.0,0.0,0.0;1.0,0.0,0.0,0.0
2.13;0.0,0.0,0.0;1.0,0.0,0.0,0.0
2.14;0.0,0.0,0.0;1.0,0.0,0.0,0.0
2.15;0.0,0.0,0.0;1.0,0.0,0.0,0.0
2.16;0.0,0.0,0.0;1.0,0.0,0.0,0.0
2.17;0.0,0.0,0.0;1.0,0.0,0.0,0.0
2.18;0.0,0.0,0.0;1.0,0.0,0.0,0.0
2.19;0.0,0.0,0.0;1.0,0.0,0.0,0.0
2.2;0.0,0.0,0.0;1.0,0.0,0.0,0.0
2.21;0.0,0.0,0.0;1.0,0.0,0.0,0.0
2.22;0.0,0.0,0.0;1.0,0.0,0.0,0.0
2.23;0.0,0.0,0.0;1.0,0.0,0.0,0.0
2.24;0.0,0.0,0.0;1.0,0.0,0.0,0.0
2.25;0.0,0.0,0.0;1.0,0.0,0.0,0.0
2.26;0.0,0.0,0.0;1.0,0.0,0.0,0.0
2.27;0.0,0.0,0.0;1.0,0.0,0.0,0.0
2.28;0.0,0.0,0.0;1.0,0.0,0.0,0.0
2.29;0.0,0.0,0.0;1.0,0.0,0.0,0.0
2.3;0.0,0.0,0.0;1.0,0.0,0.0,0.0
2.31;0.0,0.0,0.0;1.0,0.0,0.0,0.0
2.32;0.0,0.0,0.0;1.0,0.0,0.0,0.0
2.33;0.0,0.0,0.0;1.0,0.0,0.0,0.0
2.34;0.0,0.0,0.0;1.0,0.0,0.0,0.0
2.35;0.0,0.0,0.0;1.0,0.0,0.0,0.0
2.36;0.0,0.0,0.0;1.0,0.0,0.0,0.0
2.37;0.0,0.0,0.0;1.0,0.0,0.0,0.0
2.38;0.0,0.0,0.0;1.0,0.0,0.0,0.0
2.39;0.0,0.0,0.0;1.0,0.0,0.0,0.0
2.4;0.0,0.0,0.0;1.0,0.0,0.0,0.0
2.41;0.0,0.0,0.0;1.0,0.0,0.0,0.0
2.42;0.0,0.0,0.0;1.0,0.0,0.0,0.0
2.43;0.0,0.0,0.0;1.0,0.0,0.0,0.0
2.44;0.0,0.0,0.0;1.0,0.0,0.0,0.0
2.45;0.0,0.0,0.0;1.0,0.0,0.0,0.0
2.46;0.0,0.0,0.0;1.0,0.0,0.0,0.0
2.47;0.0,0.0,0.0;1.0,0.0,0.0,0.0
2.48;0.0,0.0,0.0;1.0,0.0,0.0,0.0
2.49;0.0,0.0,0.0;1.0,0.0,0.0,0.0
2.5;0.0,0.0,0.0;1.0,0.0,0.0,0.0
2.51;0.0,0.0,0.0;1.0,0.0,0.0,0.0
2.52;0.0,0.0,0.0;1.0,0.0,0.0,0.0
2.53;0.0,0.0,0.0;1.0,0.0,0.0,0.0
2.54;0.0,0.0,0.0;1.0,0.0,0.0,0.0
2.55;0.0,0.0,0.0;1.0,0.0,0.0,0.0
2.56;0.0,0.0,0.0;1.0,0.0,0.0,0.0
2.57;0.0,0.0,0.0;1.0,0.0,0.0,0.0
2.58;0.0,0.0,0.0;1.0,0.0,0.0,0.0
2.59;0.0,0.0,0.0;1.0,0.0,0.0,0.0
2.6;0.0,0.0,0.0;1.0,0.0,0.0,0.0
2.61;0.0,0.0,0.0;1.0,0.0,0.0,0.0
2.62;0.0,0.0,0.0;1.0,0.0,0.0,0.0
2.63;0.0,0.0,0.0;1.0,0.0,0.0,0.0
2.64;0.0,0.0,0.0;1.0,0.0,0.0,0.0
2.65;0.0,0.0,0.0;1.0,0.0,0.0,0.0
2.66;0.0,0.0,0.0;1.0,0.0,0.0,0.0
2.67;0.0,0.0,0.0;1.0,0.0,0.0,0.0
2.68;0.0,0.0,0.0;1.0,0.0,0.0,0.0
2.69;0.0,0.0,0.0;1.0,0.0,0.0,0.0
2.7;0.0,0.0,0.0;1.0,0.0,0.0,0.0
2.71;0.0,0.0,0.0;1.0,0.0,0.0,0.0
2.72;0.0,0.0,0.0;1.0,0.0,0.0,0.0
2.73;0.0,0.0,0.0;1.0,0.0,0.0,0.0
2.74;0.0,0.0,0.0;1.0,0.0,0.0,0.0
2.75;0.0,0.0,0.0;1.0,0.0,0.0,0.0
2.76;0.0,0.0,0.0;1.0,0.0,0.0,0.0
2.77;0.0,0.0,0.0;1.0,0.0,0.0,0.0
2.78;0.0,0.0,0.0;1.0,0.0,0.0,0.0
2.79;0.0,0.0,0.0;1.0,0.0,0.0,0.0
2.8;0.0,0.0,0.0;1.0,0.0,0.0,0.0
2.81;0.0,0.0,0.0;1.0,0.0,0.0,0.0
2.82;0.0,0.0,0.0;1.0,0.0,0.0,0.0
2.83;0.0,0.0,0.0;1.0,0.0,0.0,0.0
2.84;0.0,0.0,0.0;1.0,0.0,0.0,0.0
2.85;0.0,0.0,0.0;1.0,0.0,0.0,0.0
2.86;0.0,0.0,0.0;1.0,0.0,0.0,0.0
2.87;0.0,0.0,0.0;1.0,0.0,0.0,0.0
2.88;0.0,0.0,0.0;1.0,0.0,0.0,0.0
2.89;0.0,0.0,0.0;1.0,0.0,0.0,0.0
2.9;0.0,0.0,0.0;1.0,0.0,0.0,0.0
2.91;0.0,0.0,0.0;1.0,0.0,0.0,0.0
2.92;0.0,0.0,0.0;1.0,0.0,0.0,0.0
2.93;0.0,0.0,0.0;1.0,0.0,0.0,0.0
2.94;0.0,0.0,0.0;1.0,0.0,0.0,0.0
2.95;0.0,0.0,0.0;1.0,0.0,0.0,0.0
2.96;0.0,0.0,0.0;1.0,0.0,0.0,0.0
2.97;0.0,0.0,0.0;1.0,0.0,0.0,0.0
2.98;0.0,0.0,0.0;1.0,0.0,0.0,0.0
2.99;0.0,0.0,0.0;1.0,0.0,0.0,0.0
3.0;0.0,0.0,0.0;1.0,0.0,0.0,0.0
3.01;0.0,0.0,0.0;1.0,0.0,0.0,0.0
3.02;0.0,0.0,0.0;1.0,0.0,0.0,0.0
3.03;0.0,0.0,0.0;1.0,0.0,0.0,0.0
3.04;0.0,0.0,0.0;1.0,0.0,0.0,0.0
3.05;0.0,0.0,0.0;1.0,0.0,0.0,0.0
3.06;0.0,0.0,0.0;1.0,0.0,0.0,0.0
3.07;0.0,0.0,0.0;1.0,0.0,0.0,0.0
3.08;0.0,0.0,0.0;1.0,0.0,0.0,0.0
3.09;0.0,0.0,0.0;1.0,0.0,0.0,0.0
3.1;0.0,0.0,0.0;1.0,0.0,0.0,0.0
3.11;0.0,0.0,0.0;1.0,0.0,0.0,0.0
3.12;0.0,0.0,0.0;1.0,0.0,0.0,0.0
3.13;0.0,0.0,0.0;1.0,0.0,0.0,0.0
3.14;0.0,0.0,0.0;1.0,0.0,0.0,0.0
3.15;0.0,0.0,0.0;1.0,0.0,0.0,0.0
3.16;0.0,0.0,0.0;1.0,0.0,0.0,0.0
3.17;0.0,0.0,0.0;1.0,0.0,0.0,0.0
3.18;0.0,0.0,0.0;1.0,0.0,0.0,0.0
3.19;0.0,0.0,0.0;1.0,0.0,0.0,0.0
3.2;0.0,0.0,0.0;1.0,0.0,0.0,0.0
3.21;0.0,0.0,0.0;1.0,0.0,0.0,0.0
3.22;0.0,0.0,0.0;1.0,0.0,0.0,0.0
3.23;0.0,0.0,0.0;1.0,0.0,0.0,0.0
3.24;0.0,0.0,0.0;1.0,0.0,0.0,0.0
3.25;0.0,0.0,0.0;1.0,0.0,0.0,0.0
3.26;0.0,0.0,0.0;1.0,0.0,0.0,0.0
3.27;0.0,0.0,0.0;1.0,0.0,0.0,0.0
3.28;0.0,0.0,0.0;1.0,0.0,0.0,0.0
3.29;0.0,0.0,0.0;1.0,0.0,0.0,0.0
3.3;0.0,0.0,0.0;1.0,0.0,0.0,0.0
3.31;0.0,0.0,0.0;1.0,0.0,0.0,0.0
3.32;0.0,0.0,0.0;1.0,0.0,0.0,0.0
3.33;0.0,0.0,0.0;1.0,0.0,0.0,0.0
3.34;0.0,0.0,0.0;1.0,0.0,0.0,0.0
3.35;0.0,0.0,0.0;1.0,0.0,0.0,0.0
3.36;0.0,0.0,0.0;1.0,0.0,0.0,0.0
3.37;0.0,0.0,0.0;1.0,0.0,0.0,0.0
3.38;0.0,0.0,0.0;1.0,0.0,0.0,0.0
3.39;0.0,0.0,0.0;1.0,0.0,0.0,0.0
3.4;0.0,0.0,0.0;1.0,0.0,0.0,0.0
3.41;0.0,0.0,0.0;1.0,0.0,0.0,0.0
3.42;0.0,0.0,0.0;1.0,0.0,0.0,0.0
3.43;0.0,0.0,0.0;1.0,0.0,0.0,0.0
3.44;0.0,0.0,0.0;1.0,0.0,0.0,0.0
3.45;0.0,0.0,0.0;1.0,0.0,0.0,0.0
3.46;0.0,0.0,0.0;1.0,0.0,0.0,0.0
3.47;0.0,0.0,0.0;1.0,0.0,0.0,0.0
3.48;0.0,0.0,0.0;1.0,0.0,0.0,0.0
3.49;0.0,0.0,0.0;1.0,0.0,0.0,0.0
3.5;0.0,0.0,0.0;1.0,0.0,0.0,0.0
3.51;0.0,0.0,0.0;1.0,0.0,0.0,0.0
3.52;0.0,0.0,0.0;1.0,0.0,0.0,0.0
3.53;0.0,0.0,0.0;1.0,0.0,0.0,0.0
3.54;0.0,0.0,0.0;1.0,0.0,0.0,0.0
3.55;0.0,0.0,0.0;1.0,0.0,0.0,0.0
3.56;0.0,0.0,0.0;1.0,0.0,0.0,0.0
3.57;0.0,0.0,0.0;1.0,0.0,0.0,0.0
3.58;0.0,0.0,0.0;1.0,0.0,0.0,0.0
3.59;0.0,0.0,0.0;1.0,0.0,0.0,0.0
3.6;0.0,0.0,0.0;1.0,0.0,0.0,0.0
3.61;0.0,0.0,0.0;1.0,0.0,0.0,0.0
3.62;0.0,0.0,0.0;1.0,0.0,0.0,0.0
3.63;0.0,0.0,0.0;1.0,0.0,0.0,0.0
3.64;0.0,0.0,0.0;1.0,0.0,0.0,0.0
3.65;0.0,0.0,0.0;1.0,0.0,0.0,0.0
3.66;0.0,0.0,0.0;1.0,0.0,0.0,0.0
3.67;0.0,0.0,0.0;1.0,0.0,0.0,0.0
3.68;0.0,0.0,0.0;1.0,0.0,0.0,0.0
3.69;0.0,0.0,0.0;1.0,0.0,0.0,0.0
3.7;0.0,0.0,0.0;1.0,0.0,0.0,0.0
3.71;0.0,0.0,0.0;1.0,0.0,0.0,0.0
3.72;0.0,0.0,0.0;1.0,0.0,0.0,0.0
3.73;0.0,0.0,0.0;1.0,0.0,0.0,0.0
3.74;0.0,0.0,0.0;1.0,0.0,0.0,0.0
3.75;0.0,0.0,0.0;1.0,0.0,0.0,0.0
3.76;0.0,0.0,0.0;1.0,0.0,0.0,0.0
3.77;0.0,0.0,0.0;1.0,0.0,0.0,0.0
3.78;0.0,0.0,0.0;1.0,0.0,0.0,0.0
3.79;0.0,0.0,0.0;1.0,0.0,0.0,0.0
3.8;0.0,0.0,0.0;1.0,0.0,0.0,0.0
3.81;0.0,0.0,0.0;1.0,0.0,0.0,0.0
3.82;0.0,0.0,0.0;1.0,0.0,0.0,0.0
3.83;0.0,0.0,0.0;1.0,0.0,0.0,0.0
3.84;0.0,0.0,0.0;1.0,0.0,0.0,0.0
3.85;0.0,0.0,0.0;1.0,0.0,0.0,0.0
3.86;0.0,0.0,0.0;1.0,0.0,0.0,0.0
3.87;0.0,0.0,0.0;1.0,0.0,0.0,0.0
3.88;0.0,0.0,0.0;1.0,0.0,0.0,0.0
3.89;0.0,0.0,0.0;1.0,0.0,0.0,0.0
3.9;0.0,0.0,0.0;1.0,0.0,0.0,0.0
3.91;0.0,0.0,0.0;1.0,0.0,0.0,0.0
3.92;0.0,0.0,0.0;1.0,0.0,0.0,0.0
3.93;0.0,0.0,0.0;1.0,0.0,0.0,0.0
3.94;0.0,0.0,0.0;1.0,0.0,0.0,0.0
3.95;0.0,0.0,0.0;1.0,0.0,0.0,0.0
3.96;0.0,0.0,0.0;1.0,0.0,0.0,0.0
3.97;0.0,0.0,0.0;1.0,0.0,0.0,0.0
3.98;0.0,0.0,0.0;1.0,0.0,0.0,0.0
3.99;0.0,0.0,0.0;1.0,0.0,0.0,0.0
4.0;0.0,0.0,0.0;1.0,0.0,0.0,0.0
4.01;0.0,0.0,0.0;1.0,0.0,0.0,0.0
4.02;0.0,0.0,0.0;1.0,0.0,0.0,0.0
4.03;0.0,0.0,0.0;1.0,0.0,0.0,0.0
4.04;0.0,0.0,0.0;1.0,0.0,0.0,0.0
4.05;0.0,0.0,0.0;1.0,0.0,0.0,0.0
4.06;0.0,0.0,0.0;1.0,0.0,0.0,0.0
4.07;0.0,0.0,0.0;1.0,0.0,0.0,0.0
4.08;0.0,0.0,0.0;1.0,0.0,0.0,0.0
4.09;0.0,0.0,0.0;1.0,0.0,0.0,0.0
4.1;0.0,0.0,0.0;1.0,0.0,0.0,0.0
4.11;0.0,0.0,0.0;1.0,0.0,0.0,0.0
4.12;0.0,0.0,0.0;1.0,0.0,0.0,0.0
4.13;0.0,0.0,0.0;1.0,0.0,0.0,0.0
4.14;0.0,0.0,0.0;1.0,0.0,0.0,0.0
4.15;0.0,0.0,0.0;1.0,0.0,0.0,0.0
4.16;0.0,0.0,0.0;1.0,0.0,0.0,0.0
4.17;0.0,0.0,0.0;1.0,0.0,0.0,0.0
4.18;0.0,0.0,0.0;1.0,0.0,0.0,0.0
4.19;0.0,0.0,0.0;1.0,0.0,0.0,0.0
4.2;0.0,0.0,0.0;1.0,0.0,0.0,0.0
4.21;0.0,0.0,0.0;1.0,0.0,0.0,0.0
4.22;0.0,0.0,0.0;1.0,0.0,0.0,0.0
4.23;0.0,0.0,0.0;1.0,0.0,0.0,0.0
4.24;0.0,0.0,0.0;1.0,0.0,0.0,0.0
4.25;0.0,0.0,0.0;1.0,0.0,0.0,0.0
4.26;0.0,0.0,0.0;1.0,0.0,0.0,0.0
4.27;0.0,0.0,0.0;1.0,0.0,0.0,0.0
4.28;0.0,0.0,0.0;1.0,0.0,0.0,0.0
4.29;0.0,0.0,0.0;1.0,0.0,0.0,0.0
4.3;0.0,0.0,0.0;1.0,0.0,0.0,0.0
4.31;0.0,0.0,0.0;1.0,0.0,0.0,0.0
4.32;0.0,0.0,0.0;1.0,0.0,0.0,0.0
4.33;0.0,0.0,0.0;1.0,0.0,0.0,0.0
4.34;0.0,0.0,0.0;1.0,0.0,0.0,0.0
4.35;0.0,0.0,0.0;1.0,0.0,0.0,0.0
4.36;0.0,0.0,0.0;1.0,0.0,0.0,0.0
4.37;0.0,0.0,0.0;1.0,0.0,0.0,0.0
4.38;0.0,0.0,0.0;1.0,0.0,0.0,0.0
4.39;0.0,0.0,0.0;1.0,0.0,0.0,0.0
4.4;0.0,0.0,0.0;1.0,0.0,0.0,0.0
4.41;0.0,0.0,0.0;1.0,0.0,0.0,0.0
4.42;0.0,0.0,0.0;1.0,0.0,0.0,0.0
4.43;0.0,0.0,0.0;1.0,0.0,0.0,0.0
4.44;0.0,0.0,0.0;1.0,0.0,0.0,0.0
4.45;0.0,0.0,0.0;1.0,0.0,0.0,0.0
4.46;0.0,0.0,0.0;1.0,0.0,0.0,0.0
4.47;0.0,0.0,0.0;1.0,0.0,0.0,0.0
4.48;0.0,0.0,0.0;1.0,0.0,0.0,0.0
4.49;0.0,0.0,0.0;1.0,0.0,0.0,0.0
4.5;0.0,0.0,0.0;1.0,0.0,0.0,0.0
4.51;0.0,0.0,0.0;1.0,0.0,0.0,0.0
4.52;0.0,0.0,0.0;1.0,0.0,0.0,0.0
4.53;0.0,0.0,0.0;1.0,0.0,0.0,0.0
4.54;0.0,0.0,0.0;1.0,0.0,0.0,0.0
4.55;0.0,0.0,0.0;1.0,0.0,0.0,0.0
4.56;0.0,0.0,0.0;1.0,0.0,0.0,0.0
4.57;0.0,0.0,0.0;1.0,0.0,0.0,0.0
4.58;0.0,0.0,0.0;1.0,0.0,0.0,0.0
4.59;0.0,0.0,0.0;1.0,0.0,0.0,0.0
4.6;0.0,0.0,0.0;1.0,0.0,0.0,0.0
4.61;0.0,0.0,0.0;1.0,0.0,0.0,0.0
4.62;0.0,0.0,0.0;1.0,0.0,0.0,0.0
4.63;0.0,0.0,0.0;1.0,0.0,0.0,0.0
4.64;0.0,0.0,0.0;1.0,0.0,0.0,0.0
4.65;0.0,0.0,0.0;1.0,0.0,0.0,0.0
4.66;0.0,0.0,0.0;1.0,0.0,0.0,0.0
4.67;0.0,0.0,0.0;1.0,0.0,0.0,0.0
4.68;0.0,0.0,0.0;1.0,0.0,0.0,0.0
4.69;0.0,0.0,0.0;1.0,0.0,0.0,0.0
4.7;0.0,0.0,0.0;1.0,0.0,0.0,0.0
4.71;0.0,0.0,0.0;1.0,0.0,0.0,0.0
4.72;0.0,0.0,0.0;1.0,0.0,0.0,0.0
4.73;0.0,0.0,0.0;1.0,0.0,0.0,0.0
4.74;0.0,0.0,0.0;1.0,0.0,0.0,0.0
4.75;0.0,0.0,0.0;1.0,0.0,0.0,0.0
4.76;0.0,0.0,0.0;1.0,0.0,0.0,0.0
4.77;0.0,0.0,0.0;1.0,0.0,0.0,0.0
4.78;0.0,0.0,0.0;1.0,0.0,0.0,0.0
4.79;0.0,0.0,0.0;1.0,0.0,0.0,0.0
4.8;0.0,0.0,0.0;1.0,0.0,0.0,0.0
4.81;0.0,0.0,0.0;1.0,0.0,0.0,0.0
4.82;0.0,0.0,0.0;1.0,0.0,0.0,0.0
4.83;0.0,0.0,0.0;1.0,0.0,0.0,0.0
4.84;0.0,0.0,0.0;1.0,0.0,0.0,0.0
4.85;0.0,0.0,0.0;1.0,0.0,0.0,0.0
4.86;0.0,0.0,0.0;1.0,0.0,0.0,0.0
4.87;0.0,0.0,0.0;1.0,0.0,0.0,0.0
4.88;0.0,0.0,0.0;1.0,0.0,0.0,0.0
4.89;0.0,0.0,0.0;1.0,0.0,0.0,0.0
4.9;0.0,0.0,0.0;1.0,0.0,0.0,0.0
4.91;0.0,0.0,0.0;1.0,0.0,0.0,0.0
4.92;0.0,0.0,0.0;1.0,0.0,0.0,0.0
4.93;0.0,0.0,0.0;1.0,0.0,0.0,0.0
4.94;0.0,0.0,0.0;1.0,0.0,0.0,0.0
4.95;0.0,0.0,0.0;1.0,0.0,0.0,0.0
4.96;0.0,0.0,0.0;1.0,0.0,0.0,0.0
4.97;0.0,0.0,0.0;1.0,0.0,0.0,0.0
4.98;0.0,0.0,0.0;1.0,0.0,0.0,0.0
4.99;0.0,0.0,0.0;1.0,0.0,0.0,0.0
5.0;0.0,0.0,0.0;1.0,0.0,0.0,0.0
5.01;0.0,0.0,0.0;1.0,0.0,0.0,0.0
5.02;0.0,0.0,0.0;1.0,0.0,0.0,0.0
5.03;0.0,0.0,0.0;1.0,0.0,0.0,0.0
5.04;0.0,0.0,0.0;1.0,0.0,0.0,0.0
5.05;0.0,0.0,0.0;1.0,0.0,0.0,0.0
5.06;0.0,0.0,0.0;1.0,0.0,0.0,0.0
5.07;0.0,0.0,0.0;1.0,0.0,0.0,0.0
5.08;0.0,0.0,0.0;1.0,0.0,0.0,0.0
5.09;0.0,0.0,0.0;1.0,0.0,0.0,0.0
5.1;0.0,0.0,0.0;1.0,0.0,0.0,0.0
5.11;0.0,0.0,0.0;1.0,0.0,0.0,0.0
5.12;0.0,0.0,0.0;1.0,0.0,0.0,0.0
5.13;0.0,0.0,0.0;1.0,0.0,0.0,0.0
5.14;0.0,0.0,0.0;1.0,0.0,0.0,0.0
5.15;0.0,0.0,0.0;1.0,0.0,0.0,0.0
5.16;0.0,0.0,0.0;1.0,0.0,0.0,0.0
5.17;0.0,0.0,0.0;1.0,0.0,0.0,0.0
5.18;0.0,0.0,0.0;1.0,0.0,0.0,0.0
5.19;0.0,0.0,0.0;1.0,0.0,0.0,0.0
5.2;0.0,0.0,0.0;1.0,0.0,0.0,0.0
5.21;0.0,0.0,0.0;1.0,0.0,0.0,0.0
5.22;0.0,0.0,0.0;1.0,0.0,0.0,0.0
5.23;0.0,0.0,0.0;1.0,0.0,0.0,0.0
5.24;0.0,0.0,0.0;1.0,0.0,0.0,0.0
5.25;0.0,0.0,0.0;1.0,0.0,0.0,0.0
5.26;0.0,0.0,0.0;1.0,0.0,0.0,0.0
5.27;0.0,0.0,0.0;1.0,0.0,0.0,0.0
5.28;0.0,0.0,0.0;1.0,0.0,0.0,0.0
5.29;0.0,0.0,0.0;1.0,0.0,0.0,0.0
5.3;0.0,0.0,0.0;1.0,0.0,0.0,0.0
5.31;0.0,0.0,0.0;1.0,0.0,0.0,0.0
5.32;0.0,0.0,0.0;1.0,0.0,0.0,0.0
5.33;0.0,0.0,0.0;1.0,0.0,0.0,0.0
5.34;0.0,0.0,0.0;1.0,0.0,0.0,0.0
5.35;0.0,0.0,0.0;1.0,0.0,0.0,0.0
5.36;0.0,0.0,0.0;1.0,0.0,0.0,0.0
5.37;0.0,0.0,0.0;1.0,0.0,0.0,0.0
5.38;0.0,0.0,0.0;1.0,0.0,0.0,0.0
5.39;0.0,0.0,0.0;1.0,0.0,0.0,0.0
5.4;0.0,0.0,0.0;1.0,0.0,0.0,0.0
5.41;0.0,0.0,0.0;1.0,0.0,0.0,0.0
5.42;0.0,0.0,0.0;1.0,0.0,0.0,0.0
5.43;0.0,0.0,0.0;1.0,0.0,0.0,0.0
5.44;0.0,0.0,0.0;1.0,0.0,0.0,0.0
5.45;0.0,0.0,0.0;1.0,0.0,0.0,0.0
5.46;0.0,0.0,0.0;1.0,0.0,0.0,0.0
5.47;0.0,0.0,0.0;1.0,0.0,0.0,0.0
5.48;0.0,0.0,0.0;1.0,0.0,0.0,0.0
5.49;0.0,0.0,0.0;1.0,0.0,0.0,0.0
5.5;0.0,0.0,0.0;1.0,0.0,0.0,0.0
5.51;0.0,0.0,0.0;1.0,0.0,0.0,0.0
5.52;0.0,0.0,0.0;1.0,0.0,0.0,0.0
5.53;0.0,0.0,0.0;1.0,0.0,0.0,0.0
5.54;0.0,0.0,0.0;1.0,0.0,0.0,0.0
5.55;0.0,0.0,0.0;1.0,0.0,0.0,0.0
5.56;0.0,0.0,0.0;1.0,0.0,0.0,0.0
5.57;0.0,0.0,0.0;1.0,0.0,0.0,0.0
5.58;0.0,0.0,0.0;1.0,0.0,0.0,0.0
5.59;0.0,0.0,0.0;1.0,0.0,0.0,0.0
5.6;0.0,0.0,0.0;1.0,0.0,0.0,0.0
5.61;0.0,0.0,0.0;1.0,0.0,0.0,0.0
5.62;0.0,0.0,0.0;1.0,0.0,0.0,0.0
5.63;0.0,0.0,0.0;1.0,0.0,0.0,0.0
5.64;0.0,0.0,0.0;1.0,0.0,0.0,0.0
5.65;0.0,0.0,0.0;1.0,0.0,0.0,0.0
5.66;0.0,0.0,0.0;1.0,0.0,0.0,0.0
5.67;0.0,0.0,0.0;1.0,0.0,0.0,0.0
5.68;0.0,0.0,0.0;1.0,0.0,0.0,0.0
5.69;0.0,0.0,0.0;1.0,0.0,0.0,0.0
5.7;0.0,0.0,0.0;1.0,0.0,0.0,0.0
5.71;0.0,0.0,0.0;1.0,0.0,0.0,0.0
5.72;0.0,0.0,0.0;1.0,0.0,0.0,0.0
5.73;0.0,0.0,0.0;1.0,0.0,0.0,0.0
5.74;0.0,0.0,0.0;1.0,0.0,0.0,0.0
5.75;0.0,0.0,0.0;1.0,0.0,0.0,0.0
5.76;0.0,0.0,0.0;1.0,0.0,0.0,0.0
5.77;0.0,0.0,0.0;1.0,0.0,0.0,0.0
5.78;0.0,0.0,0.0;1.0,0.0,0.0,0.0
5.79;0.0,0.0,0.0;1.0,0.0,0.0,0.0
5.8;0.0,0.0,0.0;1.0,0.0,0.0,0.0
5.81;0.0,0.0,0.0;1.0,0.0,0.0,0.0
5.82;0.0,0.0,0.0;1.0,0.0,0.0,0.0
5.83;0.0,0.0,0.0;1.0,0.0,0.0,0.0
5.84;0.0,0.0,0.0;1.0,0.0,0.0,0.0
5.85;0.0,0.0,0.0;1.0,0.0,0.0,0.0
5.86;0.0,0.0,0.0;1.0,0.0,0.0,0.0
5.87;0.0,0.0,0.0;1.0,0.0,0.0,0.0
5.88;0.0,0.0,0.0;1.0,0.0,0.0,0.0
5.89;0.0,0.0,0.0;1.0,0.0,0.0,0.0
5.9;0.0,0.0,0.0;1.0,0.0,0.0,0.0
5.91;0.0,0.0,0.0;1.0,0.0,0.0,0.0
5.92;0.0,0.0,0.0;1.0,0.0,0.0,0.0
5.93;0.0,0.0,0.0;1.0,0.0,0.0,0.0
5.94;0.0,0.0,0.0;1.0,0.0,0.0,0.0
5.95;0.0,0.0,0.0;1.0,0.0,0.0,0.0
5.96;0.0,0.0,0.0;1.0,0.0,0.0,0.0
5.97;0.0,0.0,0.0;1.0,0.0,0.0,0.0
5.98;0.0,0.0,0.0;1.0,0.0,0.0,0.0
5.99;0.0,0.0,0.0;1.0,0.0,0.0,0.0
6.0;0.0,0.0,0.0;1.0,0.0,0.0,0.0
6.01;0.0,0.0,0.0;1.0,0.0,0.0,0.0
6.02;0.0,0.0,0.0;1.0,0.0,0.0,0.0
6.03;0.0,0.0,0.0;1.0,0.0,0.0,0.0
6.04;0.0,0.0,0.0;1.0,0.0,0.0,0.0
6.05;0.0,0.0,0.0;1.0,0.0,0.0,0.0
6.06;0.0,0.0,0.0;1.0,0.0,0.0,0.0
6.07;0.0,0.0,0.0;1.0,0.0,0.0,0.0
6.08;0.0,0.0,0.0;1.0,0.0,0.0,0.0
6.09;0.0,0.0,0.0;1.0,0.0,0.0,0.0
6.1;0.0,0.0,0.0;1.0,0.0,0.0,0.0
6.11;0.0,0.0,0.0;1.0,0.0,0.0,0.0
6.12;0.0,0.0,0.0;1.0,0.0,0.0,0.0
6.13;0.0,0.0,0.0;1.0,0.0,0.0,0.0
6.14;0.0,0.0,0.0;1.0,0.0,0.0,0.0
6.15;0.0,0.0,0.0;1.0,0.0,0.0,0.0
6.16;0.0,0.0,0.0;1.0,0.0,0.0,0.0
6.17;0.0,0.0,0.0;1.0,0.0,0.0,0.0
6.18;0.0,0.0,0.0;1.0,0.0,0.0,0.0
6.19;0.0,0.0,0.0;1.0,0.0,0.0,0.0
6.2;0.0,0.0,0.0;1.0,0.0,0.0,0.0
6.21;0.0,0.0,0.0;1.0,0.0,0.0,0.0
6.22;0.0,0.0,0.0;1.0,0.0,0.0,0.0
6.23;0.0,0.0,0.0;1.0,0.0,0.0,0.0
6.24;0.0,0.0,0.0;1.0,0.0,0.0,0.0
6.25;0.0,0.0,0.0;1.0,0.0,0.0,0.0
6.26;0.0,0.0,0.0;1.0,0.0,0.0,0.0
6.27;0.0,0.0,0.0;1.0,0.0,0.0,0.0
6.28;0.0,0.0,0.0;1.0,0.0,0.0,0.0
6.29;0.0,0.0,0.0;1.0,0.0,0.0,0.0
6.3;0.0,0.0,0.0;1.0,0.0,0.0,0.0
6.31;0.0,0.0,0.0;1.0,0.0,0.0,0.0
6.32;0.0,0.0,0.0;1.0,0.0,0.0,0.0
6.33;0.0,0.0,0.0;1.0,0.0,0.0,0.0
6.34;0.0,0.0,0.0;1.0,0.0,0.0,0.0
6.35;0.0,0.0,0.0;1.0,0.0,0.0,0.0
6.36;0.0,0.0,0.0;1.0,0.0,0.0,0.0
6.37;0.0,0.0,0.0;1.0,0.0,0.0,0.0
6.38;0.0,0.0,0.0;1.0,0.0,0.0,0.0
6.39;0.0,0.0,0.0;1.0,0.0,0.0,0.0
6.4;0.0,0.0,0.0;1.0,0.0,0.0,0.0
6.41;0.0,0.0,0.0;1.0,0.0,0.0,0.0
6.42;0.0,0.0,0.0;1.0,0.0,0.0,0.0
6.43;0.0,0.0,0.0;1.0,0.0,0.0,0.0
6.44;0.0,0.0,0.0;1.0,0.0,0.0,0.0
6.45;0.0,0.0,0.0;1.0,0.0,0.0,0.0
6.46;0.0,0.0,0.0;1.0,0.0,0.0,0.0
6.47;0.0,0.0,-2.006042268476449e-05;1.0,0.0,0.0,0.0
6.48;0.0,0.0,-8.001628884812817e-05;1.0,0.0,0.0,0.0
6.49;0.0,0.0,-0.00017952948110178113;1.0,0.0,0.0,0.0
6.5;0.0,0.0,-0.00031826196936890483;1.0,0.0,0.0,0.0
6.51;0.0,0.0,-0.0004958754871040583;1.0,0.0,0.0,0.0
6.52;0.0,0.0,-0.0007120321388356388;1.0,0.0,0.0,0.0
6.53;0.0,0.0,-0.0009663938544690609;1.0,0.0,0.0,0.0
6.54;0.0,0.0,-0.0012586223892867565;1.0,0.0,0.0,0.0
6.55;0.0,0.0,-0.0015883794985711575;1.0,0.0,0.0,0.0
6.56;0.0,0.0,-0.001955327345058322;1.0,0.0,0.0,0.0
6.57;0.0,0.0,-0.002359127625823021;1.0,0.0,0.0,0.0
6.58;0.0,0.0,-0.0027994427364319563;1.0,0.0,0.0,0.0
6.59;0.0,0.0,-0.0032759341411292553;1.0,0.0,0.0,0.0
6.6;0.0,0.0,-0.0037882633041590452;1.0,0.0,0.0,0.0
6.61;0.0,0.0,-0.004336093086749315;1.0,0.0,0.0,0.0
6.62;0.0,0.0,-0.004919084720313549;1.0,0.0,0.0,0.0
6.63;0.0,0.0,-0.005536901298910379;1.0,0.0,0.0,0.0
6.64;0.0,0.0,-0.006189202889800072;1.0,0.0,0.0,0.0
6.65;0.0,0.0,-0.006875652354210615;1.0,0.0,0.0,0.0
6.66;0.0,0.0,-0.007595911156386137;1.0,0.0,0.0,0.0
6.67;0.0,0.0,-0.008349641226232052;1.0,0.0,0.0,0.0
6.68;0.0,0.0,-0.009136506356298923;1.0,0.0,0.0,0.0
6.69;0.0,0.0,-0.00995616428554058;1.0,0.0,0.0,0.0
6.7;0.0,0.0,-0.010808282531797886;1.0,0.0,0.0,0.0
6.71;0.0,0.0,-0.011692516505718231;1.0,0.0,0.0,0.0
6.72;0.0,0.0,-0.012608535587787628;1.0,0.0,0.0,0.0
6.73;0.0,0.0,-0.013555996119976044;1.0,0.0,0.0,0.0
6.74;0.0,0.0,-0.014534560963511467;1.0,0.0,0.0,0.0
6.75;0.0,0.0,-0.015543892979621887;1.0,0.0,0.0,0.0
6.76;0.0,0.0,-0.016583653166890144;1.0,0.0,0.0,0.0
6.77;0.0,0.0,-0.017653504386544228;1.0,0.0,0.0,0.0
6.78;0.0,0.0,-0.018753107637166977;1.0,0.0,0.0,0.0
6.79;0.0,0.0,-0.01988212577998638;1.0,0.0,0.0,0.0
6.8;0.0,0.0,-0.02104021981358528;1.0,0.0,0.0,0.0
6.81;0.0,0.0,-0.022227050736546516;1.0,0.0,0.0,0.0
6.82;0.0,0.0,-0.023442285135388374;1.0,0.0,0.0,0.0
6.83;0.0,0.0,-0.024685578420758247;1.0,0.0,0.0,0.0
6.84;0.0,0.0,-0.025956597179174423;1.0,0.0,0.0,0.0
6.85;0.0,0.0,-0.02725500427186489;1.0,0.0,0.0,0.0
6.86;0.0,0.0,-0.028580456972122192;1.0,0.0,0.0,0.0
6.87;0.0,0.0,-0.029932614415884018;1.0,0.0,0.0,0.0
6.88;0.0,0.0,-0.03131115064024925;1.0,0.0,0.0,0.0
6.89;0.0,0.0,-0.03271571546792984;1.0,0.0,0.0,0.0
6.9;0.0,0.0,-0.03414597734808922;1.0,0.0,0.0,0.0
6.91;0.0,0.0,-0.035601597279310226;1.0,0.0,0.0,0.0
6.92;0.0,0.0,-0.037082236260175705;1.0,0.0,0.0,0.0
6.93;0.0,0.0,-0.03858755901455879;1.0,0.0,0.0,0.0
6.94;0.0,0.0,-0.04011721909046173;1.0,0.0,0.0,0.0
6.95;0.0,0.0,-0.04167088493704796;1.0,0.0,0.0,0.0
6.96;0.0,0.0,-0.04324822127819061;1.0,0.0,0.0,0.0
6.97;0.0,0.0,-0.044848889112472534;1.0,0.0,0.0,0.0
6.98;0.0,0.0,-0.046472545713186264;1.0,0.0,0.0,0.0
6.99;0.0,0.0,-0.04811885207891464;1.0,0.0,0.0,0.0
7.0;0.0,0.0,-0.04978746920824051;1.0,0.0,0.0,0.0
7.01;0.0,0.0,-0.0514780655503273;1.0,0.0,0.0,0.0
7.02;0.0,0.0,-0.05319030210375786;1.0,0.0,0.0,0.0
7.03;0.0,0.0,-0.05492383986711502;1.0,0.0,0.0,0.0
7.04;0.0,0.0,-0.05667833611369133;1.0,0.0,0.0,0.0
7.05;0.0,0.0,-0.058453455567359924;1.0,0.0,0.0,0.0
7.06;0.0,0.0,-0.06024885177612305;1.0,0.0,0.0,0.0
7.07;0.0,0.0,-0.06206420436501503;1.0,0.0,0.0,0.0
7.08;0.0,0.0,-0.06389917433261871;1.0,0.0,0.0,0.0
7.09;0.0,0.0,-0.06575340777635574;1.0,0.0,0.0,0.0
7.1;0.0,0.0,-0.06762657314538956;1.0,0.0,0.0,0.0
7.11;0.0,0.0,-0.06951833516359329;1.0,0.0,0.0,0.0
7.12;0.0,0.0,-0.07142836600542068;1.0,0.0,0.0,0.0
7.13;0.0,0.0,-0.07335630059242249;1.0,0.0,0.0,0.0
7.14;0.0,0.0,-0.07530182600021362;1.0,0.0,0.0,0.0
7.15;0.0,0.0,-0.07726458460092545;1.0,0.0,0.0,0.0
7.16;0.0,0.0,-0.07924425601959229;1.0,0.0,0.0,0.0
7.17;0.0,0.0,-0.08124049752950668;1.0,0.0,0.0,0.0
7.18;0.0,0.0,-0.08325295895338058;1.0,0.0,0.0,0.0
7.19;0.0,0.0,-0.08528131246566772;1.0,0.0,0.0,0.0
7.2;0.0,0.0,-0.08732522279024124;1.0,0.0,0.0,0.0
7.21;0.0,0.0,-0.08938434720039368;1.0,0.0,0.0,0.0
7.22;0.0,0.0,-0.09145834296941757;1.0,0.0,0.0,0.0
7.23;0.0,0.0,-0.09354687482118607;1.0,0.0,0.0,0.0
7.24;0.0,0.0,-0.0956496149301529;1.0,0.0,0.0,0.0
7.25;0.0,0.0,-0.0977662205696106;1.0,0.0,0.0,0.0
7.26;0.0,0.0,-0.09989634156227112;1.0,0.0,0.0,0.0
7.27;0.0,0.0,-0.1020396500825882;1.0,0.0,0.0,0.0
7.28;0.0,0.0,-0.10419580340385437;1.0,0.0,0.0,0.0
7.29;0.0,0.0,-0.10636447370052338;1.0,0.0,0.0,0.0
7.3;0.0,0.0,-0.10854530334472656;1.0,0.0,0.0,0.0
7.31;0.0,0.0,-0.11073797196149826;1.0,0.0,0.0,0.0
7.32;0.0,0.0,-0.11294212937355042;1.0,0.0,0.0,0.0
7.33;0.0,0.0,-0.11515747010707855;1.0,0.0,0.0,0.0
7.34;0.0,0.0,-0.11738359928131104;1.0,0.0,0.0,0.0
7.35;0.0,0.0,-0.11962021887302399;1.0,0.0,0.0,0.0
7.36;0.0,0.0,-0.12186700105667114;1.0,0.0,0.0,0.0
7.37;0.0,0.0,-0.12412357330322266;1.0,0.0,0.0,0.0
7.38;0.0,0.0,-0.12638959288597107;1.0,0.0,0.0,0.0
7.39;0.0,0.0,-0.1286647766828537;1.0,0.0,0.0,0.0
7.4;0.0,0.0,-0.13094870746135712;1.0,0.0,0.0,0.0
7.41;0.0,0.0,-0.13324114680290222;1.0,0.0,0.0,0.0
7.42;0.0,0.0,-0.1355416625738144;1.0,0.0,0.0,0.0
7.43;0.0,0.0,-0.13784995675086975;1.0,0.0,0.0,0.0
7.44;0.0,0.0,-0.14016570150852203;1.0,0.0,0.0,0.0
7.45;0.0,0.0,-0.1424885243177414;1.0,0.0,0.0,0.0
7.46;0.0,0.0,-0.14481812715530396;1.0,0.0,0.0,0.0
7.47;0.0,0.0,-0.14715415239334106;1.0,0.0,0.0,0.0
7.48;0.0,0.0,-0.14949625730514526;1.0,0.0,0.0,0.0
7.49;0.0,0.0,-0.1518441140651703;1.0,0.0,0.0,0.0
7.5;0.0,0.0,-0.15419737994670868;1.0,0.0,0.0,0.0
7.51;0.0,0.0,-0.15655571222305298;1.0,0.0,0.0,0.0
7.52;0.0,0.0,-0.15891878306865692;1.0,0.0,0.0,0.0
7.53;0.0,0.0,-0.16128626465797424;1.0,0.0,0.0,0.0
7.54;0.0,0.0,-0.1636577844619751;1.0,0.0,0.0,0.0
7.55;0.0,0.0,-0.16603302955627441;1.0,0.0,0.0,0.0
7.56;0.0,0.0,-0.16841165721416473;1.0,0.0,0.0,0.0
7.57;0.0,0.0,-0.1707933247089386;1.0,0.0,0.0,0.0
7.58;0.0,0.0,-0.17317768931388855;1.0,0.0,0.0,0.0
7.59;0.0,0.0,-0.17556442320346832;1.0,0.0,0.0,0.0
7.6;0.0,0.0,-0.17795321345329285;1.0,0.0,0.0,0.0
7.61;0.0,0.0,-0.1803436577320099;1.0,0.0,0.0,0.0
7.62;0.0,0.0,-0.18273547291755676;1.0,0.0,0.0,0.0
7.63;0.0,0.0,-0.18512828648090363;1.0,0.0,0.0,0.0
7.64;0.0,0.0,-0.1875217854976654;1.0,0.0,0.0,0.0
7.65;0.0,0.0,-0.18991562724113464;1.0,0.0,0.0,0.0
7.66;0.0,0.0,-0.1923094391822815;1.0,0.0,0.0,0.0
7.67;0.0,0.0,-0.19470295310020447;1.0,0.0,0.0,0.0
7.68;0.0,0.0,-0.19709575176239014;1.0,0.0,0.0,0.0
7.69;0.0,0.0,-0.1994875818490982;1.0,0.0,0.0,0.0
7.7;0.0,0.0,-0.20187801122665405;1.0,0.0,0.0,0.0
7.71;0.0,0.0,-0.20426681637763977;1.0,0.0,0.0,0.0
7.72;0.0,0.0,-0.20665350556373596;1.0,0.0,0.0,0.0
7.73;0.0,0.0,-0.2090379297733307;1.0,0.0,0.0,0.0
7.74;0.0,0.0,-0.21141958236694336;1.0,0.0,0.0,0.0
7.75;0.0,0.0,-0.21379819512367249;1.0,0.0,0.0,0.0
7.76;0.0,0.0,-0.2161734402179718;1.0,0.0,0.0,0.0
7.77;0.0,0.0,-0.21854497492313385;1.0,0.0,0.0,0.0
7.78;0.0,0.0,-0.2209124118089676;1.0,0.0,0.0,0.0
7.79;0.0,0.0,-0.22327549755573273;1.0,0.0,0.0,0.0
7.8;0.0,0.0,-0.22563382983207703;1.0,0.0,0.0,0.0
7.81;0.0,0.0,-0.2279871255159378;1.0,0.0,0.0,0.0
7.82;0.0,0.0,-0.23033495247364044;1.0,0.0,0.0,0.0
7.83;0.0,0.0,-0.23267707228660583;1.0,0.0,0.0,0.0
7.84;0.0,0.0,-0.23501309752464294;1.0,0.0,0.0,0.0
7.85;0.0,0.0,-0.2373427003622055;1.0,0.0,0.0,0.0
7.86;0.0,0.0,-0.23966555297374725;1.0,0.0,0.0,0.0
7.87;0.0,0.0,-0.24198129773139954;1.0,0.0,0.0,0.0
7.88;0.0,0.0,-0.2442895621061325;1.0,0.0,0.0,0.0
7.89;0.0,0.0,-0.24659010767936707;1.0,0.0,0.0,0.0
7.9;0.0,0.0,-0.2488824874162674;1.0,0.0,0.0,0.0
7.91;0.0,0.0,-0.2511664628982544;1.0,0.0,0.0,0.0
7.92;0.0,0.0,-0.25344163179397583;1.0,0.0,0.0,0.0
7.93;0.0,0.0,-0.25570768117904663;1.0,0.0,0.0,0.0
7.94;0.0,0.0,-0.25796425342559814;1.0,0.0,0.0,0.0
7.95;0.0,0.0,-0.2602110505104065;1.0,0.0,0.0,0.0
7.96;0.0,0.0,-0.26244762539863586;1.0,0.0,0.0,0.0
7.97;0.0,0.0,-0.26467376947402954;1.0,0.0,0.0,0.0
7.98;0.0,0.0,-0.2668890953063965;1.0,0.0,0.0,0.0
7.99;0.0,0.0,-0.26909327507019043;1.0,0.0,0.0,0.0
8.0;0.0,0.0,-0.27128592133522034;1.0,0.0,0.0,0.0
8.01;0.0,0.0,-0.2734667658805847;1.0,0.0,0.0,0.0
8.02;0.0,0.0,-0.27563542127609253;1.0,0.0,0.0,0.0
8.03;0.0,0.0,-0.2777915894985199;1.0,0.0,0.0,0.0
8.04;0.0,0.0,-0.2799348831176758;1.0,0.0,0.0,0.0
8.05;0.0,0.0,-0.2820650041103363;1.0,0.0,0.0,0.0
8.06;0.0,0.0,-0.2841815948486328;1.0,0.0,0.0,0.0
8.07;0.0,0.0,-0.2862843871116638;1.0,0.0,0.0,0.0
8.08;0.0,0.0,-0.28837287425994873;1.0,0.0,0.0,0.0
8.09;0.0,0.0,-0.290446937084198;1.0,0.0,0.0,0.0
8.1;0.0,0.0,-0.29250597953796387;1.0,0.0,0.0,0.0
8.11;0.0,0.0,-0.29454994201660156;1.0,0.0,0.0,0.0
8.12;0.0,0.0,-0.2965782880783081;1.0,0.0,0.0,0.0
8.13;0.0,0.0,-0.298590749502182;1.0,0.0,0.0,0.0
8.14;0.0,0.0,-0.3005869388580322;1.0,0.0,0.0,0.0
8.15;0.0,0.0,-0.30256661772727966;1.0,0.0,0.0,0.0
8.16;0.0,0.0,-0.30452942848205566;1.0,0.0,0.0,0.0
8.17;0.0,0.0,-0.3064749836921692;1.0,0.0,0.0,0.0
8.18;0.0,0.0,-0.3084028661251068;1.0,0.0,0.0,0.0
8.19;0.0,0.0,-0.3103128969669342;1.0,0.0,0.0,0.0
8.2;0.0,0.0,-0.31220465898513794;1.0,0.0,0.0,0.0
8.21;0.0,0.0,-0.31407779455184937;1.0,0.0,0.0,0.0
8.22;0.0,0.0,-0.315932035446167;1.0,0.0,0.0,0.0
8.23;0.0,0.0,-0.31776705384254456;1.0,0.0,0.0,0.0
8.24;0.0,0.0,-0.31958237290382385;1.0,0.0,0.0,0.0
8.25;0.0,0.0,-0.32137778401374817;1.0,0.0,0.0,0.0
8.26;0.0,0.0,-0.3231528699398041;1.0,0.0,0.0,0.0
8.27;0.0,0.0,-0.32490745186805725;1.0,0.0,0.0,0.0
8.28;0.0,0.0,-0.32664093375205994;1.0,0.0,0.0,0.0
8.29;0.0,0.0,-0.3283531963825226;1.0,0.0,0.0,0.0
8.3;0.0,0.0,-0.3300437927246094;1.0,0.0,0.0,0.0
8.31;0.0,0.0,-0.33171242475509644;1.0,0.0,0.0,0.0
8.32;0.0,0.0,-0.3333587050437927;1.0,0.0,0.0,0.0
8.33;0.0,0.0,-0.33498236536979675;1.0,0.0,0.0,0.0
8.34;0.0,0.0,-0.3365829885005951;1.0,0.0,0.0,0.0
8.35;0.0,0.0,-0.33816036581993103;1.0,0.0,0.0,0.0
8.36;0.0,0.0,-0.339713990688324;1.0,0.0,0.0,0.0
8.37;0.0,0.0,-0.341243714094162;1.0,0.0,0.0,0.0
8.38;0.0,0.0,-0.3427489995956421;1.0,0.0,0.0,0.0
8.39;0.0,0.0,-0.34422966837882996;1.0,0.0,0.0,0.0
8.4;0.0,0.0,-0.345685213804245;1.0,0.0,0.0,0.0
8.41;0.0,0.0,-0.34711548686027527;1.0,0.0,0.0,0.0
8.42;0.0,0.0,-0.34852010011672974;1.0,0.0,0.0,0.0
8.43;0.0,0.0,-0.3498986065387726;1.0,0.0,0.0,0.0
8.44;0.0,0.0,-0.3512507677078247;1.0,0.0,0.0,0.0
8.45;0.0,0.0,-0.35257628560066223;1.0,0.0,0.0,0.0
8.46;0.0,0.0,-0.35387465357780457;1.0,0.0,0.0,0.0
8.47;0.0,0.0,-0.35514572262763977;1.0,0.0,0.0,0.0
8.48;0.0,0.0,-0.35638898611068726;1.0,0.0,0.0,0.0
8.49;0.0,0.0,-0.3576042056083679;1.0,0.0,0.0,0.0
8.5;0.0,0.0,-0.3587910234928131;1.0,0.0,0.0,0.0
8.51;0.0,0.0,-0.35994914174079895;1.0,0.0,0.0,0.0
8.52;0.0,0.0,-0.361078143119812;1.0,0.0,0.0,0.0
8.53;0.0,0.0,-0.3621777892112732;1.0,0.0,0.0,0.0
8.54;0.0,0.0,-0.3632475733757019;1.0,0.0,0.0,0.0
8.55;0.0,0.0,-0.3642873764038086;1.0,0.0,0.0,0.0
8.56;0.0,0.0,-0.3652966618537903;1.0,0.0,0.0,0.0
8.57;0.0,0.0,-0.36627519130706787;1.0,0.0,0.0,0.0
8.58;0.0,0.0,-0.3672226667404175;1.0,0.0,0.0,0.0
8.59;0.0,0.0,-0.36813873052597046;1.0,0.0,0.0,0.0
8.6;0.0,0.0,-0.3690229654312134;1.0,0.0,0.0,0.0
8.61;0.0,0.0,-0.36987507343292236;1.0,0.0,0.0,0.0
8.62;0.0,0.0,-0.37069475650787354;1.0,0.0,0.0,0.0
8.63;0.0,0.0,-0.37148159742355347;1.0,0.0,0.0,0.0
8.64;0.0,0.0,-0.3722352981567383;1.0,0.0,0.0,0.0
8.65;0.0,0.0,-0.3729556202888489;1.0,0.0,0.0,0.0
8.66;0.0,0.0,-0.37364208698272705;1.0,0.0,0.0,0.0
8.67;0.0,0.0,-0.37429434061050415;1.0,0.0,0.0,0.0
8.68;0.0,0.0,-0.37491220235824585;1.0,0.0,0.0,0.0
8.69;0.0,0.0,-0.37549513578414917;1.0,0.0,0.0,0.0
8.7;0.0,0.0,-0.37604302167892456;1.0,0.0,0.0,0.0
8.71;0.0,0.0,-0.3765553832054138;1.0,0.0,0.0,0.0
8.72;0.0,0.0,-0.3770318031311035;1.0,0.0,0.0,0.0
8.73;0.0,0.0,-0.3774721026420593;1.0,0.0,0.0,0.0
8.74;0.0,0.0,-0.3778759837150574;1.0,0.0,0.0,0.0
8.75;0.0,0.0,-0.3782428503036499;1.0,0.0,0.0,0.0
8.76;0.0,0.0,-0.37857264280319214;1.0,0.0,0.0,0.0
8.77;0.0,0.0,-0.3788648247718811;1.0,0.0,0.0,0.0
8.78;0.0,0.0,-0.37911927700042725;1.0,0.0,0.0,0.0
8.79;0.0,0.0,-0.3793354034423828;1.0,0.0,0.0,0.0
8.8;0.0,0.0,-0.3795130252838135;1.0,0.0,0.0,0.0
8.81;0.0,0.0,-0.3796517252922058;1.0,0.0,0.0,0.0
8.82;0.0,0.0,-0.3797512650489807;1.0,0.0,0.0,0.0
8.83;0.0,0.0,-0.37981116771698;1.0,0.0,0.0,0.0
8.84;0.0,0.0,-0.3798312544822693;1.0,0.0,0.0,0.0
8.85;0.0,0.0,-0.3798312544822693;1.0,0.0,0.0,0.0
8.86;0.0,0.0,-0.3798312544822693;1.0,0.0,0.0,0.0
8.87;0.0,0.0,-0.3798312544822693;1.0,0.0,0.0,0.0
8.88;0.0,0.0,-0.3798312544822693;1.0,0.0,0.0,0.0
8.89;0.0,0.0,-0.3798312544822693;1.0,0.0,0.0,0.0
8.9;0.0,0.0,-0.3798312544822693;1.0,0.0,0.0,0.0
8.91;0.0,0.0,-0.3798312544822693;1.0,0.0,0.0,0.0
8.92;0.0,0.0,-0.3798312544822693;1.0,0.0,0.0,0.0
8.93;0.0,0.0,-0.3798312544822693;1.0,0.0,0.0,0.0
8.94;0.0,0.0,-0.3798312544822693;1.0,0.0,0.0,0.0
8.95;0.0,0.0,-0.3798312544822693;1.0,0.0,0.0,0.0
8.96;0.0,0.0,-0.3798312544822693;1.0,0.0,0.0,0.0
8.97;0.0,0.0,-0.3798312544822693;1.0,0.0,0.0,0.0
8.98;0.0,0.0,-0.3798312544822693;1.0,0.0,0.0,0.0
8.99;0.0,0.0,-0.3798312544822693;1.0,0.0,0.0,0.0
9.0;0.0,0.0,-0.3798312544822693;1.0,0.0,0.0,0.0
9.01;0.0,0.0,-0.3798312544822693;1.0,0.0,0.0,0.0
9.02;0.0,0.0,-0.3798312544822693;1.0,0.0,0.0,0.0
9.03;0.0,0.0,-0.3798312544822693;1.0,0.0,0.0,0.0
9.04;0.0,0.0,-0.3798312544822693;1.0,0.0,0.0,0.0
9.05;0.0,0.0,-0.3798312544822693;1.0,0.0,0.0,0.0
9.06;0.0,0.0,-0.3798312544822693;1.0,0.0,0.0,0.0
9.07;0.0,0.0,-0.3798312544822693;1.0,0.0,0.0,0.0
9.08;0.0,0.0,-0.3798312544822693;1.0,0.0,0.0,0.0
9.09;0.0,0.0,-0.3798312544822693;1.0,0.0,0.0,0.0
9.1;0.0,0.0,-0.3798312544822693;1.0,0.0,0.0,0.0
9.11;0.0,0.0,-0.3798312544822693;1.0,0.0,0.0,0.0
9.12;0.0,0.0,-0.3798312544822693;1.0,0.0,0.0,0.0
9.13;0.0,0.0,-0.3798312544822693;1.0,0.0,0.0,0.0
9.14;0.0,0.0,-0.3798312544822693;1.0,0.0,0.0,0.0
9.15;0.0,0.0,-0.3798312544822693;1.0,0.0,0.0,0.0
9.16;0.0,0.0,-0.3798312544822693;1.0,0.0,0.0,0.0
9.17;0.0,0.0,-0.3798312544822693;1.0,0.0,0.0,0.0
9.18;0.0,0.0,-0.3798312544822693;1.0,0.0,0.0,0.0
9.19;0.0,0.0,-0.3798312544822693;1.0,0.0,0.0,0.0
9.2;0.0,0.0,-0.3798312544822693;1.0,0.0,0.0,0.0
9.21;0.0,0.0,-0.3798312544822693;1.0,0.0,0.0,0.0
9.22;0.0,0.0,-0.3798312544822693;1.0,0.0,0.0,0.0
9.23;0.0,0.0,-0.3798312544822693;1.0,0.0,0.0,0.0
9.24;0.0,0.0,-0.3798312544822693;1.0,0.0,0.0,0.0
9.25;0.0,0.0,-0.3798312544822693;1.0,0.0,0.0,0.0
9.26;0.0,0.0,-0.3798312544822693;1.0,0.0,0.0,0.0
9.27;0.0,0.0,-0.3798312544822693;1.0,0.0,0.0,0.0
9.28;0.0,0.0,-0.3798312544822693;1.0,0.0,0.0,0.0
9.29;0.0,0.0,-0.3798312544822693;1.0,0.0,0.0,0.0
9.3;0.0,0.0,-0.3798312544822693;1.0,0.0,0.0,0.0
9.31;0.0,0.0,-0.3798312544822693;1.0,0.0,0.0,0.0
9.32;0.0,0.0,-0.3798312544822693;1.0,0.0,0.0,0.0
9.33;0.0,0.0,-0.3798312544822693;1.0,0.0,0.0,0.0
9.34;0.0,0.0,-0.3798312544822693;1.0,0.0,0.0,0.0
9.35;0.0,0.0,-0.3798312544822693;1.0,0.0,0.0,0.0
9.36;0.0,0.0,-0.3798312544822693;1.0,0.0,0.0,0.0
9.37;0.0,0.0,-0.3798312544822693;1.0,0.0,0.0,0.0
9.38;0.0,0.0,-0.3798312544822693;1.0,0.0,0.0,0.0
9.39;0.0,0.0,-0.3798312544822693;1.0,0.0,0.0,0.0
9.4;0.0,0.0,-0.3798312544822693;1.0,0.0,0.0,0.0
9.41;0.0,0.0,-0.3798312544822693;1.0,0.0,0.0,0.0
9.42;0.0,0.0,-0.3798312544822693;1.0,0.0,0.0,0.0
9.43;0.0,0.0,-0.3798312544822693;1.0,0.0,0.0,0.0
9.44;0.0,0.0,-0.3798312544822693;1.0,0.0,0.0,0.0
9.45;0.0,0.0,-0.3798312544822693;1.0,0.0,0.0,0.0
9.46;0.0,0.0,-0.3798312544822693;1.0,0.0,0.0,0.0
9.47;0.0,0.0,-0.3798312544822693;1.0,0.0,0.0,0.0
9.48;0.0,0.0,-0.3798312544822693;1.0,0.0,0.0,0.0
9.49;0.0,0.0,-0.3798312544822693;1.0,0.0,0.0,0.0
9.5;0.0,0.0,-0.3798312544822693;1.0,0.0,0.0,0.0
9.51;0.0,0.0,-0.3798312544822693;1.0,0.0,0.0,0.0
9.52;0.0,0.0,-0.3798312544822693;1.0,0.0,0.0,0.0
9.53;0.0,0.0,-0.3798312544822693;1.0,0.0,0.0,0.0
9.54;0.0,0.0,-0.3798312544822693;1.0,0.0,0.0,0.0
9.55;0.0,0.0,-0.3798312544822693;1.0,0.0,0.0,0.0
9.56;0.0,0.0,-0.3798312544822693;1.0,0.0,0.0,0.0
9.57;0.0,0.0,-0.3798312544822693;1.0,0.0,0.0,0.0
9.58;0.0,0.0,-0.3798312544822693;1.0,0.0,0.0,0.0
9.59;0.0,0.0,-0.3798312544822693;1.0,0.0,0.0,0.0
9.6;0.0,0.0,-0.3798312544822693;1.0,0.0,0.0,0.0
9.61;0.0,0.0,-0.3798312544822693;1.0,0.0,0.0,0.0
9.62;0.0,0.0,-0.3798312544822693;1.0,0.0,0.0,0.0
9.63;0.0,0.0,-0.3798312544822693;1.0,0.0,0.0,0.0
9.64;0.0,0.0,-0.3798312544822693;1.0,0.0,0.0,0.0
9.65;0.0,0.0,-0.3798312544822693;1.0,0.0,0.0,0.0
9.66;0.0,0.0,-0.3798312544822693;1.0,0.0,0.0,0.0
9.67;0.0,0.0,-0.3798312544822693;1.0,0.0,0.0,0.0
9.68;0.0,0.0,-0.3798312544822693;1.0,0.0,0.0,0.0
9.69;0.0,0.0,-0.3798312544822693;1.0,0.0,0.0,0.0
9.7;0.0,0.0,-0.3798312544822693;1.0,0.0,0.0,0.0
9.71;0.0,0.0,-0.3798312544822693;1.0,0.0,0.0,0.0
9.72;0.0,0.0,-0.3798312544822693;1.0,0.0,0.0,0.0
9.73;0.0,0.0,-0.3798312544822693;1.0,0.0,0.0,0.0
9.74;0.0,0.0,-0.3798312544822693;1.0,0.0,0.0,0.0
9.75;0.0,0.0,-0.3798312544822693;1.0,0.0,0.0,0.0
9.76;0.0,0.0,-0.3798312544822693;1.0,0.0,0.0,0.0
9.77;0.0,0.0,-0.3798312544822693;1.0,0.0,0.0,0.0
9.78;0.0,0.0,-0.3798312544822693;1.0,0.0,0.0,0.0
9.79;0.0,0.0,-0.3798312544822693;1.0,0.0,0.0,0.0
9.8;0.0,0.0,-0.3798312544822693;1.0,0.0,0.0,0.0
9.81;0.0,0.0,-0.3798312544822693;1.0,0.0,0.0,0.0
9.82;0.0,0.0,-0.3798312544822693;1.0,0.0,0.0,0.0
9.83;0.0,0.0,-0.3798312544822693;1.0,0.0,0.0,0.0
9.84;0.0,0.0,-0.3798312544822693;1.0,0.0,0.0,0.0
9.85;0.0,0.0,-0.3798312544822693;1.0,0.0,0.0,0.0
9.86;0.0,0.0,-0.3798312544822693;1.0,0.0,0.0,0.0
9.87;0.0,0.0,-0.3798312544822693;1.0,0.0,0.0,0.0
9.88;0.0,0.0,-0.3798312544822693;1.0,0.0,0.0,0.0
9.89;0.0,0.0,-0.3798312544822693;1.0,0.0,0.0,0.0
9.9;0.0,0.0,-0.3798312544822693;1.0,0.0,0.0,0.0
9.91;0.0,0.0,-0.3798312544822693;1.0,0.0,0.0,0.0
9.92;0.0,0.0,-0.3798312544822693;1.0,0.0,0.0,0.0
9.93;0.0,0.0,-0.3798312544822693;1.0,0.0,0.0,0.0
9.94;0.0,0.0,-0.3798312544822693;1.0,0.0,0.0,0.0
9.95;0.0,0.0,-0.3798312544822693;1.0,0.0,0.0,0.0
9.96;0.0,0.0,-0.3798312544822693;1.0,0.0,0.0,0.0
9.97;0.0,0.0,-0.3798312544822693;1.0,0.0,0.0,0.0
9.98;0.0,0.0,-0.3798312544822693;1.0,0.0,0.0,0.0
9.99;0.0,0.0,-0.3798312544822693;1.0,0.0,0.0,0.0
10.0;0.0,0.0,-0.3798312544822693;1.0,0.0,0.0,0.0
10.01;0.0,0.0,-0.3798312544822693;1.0,0.0,0.0,0.0
10.02;0.0,0.0,-0.3798312544822693;1.0,0.0,0.0,0.0
10.03;0.0,0.0,-0.3798312544822693;1.0,0.0,0.0,0.0
10.04;0.0,0.0,-0.3798312544822693;1.0,0.0,0.0,0.0
10.05;0.0,0.0,-0.3798312544822693;1.0,0.0,0.0,0.0
10.06;0.0,0.0,-0.3798312544822693;1.0,0.0,0.0,0.0
10.07;0.0,0.0,-0.3798312544822693;1.0,0.0,0.0,0.0
10.08;0.0,0.0,-0.3798312544822693;1.0,0.0,0.0,0.0
10.09;0.0,0.0,-0.3798312544822693;1.0,0.0,0.0,0.0
10.1;0.0,0.0,-0.3798312544822693;1.0,0.0,0.0,0.0
10.11;0.0,0.0,-0.3798312544822693;1.0,0.0,0.0,0.0
10.12;0.0,0.0,-0.3798312544822693;1.0,0.0,0.0,0.0
10.13;0.0,0.0,-0.3798312544822693;1.0,0.0,0.0,0.0
10.14;0.0,0.0,-0.3798312544822693;1.0,0.0,0.0,0.0
10.15;0.0,0.0,-0.3798312544822693;1.0,0.0,0.0,0.0
10.16;0.0,0.0,-0.3798312544822693;1.0,0.0,0.0,0.0
10.17;0.0,0.0,-0.3798312544822693;1.0,0.0,0.0,0.0
10.18;0.0,0.0,-0.3798312544822693;1.0,0.0,0.0,0.0
10.19;0.0,0.0,-0.3798312544822693;1.0,0.0,0.0,0.0
10.2;0.0,0.0,-0.3798312544822693;1.0,0.0,0.0,0.0
10.21;0.0,0.0,-0.3798312544822693;1.0,0.0,0.0,0.0
10.22;0.0,0.0,-0.3798312544822693;1.0,0.0,0.0,0.0
10.23;0.0,0.0,-0.3798312544822693;1.0,0.0,0.0,0.0
10.24;0.0,0.0,-0.3798312544822693;1.0,0.0,0.0,0.0
10.25;0.0,0.0,-0.3798312544822693;1.0,0.0,0.0,0.0
10.26;0.0,0.0,-0.3798312544822693;1.0,0.0,0.0,0.0
10.27;0.0,0.0,-0.3798312544822693;1.0,0.0,0.0,0.0
10.28;0.0,0.0,-0.3798312544822693;1.0,0.0,0.0,0.0
10.29;0.0,0.0,-0.3798312544822693;1.0,0.0,0.0,0.0
10.3;0.0,0.0,-0.3798312544822693;1.0,0.0,0.0,0.0
10.31;0.0,0.0,-0.3798312544822693;1.0,0.0,0.0,0.0
10.32;0.0,0.0,-0.3798312544822693;1.0,0.0,0.0,0.0
10.33;0.0,0.0,-0.3798312544822693;1.0,0.0,0.0,0.0
10.34;0.0,0.0,-0.3798312544822693;1.0,0.0,0.0,0.0
10.35;0.0,0.0,-0.3798312544822693;1.0,0.0,0.0,0.0
10.36;0.0,0.0,-0.3798312544822693;1.0,0.0,0.0,0.0
10.37;0.0,0.0,-0.3798312544822693;1.0,0.0,0.0,0.0
10.38;0.0,0.0,-0.3798312544822693;1.0,0.0,0.0,0.0
10.39;0.0,0.0,-0.3798312544822693;1.0,0.0,0.0,0.0
10.4;0.0,0.0,-0.3798312544822693;1.0,0.0,0.0,0.0
10.41;0.0,0.0,-0.3798312544822693;1.0,0.0,0.0,0.0
10.42;0.0,0.0,-0.3798312544822693;1.0,0.0,0.0,0.0
10.43;0.0,0.0,-0.3798312544822693;1.0,0.0,0.0,0.0
10.44;0.0,0.0,-0.3798312544822693;1.0,0.0,0.0,0.0
10.45;0.0,0.0,-0.3798312544822693;1.0,0.0,0.0,0.0
10.46;0.0,0.0,-0.3798312544822693;1.0,0.0,0.0,0.0
10.47;0.0,0.0,-0.3798312544822693;1.0,0.0,0.0,0.0
10.48;0.0,0.0,-0.3798312544822693;1.0,0.0,0.0,0.0
10.49;0.0,0.0,-0.3798312544822693;1.0,0.0,0.0,0.0
10.5;0.0,0.0,-0.3798312544822693;1.0,0.0,0.0,0.0
10.51;0.0,0.0,-0.3798312544822693;1.0,0.0,0.0,0.0
10.52;0.0,0.0,-0.3798312544822693;1.0,0.0,0.0,0.0
10.53;0.0,0.0,-0.3798312544822693;1.0,0.0,0.0,0.0
10.54;0.0,0.0,-0.3798312544822693;1.0,0.0,0.0,0.0
10.55;0.0,0.0,-0.3798312544822693;1.0,0.0,0.0,0.0
10.56;0.0,0.0,-0.3798312544822693;1.0,0.0,0.0,0.0
10.57;0.0,0.0,-0.3798312544822693;1.0,0.0,0.0,0.0
10.58;0.0,0.0,-0.3798312544822693;1.0,0.0,0.0,0.0
10.59;0.0,0.0,-0.3798312544822693;1.0,0.0,0.0,0.0
10.6;0.0,0.0,-0.3798312544822693;1.0,0.0,0.0,0.0
10.61;0.0,0.0,-0.3798312544822693;1.0,0.0,0.0,0.0
10.62;0.0,0.0,-0.3798312544822693;1.0,0.0,0.0,0.0
10.63;0.0,0.0,-0.3798312544822693;1.0,0.0,0.0,0.0
10.64;0.0,0.0,-0.3798312544822693;1.0,0.0,0.0,0.0
10.65;0.0,0.0,-0.3798312544822693;1.0,0.0,0.0,0.0
10.66;0.0,0.0,-0.3798312544822693;1.0,0.0,0.0,0.0
10.67;0.0,0.0,-0.3798312544822693;1.0,0.0,0.0,0.0
10.68;0.0,0.0,-0.3798312544822693;1.0,0.0,0.0,0.0
10.69;0.0,0.0,-0.3798312544822693;1.0,0.0,0.0,0.0
10.7;0.0,0.0,-0.3798312544822693;1.0,0.0,0.0,0.0
10.71;0.0,0.0,-0.3798312544822693;1.0,0.0,0.0,0.0
10.72;0.0,0.0,-0.3798312544822693;1.0,0.0,0.0,0.0
10.73;0.0,0.0,-0.3798312544822693;1.0,0.0,0.0,0.0
10.74;0.0,0.0,-0.3798312544822693;1.0,0.0,0.0,0.0
10.75;0.0,0.0,-0.3798312544822693;1.0,0.0,0.0,0.0
10.76;0.0,0.0,-0.3798312544822693;1.0,0.0,0.0,0.0
10.77;0.0,0.0,-0.3798312544822693;1.0,0.0,0.0,0.0
10.78;0.0,0.0,-0.3798312544822693;1.0,0.0,0.0,0.0
10.79;0.0,0.0,-0.3798312544822693;1.0,0.0,0.0,0.0
10.8;0.0,0.0,-0.3798312544822693;1.0,0.0,0.0,0.0
10.81;0.0,0.0,-0.3798312544822693;1.0,0.0,0.0,0.0
10.82;0.0,0.0,-0.3798312544822693;1.0,0.0,0.0,0.0
10.83;0.0,0.0,-0.3798312544822693;1.0,0.0,0.0,0.0
10.84;0.0,0.0,-0.3798312544822693;1.0,0.0,0.0,0.0
10.85;0.0,0.0,-0.3798312544822693;1.0,0.0,0.0,0.0
10.86;0.0,0.0,-0.3798312544822693;1.0,0.0,0.0,0.0
10.87;0.0,0.0,-0.3798312544822693;1.0,0.0,0.0,0.0
10.88;0.0,0.0,-0.3798312544822693;1.0,0.0,0.0,0.0
10.89;0.0,0.0,-0.3798312544822693;1.0,0.0,0.0,0.0
10.9;0.0,0.0,-0.3798312544822693;1.0,0.0,0.0,0.0
10.91;0.0,0.0,-0.3798312544822693;1.0,0.0,0.0,0.0
10.92;0.0,0.0,-0.3798312544822693;1.0,0.0,0.0,0.0
10.93;0.0,0.0,-0.3798312544822693;1.0,0.0,0.0,0.0
10.94;0.0,0.0,-0.3798312544822693;1.0,0.0,0.0,0.0
10.95;0.0,0.0,-0.3798312544822693;1.0,0.0,0.0,0.0
10.96;0.0,0.0,-0.3798312544822693;1.0,0.0,0.0,0.0
10.97;0.0,0.0,-0.3798312544822693;1.0,0.0,0.0,0.0
10.98;0.0,0.0,-0.3798312544822693;1.0,0.0,0.0,0.0
10.99;0.0,0.0,-0.3798312544822693;1.0,0.0,0.0,0.0
11.0;0.0,0.0,-0.3798312544822693;1.0,0.0,0.0,0.0
11.01;0.0,0.0,-0.3798312544822693;1.0,0.0,0.0,0.0
11.02;0.0,0.0,-0.3798312544822693;1.0,0.0,0.0,0.0
11.03;0.0,0.0,-0.3798312544822693;1.0,0.0,0.0,0.0
11.04;0.0,0.0,-0.3798312544822693;1.0,0.0,0.0,0.0
11.05;0.0,0.0,-0.3798312544822693;1.0,0.0,0.0,0.0
11.06;0.0,0.0,-0.3798312544822693;1.0,0.0,0.0,0.0
11.07;0.0,0.0,-0.3798312544822693;1.0,0.0,0.0,0.0
11.08;0.0,0.0,-0.3798312544822693;1.0,0.0,0.0,0.0
11.09;0.0,0.0,-0.3798312544822693;1.0,0.0,0.0,0.0
11.1;0.0,0.0,-0.3798312544822693;1.0,0.0,0.0,0.0
11.11;0.0,0.0,-0.3798312544822693;1.0,0.0,0.0,0.0
11.12;0.0,0.0,-0.3798312544822693;1.0,0.0,0.0,0.0
11.13;0.0,0.0,-0.3798312544822693;1.0,0.0,0.0,0.0
11.14;0.0,0.0,-0.3798312544822693;1.0,0.0,0.0,0.0
11.15;0.0,0.0,-0.3798312544822693;1.0,0.0,0.0,0.0
11.16;0.0,0.0,-0.3798312544822693;1.0,0.0,0.0,0.0
11.17;0.0,0.0,-0.3798312544822693;1.0,0.0,0.0,0.0
11.18;0.0,0.0,-0.3798312544822693;1.0,0.0,0.0,0.0
11.19;0.0,0.0,-0.3798312544822693;1.0,0.0,0.0,0.0
11.2;0.0,0.0,-0.3798312544822693;1.0,0.0,0.0,0.0
11.21;0.0,0.0,-0.3798312544822693;1.0,0.0,0.0,0.0
11.22;0.0,0.0,-0.3798312544822693;1.0,0.0,0.0,0.0
11.23;0.0,0.0,-0.3798312544822693;1.0,0.0,0.0,0.0
11.24;0.0,0.0,-0.3798312544822693;1.0,0.0,0.0,0.0
11.25;0.0,0.0,-0.3798312544822693;1.0,0.0,0.0,0.0
11.26;0.0,0.0,-0.3798312544822693;1.0,0.0,0.0,0.0
11.27;0.0,0.0,-0.3798312544822693;1.0,0.0,0.0,0.0
11.28;0.0,0.0,-0.3798312544822693;1.0,0.0,0.0,0.0
11.29;0.0,0.0,-0.3798312544822693;1.0,0.0,0.0,0.0
11.3;0.0,0.0,-0.3798312544822693;1.0,0.0,0.0,0.0
11.31;0.0,0.0,-0.3798312544822693;1.0,0.0,0.0,0.0
11.32;0.0,0.0,-0.3798312544822693;1.0,0.0,0.0,0.0
11.33;0.0,0.0,-0.3798312544822693;1.0,0.0,0.0,0.0
11.34;0.0,0.0,-0.3798312544822693;1.0,0.0,0.0,0.0
11.35;0.0,0.0,-0.3798312544822693;1.0,0.0,0.0,0.0
11.36;0.0,0.0,-0.3798312544822693;1.0,0.0,0.0,0.0
11.37;0.0,0.0,-0.3798312544822693;1.0,0.0,0.0,0.0
11.38;0.0,0.0,-0.3798312544822693;1.0,0.0,0.0,0.0
11.39;0.0,0.0,-0.3798312544822693;1.0,0.0,0.0,0.0
11.4;0.0,0.0,-0.3798312544822693;1.0,0.0,0.0,0.0
11.41;0.0,0.0,-0.3798312544822693;1.0,0.0,0.0,0.0
11.42;0.0,0.0,-0.3798312544822693;1.0,0.0,0.0,0.0
11.43;0.0,0.0,-0.3798312544822693;1.0,0.0,0.0,0.0
11.44;0.0,0.0,-0.3798312544822693;1.0,0.0,0.0,0.0
11.45;0.0,0.0,-0.3798312544822693;1.0,0.0,0.0,0.0
11.46;0.0,0.0,-0.3798312544822693;1.0,0.0,0.0,0.0
11.47;0.0,0.0,-0.3798312544822693;1.0,0.0,0.0,0.0
11.48;0.0,0.0,-0.3798312544822693;1.0,0.0,0.0,0.0
11.49;0.0,0.0,-0.3798312544822693;1.0,0.0,0.0,0.0
11.5;0.0,0.0,-0.3798312544822693;1.0,0.0,0.0,0.0
11.51;0.0,0.0,-0.3798312544822693;1.0,0.0,0.0,0.0
11.52;0.0,0.0,-0.3798312544822693;1.0,0.0,0.0,0.0
11.53;0.0,0.0,-0.3798312544822693;1.0,0.0,0.0,0.0
11.54;0.0,0.0,-0.3798312544822693;1.0,0.0,0.0,0.0
11.55;0.0,0.0,-0.3798312544822693;1.0,0.0,0.0,0.0
11.56;0.0,0.0,-0.3798312544822693;1.0,0.0,0.0,0.0
11.57;0.0,0.0,-0.3798312544822693;1.0,0.0,0.0,0.0
11.58;0.0,0.0,-0.3798312544822693;1.0,0.0,0.0,0.0
11.59;0.0,0.0,-0.3798312544822693;1.0,0.0,0.0,0.0
11.6;0.0,0.0,-0.3798312544822693;1.0,0.0,0.0,0.0
11.61;0.0,0.0,-0.3798312544822693;1.0,0.0,0.0,0.0
11.62;0.0,0.0,-0.3798312544822693;1.0,0.0,0.0,0.0
11.63;0.0,0.0,-0.3798312544822693;1.0,0.0,0.0,0.0
11.64;0.0,0.0,-0.3798312544822693;1.0,0.0,0.0,0.0
11.65;0.0,0.0,-0.3798312544822693;1.0,0.0,0.0,0.0
11.66;0.0,0.0,-0.3798312544822693;1.0,0.0,0.0,0.0
11.67;0.0,0.0,-0.3798312544822693;1.0,0.0,0.0,0.0
11.68;0.0,0.0,-0.3798312544822693;1.0,0.0,0.0,0.0
11.69;0.0,0.0,-0.3798312544822693;1.0,0.0,0.0,0.0
11.7;0.0,0.0,-0.3798312544822693;1.0,0.0,0.0,0.0
11.71;0.0,0.0,-0.3798312544822693;1.0,0.0,0.0,0.0
11.72;0.0,0.0,-0.3798312544822693;1.0,0.0,0.0,0.0
11.73;0.0,0.0,-0.3798312544822693;1.0,0.0,0.0,0.0
11.74;0.0,0.0,-0.3798312544822693;1.0,0.0,0.0,0.0
11.75;0.0,0.0,-0.3798312544822693;1.0,0.0,0.0,0.0
11.76;0.0,0.0,-0.3798312544822693;1.0,0.0,0.0,0.0
11.77;0.0,0.0,-0.3798312544822693;1.0,0.0,0.0,0.0
11.78;0.0,0.0,-0.3798312544822693;1.0,0.0,0.0,0.0
11.79;0.0,0.0,-0.3798312544822693;1.0,0.0,0.0,0.0
11.8;0.0,0.0,-0.3798312544822693;1.0,0.0,0.0,0.0
11.81;0.0,0.0,-0.3798312544822693;1.0,0.0,0.0,0.0
11.82;0.0,0.0,-0.3798312544822693;1.0,0.0,0.0,0.0
11.83;0.0,0.0,-0.3798312544822693;1.0,0.0,0.0,0.0
11.84;0.0,0.0,-0.3798312544822693;1.0,0.0,0.0,0.0
11.85;0.0,0.0,-0.3798312544822693;1.0,0.0,0.0,0.0
11.86;0.0,0.0,-0.3798312544822693;1.0,0.0,0.0,0.0
11.87;0.0,0.0,-0.3798312544822693;1.0,0.0,0.0,0.0
11.88;0.0,0.0,-0.3798312544822693;1.0,0.0,0.0,0.0
11.89;0.0,0.0,-0.3798312544822693;1.0,0.0,0.0,0.0
11.9;0.0,0.0,-0.3798312544822693;1.0,0.0,0.0,0.0
11.91;0.0,0.0,-0.3798312544822693;1.0,0.0,0.0,0.0
11.92;0.0,0.0,-0.3798312544822693;1.0,0.0,0.0,0.0
11.93;0.0,0.0,-0.3798312544822693;1.0,0.0,0.0,0.0
11.94;0.0,0.0,-0.3798312544822693;1.0,0.0,0.0,0.0
11.95;0.0,0.0,-0.3798312544822693;1.0,0.0,0.0,0.0
11.96;0.0,0.0,-0.3798312544822693;1.0,0.0,0.0,0.0
11.97;0.0,0.0,-0.3798312544822693;1.0,0.0,0.0,0.0
11.98;0.0,0.0,-0.3798312544822693;1.0,0.0,0.0,0.0
11.99;0.0,0.0,-0.3798312544822693;1.0,0.0,0.0,0.0
12.0;0.0,0.0,-0.3798312544822693;1.0,0.0,0.0,0.0
12.01;0.0,0.0,-0.3798312544822693;1.0,0.0,0.0,0.0
12.02;0.0,0.0,-0.3798312544822693;1.0,0.0,0.0,0.0
12.03;0.0,0.0,-0.3798312544822693;1.0,0.0,0.0,0.0
12.04;0.0,0.0,-0.3798312544822693;1.0,0.0,0.0,0.0
12.05;0.0,0.0,-0.3798312544822693;1.0,0.0,0.0,0.0
12.06;0.0,0.0,-0.3798312544822693;1.0,0.0,0.0,0.0
12.07;0.0,0.0,-0.3798312544822693;1.0,0.0,0.0,0.0
12.08;0.0,0.0,-0.3798312544822693;1.0,0.0,0.0,0.0
12.09;0.0,0.0,-0.3798312544822693;1.0,0.0,0.0,0.0
12.1;0.0,0.0,-0.3798312544822693;1.0,0.0,0.0,0.0
12.11;0.0,0.0,-0.3798312544822693;1.0,0.0,0.0,0.0
12.12;0.0,0.0,-0.3798312544822693;1.0,0.0,0.0,0.0
12.13;0.0,0.0,-0.3798312544822693;1.0,0.0,0.0,0.0
12.14;0.0,0.0,-0.3798312544822693;1.0,0.0,0.0,0.0
12.15;0.0,0.0,-0.3798312544822693;1.0,0.0,0.0,0.0
12.16;0.0,0.0,-0.3798312544822693;1.0,0.0,0.0,0.0
12.17;0.0,0.0,-0.3798312544822693;1.0,0.0,0.0,0.0
12.18;0.0,0.0,-0.3798312544822693;1.0,0.0,0.0,0.0
12.19;0.0,0.0,-0.3798312544822693;1.0,0.0,0.0,0.0
12.2;0.0,0.0,-0.3798312544822693;1.0,0.0,0.0,0.0
12.21;0.0,0.0,-0.3798312544822693;1.0,0.0,0.0,0.0
12.22;0.0,0.0,-0.3798312544822693;1.0,0.0,0.0,0.0
12.23;0.0,0.0,-0.3798312544822693;1.0,0.0,0.0,0.0
12.24;0.0,0.0,-0.3798312544822693;1.0,0.0,0.0,0.0
12.25;0.0,0.0,-0.3798312544822693;1.0,0.0,0.0,0.0
12.26;0.0,0.0,-0.3798312544822693;1.0,0.0,0.0,0.0
12.27;0.0,0.0,-0.3798312544822693;1.0,0.0,0.0,0.0
12.28;0.0,0.0,-0.3798312544822693;1.0,0.0,0.0,0.0
12.29;0.0,0.0,-0.3798312544822693;1.0,0.0,0.0,0.0
12.3;0.0,0.0,-0.3798312544822693;1.0,0.0,0.0,0.0
12.31;0.0,0.0,-0.3798312544822693;1.0,0.0,0.0,0.0
12.32;0.0,0.0,-0.3798312544822693;1.0,0.0,0.0,0.0
12.33;0.0,0.0,-0.3798312544822693;1.0,0.0,0.0,0.0
12.34;0.0,0.0,-0.3798312544822693;1.0,0.0,0.0,0.0
12.35;0.0,0.0,-0.3798312544822693;1.0,0.0,0.0,0.0
12.36;0.0,0.0,-0.3798312544822693;1.0,0.0,0.0,0.0
12.37;0.0,0.0,-0.3798312544822693;1.0,0.0,0.0,0.0
12.38;0.0,0.0,-0.3798312544822693;1.0,0.0,0.0,0.0
12.39;0.0,0.0,-0.3798312544822693;1.0,0.0,0.0,0.0
12.4;0.0,0.0,-0.3798312544822693;1.0,0.0,0.0,0.0
12.41;0.0,0.0,-0.3798312544822693;1.0,0.0,0.0,0.0
12.42;0.0,0.0,-0.3798312544822693;1.0,0.0,0.0,0.0
12.43;0.0,0.0,-0.3798312544822693;1.0,0.0,0.0,0.0
12.44;0.0,0.0,-0.3798312544822693;1.0,0.0,0.0,0.0
12.45;0.0,0.0,-0.3798312544822693;1.0,0.0,0.0,0.0
12.46;0.0,0.0,-0.3798312544822693;1.0,0.0,0.0,0.0
12.47;0.0,0.0,-0.3798312544822693;1.0,0.0,0.0,0.0
12.48;0.0,0.0,-0.3798312544822693;1.0,0.0,0.0,0.0
12.49;0.0,0.0,-0.3798312544822693;1.0,0.0,0.0,0.0
12.5;0.0,0.0,-0.3798312544822693;1.0,0.0,0.0,0.0
12.51;0.0,0.0,-0.3798312544822693;1.0,0.0,0.0,0.0
12.52;0.0,0.0,-0.3798312544822693;1.0,0.0,0.0,0.0
12.53;0.0,0.0,-0.3798312544822693;1.0,0.0,0.0,0.0
12.54;0.0,0.0,-0.3798312544822693;1.0,0.0,0.0,0.0
12.55;0.0,0.0,-0.3798312544822693;1.0,0.0,0.0,0.0
12.56;0.0,0.0,-0.3798312544822693;1.0,0.0,0.0,0.0
12.57;0.0,0.0,-0.3798312544822693;1.0,0.0,0.0,0.0
12.58;0.0,0.0,-0.3798312544822693;1.0,0.0,0.0,0.0
12.59;0.0,0.0,-0.3798312544822693;1.0,0.0,0.0,0.0
12.6;0.0,0.0,-0.3798312544822693;1.0,0.0,0.0,0.0
12.61;0.0,0.0,-0.3798312544822693;1.0,0.0,0.0,0.0
12.62;0.0,0.0,-0.3798312544822693;1.0,0.0,0.0,0.0
12.63;0.0,0.0,-0.3798312544822693;1.0,0.0,0.0,0.0
12.64;0.0,0.0,-0.3798312544822693;1.0,0.0,0.0,0.0
12.65;0.0,0.0,-0.3798312544822693;1.0,0.0,0.0,0.0
12.66;0.0,0.0,-0.3798312544822693;1.0,0.0,0.0,0.0
12.67;0.0,0.0,-0.3798312544822693;1.0,0.0,0.0,0.0
12.68;0.0,0.0,-0.3798312544822693;1.0,0.0,0.0,0.0
12.69;0.0,0.0,-0.3798312544822693;1.0,0.0,0.0,0.0
12.7;0.0,0.0,-0.3798312544822693;1.0,0.0,0.0,0.0
12.71;0.0,0.0,-0.3798312544822693;1.0,0.0,0.0,0.0
12.72;0.0,0.0,-0.3798312544822693;1.0,0.0,0.0,0.0
12.73;0.0,0.0,-0.3798312544822693;1.0,0.0,0.0,0.0
12.74;0.0,0.0,-0.3798312544822693;1.0,0.0,0.0,0.0
12.75;0.0,0.0,-0.3798312544822693;1.0,0.0,0.0,0.0
12.76;0.0,0.0,-0.3798312544822693;1.0,0.0,0.0,0.0
12.77;0.0,0.0,-0.3798312544822693;1.0,0.0,0.0,0.0
12.78;0.0,0.0,-0.3798312544822693;1.0,0.0,0.0,0.0
12.79;0.0,0.0,-0.3798312544822693;1.0,0.0,0.0,0.0
12.8;0.0,0.0,-0.3798312544822693;1.0,0.0,0.0,0.0
12.81;0.0,0.0,-0.3798312544822693;1.0,0.0,0.0,0.0
12.82;0.0,0.0,-0.3798312544822693;1.0,0.0,0.0,0.0
12.83;0.0,0.0,-0.3798312544822693;1.0,0.0,0.0,0.0
12.84;0.0,0.0,-0.3798312544822693;1.0,0.0,0.0,0.0
12.85;0.0,0.0,-0.3798312544822693;1.0,0.0,0.0,0.0
12.86;0.0,0.0,-0.3798312544822693;1.0,0.0,0.0,0.0
12.87;0.0,0.0,-0.3798312544822693;1.0,0.0,0.0,0.0
12.88;0.0,0.0,-0.3798312544822693;1.0,0.0,0.0,0.0
12.89;0.0,0.0,-0.3798312544822693;1.0,0.0,0.0,0.0
12.9;0.0,0.0,-0.3798312544822693;1.0,0.0,0.0,0.0
12.91;0.0,0.0,-0.3798312544822693;1.0,0.0,0.0,0.0
12.92;0.0,0.0,-0.3798312544822693;1.0,0.0,0.0,0.0
12.93;0.0,0.0,-0.3798312544822693;1.0,0.0,0.0,0.0
12.94;0.0,0.0,-0.3798312544822693;1.0,0.0,0.0,0.0
12.95;0.0,0.0,-0.3798312544822693;1.0,0.0,0.0,0.0
12.96;0.0,0.0,-0.3798312544822693;1.0,0.0,0.0,0.0
12.97;0.0,0.0,-0.3798312544822693;1.0,0.0,0.0,0.0
12.98;0.0,0.0,-0.3798312544822693;1.0,0.0,0.0,0.0
12.99;0.0,0.0,-0.3798312544822693;1.0,0.0,0.0,0.0
13.0;0.0,0.0,-0.3798312544822693;1.0,0.0,0.0,0.0
13.01;0.0,0.0,-0.3798312544822693;1.0,0.0,0.0,0.0
13.02;0.0,0.0,-0.3798312544822693;1.0,0.0,0.0,0.0
13.03;0.0,0.0,-0.3798312544822693;1.0,0.0,0.0,0.0
13.04;0.0,0.0,-0.3798312544822693;1.0,0.0,0.0,0.0
13.05;0.0,0.0,-0.3798312544822693;1.0,0.0,0.0,0.0
13.06;0.0,0.0,-0.3798312544822693;1.0,0.0,0.0,0.0
13.07;0.0,0.0,-0.3798312544822693;1.0,0.0,0.0,0.0
13.08;0.0,0.0,-0.3798312544822693;1.0,0.0,0.0,0.0
13.09;0.0,0.0,-0.3798312544822693;1.0,0.0,0.0,0.0
13.1;0.0,0.0,-0.3798312544822693;1.0,0.0,0.0,0.0
13.11;0.0,0.0,-0.3798312544822693;1.0,0.0,0.0,0.0
13.12;0.0,0.0,-0.3798312544822693;1.0,0.0,0.0,0.0
13.13;0.0,0.0,-0.3798312544822693;1.0,0.0,0.0,0.0
13.14;0.0,0.0,-0.3798312544822693;1.0,0.0,0.0,0.0
13.15;0.0,0.0,-0.3798312544822693;1.0,0.0,0.0,0.0
13.16;0.0,0.0,-0.3798312544822693;1.0,0.0,0.0,0.0
13.17;0.0,0.0,-0.3798312544822693;1.0,0.0,0.0,0.0
13.18;0.0,0.0,-0.3798312544822693;1.0,0.0,0.0,0.0
13.19;0.0,0.0,-0.3798312544822693;1.0,0.0,0.0,0.0
13.2;0.0,0.0,-0.3798312544822693;1.0,0.0,0.0,0.0
13.21;0.0,0.0,-0.3798312544822693;1.0,0.0,0.0,0.0
13.22;0.0,0.0,-0.3798312544822693;1.0,0.0,0.0,0.0
13.23;0.0,0.0,-0.3798312544822693;1.0,0.0,0.0,0.0
13.24;0.0,0.0,-0.3798312544822693;1.0,0.0,0.0,0.0
13.25;0.0,0.0,-0.3798312544822693;1.0,0.0,0.0,0.0
13.26;0.0,0.0,-0.3798312544822693;1.0,0.0,0.0,0.0
13.27;0.0,0.0,-0.3798312544822693;1.0,0.0,0.0,0.0
13.28;0.0,0.0,-0.3798312544822693;1.0,0.0,0.0,0.0
13.29;0.0,0.0,-0.3798312544822693;1.0,0.0,0.0,0.0
13.3;0.0,0.0,-0.3798312544822693;1.0,0.0,0.0,0.0
13.31;0.0,0.0,-0.3798312544822693;1.0,0.0,0.0,0.0
13.32;0.0,0.0,-0.3798312544822693;1.0,0.0,0.0,0.0
13.33;0.0,0.0,-0.3798312544822693;1.0,0.0,0.0,0.0
13.34;0.0,0.0,-0.3798312544822693;1.0,0.0,0.0,0.0
13.35;0.0,0.0,-0.3798312544822693;1.0,0.0,0.0,0.0
13.36;0.0,0.0,-0.3798312544822693;1.0,0.0,0.0,0.0
13.37;0.0,0.0,-0.3798312544822693;1.0,0.0,0.0,0.0
13.38;0.0,0.0,-0.3798312544822693;1.0,0.0,0.0,0.0
13.39;0.0,0.0,-0.3798312544822693;1.0,0.0,0.0,0.0
13.4;0.0,0.0,-0.3798312544822693;1.0,0.0,0.0,0.0
13.41;0.0,0.0,-0.3798312544822693;1.0,0.0,0.0,0.0
13.42;0.0,0.0,-0.3798312544822693;1.0,0.0,0.0,0.0
13.43;0.0,0.0,-0.3798312544822693;1.0,0.0,0.0,0.0
13.44;0.0,0.0,-0.3798312544822693;1.0,0.0,0.0,0.0
13.45;0.0,0.0,-0.3798312544822693;1.0,0.0,0.0,0.0
13.46;0.0,0.0,-0.3798312544822693;1.0,0.0,0.0,0.0
13.47;0.0,0.0,-0.3798312544822693;1.0,0.0,0.0,0.0
13.48;0.0,0.0,-0.3798312544822693;1.0,0.0,0.0,0.0
13.49;0.0,0.0,-0.3798312544822693;1.0,0.0,0.0,0.0
13.5;0.0,0.0,-0.3798312544822693;1.0,0.0,0.0,0.0
13.51;0.0,0.0,-0.3798312544822693;1.0,0.0,0.0,0.0
13.52;0.0,0.0,-0.3798312544822693;1.0,0.0,0.0,0.0
13.53;0.0,0.0,-0.3798312544822693;1.0,0.0,0.0,0.0
13.54;0.0,0.0,-0.3798312544822693;1.0,0.0,0.0,0.0
13.55;0.0,0.0,-0.3798312544822693;1.0,0.0,0.0,0.0
13.56;0.0,0.0,-0.3798312544822693;1.0,0.0,0.0,0.0
13.57;0.0,0.0,-0.3798312544822693;1.0,0.0,0.0,0.0
13.58;0.0,0.0,-0.3798312544822693;1.0,0.0,0.0,0.0
13.59;0.0,0.0,-0.3798312544822693;1.0,0.0,0.0,0.0
13.6;0.0,0.0,-0.3798312544822693;1.0,0.0,0.0,0.0
13.61;0.0,0.0,-0.3798312544822693;1.0,0.0,0.0,0.0
13.62;0.0,0.0,-0.3798312544822693;1.0,0.0,0.0,0.0
13.63;0.0,0.0,-0.3798312544822693;1.0,0.0,0.0,0.0
13.64;0.0,0.0,-0.3798312544822693;1.0,0.0,0.0,0.0
13.65;0.0,0.0,-0.3798312544822693;1.0,0.0,0.0,0.0
13.66;0.0,0.0,-0.3798312544822693;1.0,0.0,0.0,0.0
13.67;0.0,0.0,-0.3798312544822693;1.0,0.0,0.0,0.0
13.68;0.0,0.0,-0.3798312544822693;1.0,0.0,0.0,0.0
13.69;0.0,0.0,-0.3798312544822693;1.0,0.0,0.0,0.0
13.7;0.0,0.0,-0.3798312544822693;1.0,0.0,0.0,0.0
13.71;0.0,0.0,-0.3798312544822693;1.0,0.0,0.0,0.0
13.72;0.0,0.0,-0.3798312544822693;1.0,0.0,0.0,0.0
13.73;0.0,0.0,-0.3798312544822693;1.0,0.0,0.0,0.0
13.74;0.0,0.0,-0.3798312544822693;1.0,0.0,0.0,0.0
13.75;0.0,0.0,-0.3798312544822693;1.0,0.0,0.0,0.0
13.76;0.0,0.0,-0.3798312544822693;1.0,0.0,0.0,0.0
13.77;0.0,0.0,-0.3798312544822693;1.0,0.0,0.0,0.0
13.78;0.0,0.0,-0.3798312544822693;1.0,0.0,0.0,0.0
13.79;0.0,0.0,-0.3798312544822693;1.0,0.0,0.0,0.0
13.8;0.0,0.0,-0.3798312544822693;1.0,0.0,0.0,0.0
13.81;0.0,0.0,-0.3798312544822693;1.0,0.0,0.0,0.0
13.82;0.0,0.0,-0.3798312544822693;1.0,0.0,0.0,0.0
13.83;0.0,0.0,-0.3798312544822693;1.0,0.0,0.0,0.0
13.84;0.0,0.0,-0.3798312544822693;1.0,0.0,0.0,0.0
13.85;0.0,0.0,-0.3798312544822693;1.0,0.0,0.0,0.0
13.86;0.0,0.0,-0.3798312544822693;1.0,0.0,0.0,0.0
13.87;0.0,0.0,-0.3798312544822693;1.0,0.0,0.0,0.0
13.88;0.0,0.0,-0.3798312544822693;1.0,0.0,0.0,0.0
13.89;0.0,0.0,-0.3798312544822693;1.0,0.0,0.0,0.0
13.9;0.0,0.0,-0.3798312544822693;1.0,0.0,0.0,0.0
13.91;0.0,0.0,-0.3798312544822693;1.0,0.0,0.0,0.0
13.92;0.0,0.0,-0.3798312544822693;1.0,0.0,0.0,0.0
13.93;0.0,0.0,-0.3798312544822693;1.0,0.0,0.0,0.0
13.94;0.0,0.0,-0.3798312544822693;1.0,0.0,0.0,0.0
13.95;0.0,0.0,-0.3798312544822693;1.0,0.0,0.0,0.0
13.96;0.0,0.0,-0.3798312544822693;1.0,0.0,0.0,0.0
13.97;0.0,0.0,-0.3798312544822693;1.0,0.0,0.0,0.0
13.98;0.0,0.0,-0.3798312544822693;1.0,0.0,0.0,0.0
13.99;0.0,0.0,-0.3798312544822693;1.0,0.0,0.0,0.0
14.0;0.0,0.0,-0.3798312544822693;1.0,0.0,0.0,0.0
14.01;0.0,0.0,-0.3798312544822693;1.0,0.0,0.0,0.0
14.02;0.0,0.0,-0.3798312544822693;1.0,0.0,0.0,0.0
14.03;0.0,0.0,-0.3798312544822693;1.0,0.0,0.0,0.0
14.04;0.0,0.0,-0.3798312544822693;1.0,0.0,0.0,0.0
14.05;0.0,0.0,-0.3798312544822693;1.0,0.0,0.0,0.0
14.06;0.0,0.0,-0.3798312544822693;1.0,0.0,0.0,0.0
14.07;0.0,0.0,-0.3798312544822693;1.0,0.0,0.0,0.0
14.08;0.0,0.0,-0.3798312544822693;1.0,0.0,0.0,0.0
14.09;0.0,0.0,-0.3798312544822693;1.0,0.0,0.0,0.0
14.1;0.0,0.0,-0.3798312544822693;1.0,0.0,0.0,0.0
14.11;0.0,0.0,-0.3798312544822693;1.0,0.0,0.0,0.0
14.12;0.0,0.0,-0.3798312544822693;1.0,0.0,0.0,0.0
14.13;0.0,0.0,-0.3798312544822693;1.0,0.0,0.0,0.0
14.14;0.0,0.0,-0.3798312544822693;1.0,0.0,0.0,0.0
14.15;0.0,0.0,-0.3798312544822693;1.0,0.0,0.0,0.0
14.16;0.0,0.0,-0.3798312544822693;1.0,0.0,0.0,0.0
14.17;0.0,0.0,-0.3798312544822693;1.0,0.0,0.0,0.0
14.18;0.0,0.0,-0.3798312544822693;1.0,0.0,0.0,0.0
14.19;0.0,0.0,-0.3798312544822693;1.0,0.0,0.0,0.0
14.2;0.0,0.0,-0.3798312544822693;1.0,0.0,0.0,0.0
14.21;0.0,0.0,-0.3798312544822693;1.0,0.0,0.0,0.0
14.22;0.0,0.0,-0.3798312544822693;1.0,0.0,0.0,0.0
14.23;0.0,0.0,-0.3798312544822693;1.0,0.0,0.0,0.0
14.24;0.0,0.0,-0.3798312544822693;1.0,0.0,0.0,0.0
14.25;0.0,0.0,-0.3798312544822693;1.0,0.0,0.0,0.0
14.26;0.0,0.0,-0.3798312544822693;1.0,0.0,0.0,0.0
14.27;0.0,0.0,-0.3798312544822693;1.0,0.0,0.0,0.0
14.28;0.0,0.0,-0.3798312544822693;1.0,0.0,0.0,0.0
14.29;0.0,0.0,-0.3798312544822693;1.0,0.0,0.0,0.0
14.3;0.0,0.0,-0.3798312544822693;1.0,0.0,0.0,0.0
14.31;0.0,0.0,-0.3798312544822693;1.0,0.0,0.0,0.0
14.32;0.0,0.0,-0.3798312544822693;1.0,0.0,0.0,0.0
14.33;0.0,0.0,-0.3798312544822693;1.0,0.0,0.0,0.0
14.34;0.0,0.0,-0.3798312544822693;1.0,0.0,0.0,0.0
14.35;0.0,0.0,-0.3798312544822693;1.0,0.0,0.0,0.0
14.36;0.0,0.0,-0.3798312544822693;1.0,0.0,0.0,0.0
14.37;0.0,0.0,-0.3798312544822693;1.0,0.0,0.0,0.0
14.38;0.0,0.0,-0.3798312544822693;1.0,0.0,0.0,0.0
14.39;0.0,0.0,-0.3798312544822693;1.0,0.0,0.0,0.0
14.4;0.0,0.0,-0.3798312544822693;1.0,0.0,0.0,0.0
14.41;0.0,0.0,-0.3798312544822693;1.0,0.0,0.0,0.0
14.42;0.0,0.0,-0.3798312544822693;1.0,0.0,0.0,0.0
14.43;0.0,0.0,-0.3798312544822693;1.0,0.0,0.0,0.0
14.44;0.0,0.0,-0.3798312544822693;1.0,0.0,0.0,0.0
14.45;0.0,0.0,-0.3798312544822693;1.0,0.0,0.0,0.0
14.46;0.0,0.0,-0.3798312544822693;1.0,0.0,0.0,0.0
14.47;0.0,0.0,-0.3798312544822693;1.0,0.0,0.0,0.0
14.48;0.0,0.0,-0.3798312544822693;1.0,0.0,0.0,0.0
14.49;0.0,0.0,-0.3798312544822693;1.0,0.0,0.0,0.0
14.5;0.0,0.0,-0.3798312544822693;1.0,0.0,0.0,0.0
14.51;0.0,0.0,-0.3798312544822693;1.0,0.0,0.0,0.0
14.52;0.0,0.0,-0.3798312544822693;1.0,0.0,0.0,0.0
14.53;0.0,0.0,-0.3798312544822693;1.0,0.0,0.0,0.0
14.54;0.0,0.0,-0.3798312544822693;1.0,0.0,0.0,0.0
14.55;0.0,0.0,-0.3798312544822693;1.0,0.0,0.0,0.0
14.56;0.0,0.0,-0.3798312544822693;1.0,0.0,0.0,0.0
14.57;0.0,0.0,-0.3798312544822693;1.0,0.0,0.0,0.0
14.58;0.0,0.0,-0.3798312544822693;1.0,0.0,0.0,0.0
14.59;0.0,0.0,-0.3798312544822693;1.0,0.0,0.0,0.0
14.6;0.0,0.0,-0.3798312544822693;1.0,0.0,0.0,0.0
14.61;0.0,0.0,-0.3798312544822693;1.0,0.0,0.0,0.0
14.62;0.0,0.0,-0.3798312544822693;1.0,0.0,0.0,0.0
14.63;0.0,0.0,-0.3798312544822693;1.0,0.0,0.0,0.0
14.64;0.0,0.0,-0.3798312544822693;1.0,0.0,0.0,0.0
14.65;0.0,0.0,-0.3798312544822693;1.0,0.0,0.0,0.0
14.66;0.0,0.0,-0.3798312544822693;1.0,0.0,0.0,0.0
14.67;0.0,0.0,-0.3798312544822693;1.0,0.0,0.0,0.0
14.68;0.0,0.0,-0.3798312544822693;1.0,0.0,0.0,0.0
14.69;0.0,0.0,-0.3798312544822693;1.0,0.0,0.0,0.0
14.7;0.0,0.0,-0.3798312544822693;1.0,0.0,0.0,0.0
14.71;0.0,0.0,-0.3798312544822693;1.0,0.0,0.0,0.0
14.72;0.0,0.0,-0.3798312544822693;1.0,0.0,0.0,0.0
14.73;0.0,0.0,-0.3798312544822693;1.0,0.0,0.0,0.0
14.74;0.0,0.0,-0.3798312544822693;1.0,0.0,0.0,0.0
14.75;0.0,0.0,-0.3798312544822693;1.0,0.0,0.0,0.0
14.76;0.0,0.0,-0.3798312544822693;1.0,0.0,0.0,0.0
14.77;0.0,0.0,-0.3798312544822693;1.0,0.0,0.0,0.0
14.78;0.0,0.0,-0.3798312544822693;1.0,0.0,0.0,0.0
14.79;0.0,0.0,-0.3798312544822693;1.0,0.0,0.0,0.0
14.8;0.0,0.0,-0.3798312544822693;1.0,0.0,0.0,0.0
14.81;0.0,0.0,-0.3798312544822693;1.0,0.0,0.0,0.0
14.82;0.0,0.0,-0.3798312544822693;1.0,0.0,0.0,0.0
14.83;0.0,0.0,-0.3798312544822693;1.0,0.0,0.0,0.0
14.84;0.0,0.0,-0.3798312544822693;1.0,0.0,0.0,0.0
14.85;0.0,0.0,-0.3798312544822693;1.0,0.0,0.0,0.0
14.86;0.0,0.0,-0.3798312544822693;1.0,0.0,0.0,0.0
14.87;0.0,0.0,-0.3798312544822693;1.0,0.0,0.0,0.0
14.88;0.0,0.0,-0.3798312544822693;1.0,0.0,0.0,0.0
14.89;0.0,0.0,-0.3798312544822693;1.0,0.0,0.0,0.0
14.9;0.0,0.0,-0.3798312544822693;1.0,0.0,0.0,0.0
14.91;0.0,0.0,-0.3798312544822693;1.0,0.0,0.0,0.0
14.92;0.0,0.0,-0.3798312544822693;1.0,0.0,0.0,0.0
14.93;0.0,0.0,-0.3798312544822693;1.0,0.0,0.0,0.0
14.94;0.0,0.0,-0.3798312544822693;1.0,0.0,0.0,0.0
14.95;0.0,0.0,-0.3798312544822693;1.0,0.0,0.0,0.0
14.96;0.0,0.0,-0.3798312544822693;1.0,0.0,0.0,0.0
14.97;0.0,0.0,-0.3798312544822693;1.0,0.0,0.0,0.0
14.98;0.0,0.0,-0.3798312544822693;1.0,0.0,0.0,0.0
14.99;0.0,0.0,-0.3798312544822693;1.0,0.0,0.0,0.0
