0.0;0.0,0.0,0.0;1.0,0.0,0.0,0.0
0.01;0.0,0.0,-1.430511474609375e-06;1.0,0.0,0.0,0.0
0.02;0.0,0.0,-5.781650543212891e-06;1.0,0.0,0.0,0.0
0.03;0.0,0.0,-1.2993812561035156e-05;1.0,0.0,0.0,0.0
0.04;0.0,0.0,-2.300739288330078e-05;1.0,0.0,0.0,0.0
0.05;0.0,0.0,-3.5881996154785156e-05;1.0,0.0,0.0,0.0
0.06;0.0,0.0,-5.167722702026367e-05;1.0,0.0,0.0,0.0
0.07;0.0,0.0,-7.021427154541016e-05;1.0,0.0,0.0,0.0
0.08;0.0,0.0,-9.173154830932617e-05;1.0,0.0,0.0,0.0
0.09;0.0,0.0,-0.00011599063873291016;1.0,0.0,0.0,0.0
0.1;0.0,0.0,-0.0001431107521057129;1.0,0.0,0.0,0.0
0.11;0.0,0.0,-0.00017309188842773438;1.0,0.0,0.0,0.0
0.12;0.0,0.0,-0.00020581483840942383;1.0,0.0,0.0,0.0
0.13;0.0,0.0,-0.00024139881134033203;1.0,0.0,0.0,0.0
0.14;0.0,0.0,-0.0002797245979309082;1.0,0.0,0.0,0.0
0.15;0.0,0.0,-0.0003209114074707031;1.0,0.0,0.0,0.0
0.16;0.0,0.0,-0.0003648996353149414;1.0,0.0,0.0,0.0
0.17;0.0,0.0,-0.00041162967681884766;1.0,0.0,0.0,0.0
0.18;0.0,0.0,-0.00046116113662719727;1.0,0.0,0.0,0.0
0.19;0.0,0.0,-0.0005134940147399902;1.0,0.0,0.0,0.0
0.2;0.0,0.0,-0.0005685687065124512;1.0,0.0,0.0,0.0
0.21;0.0,0.0,-0.0006264448165893555;1.0,0.0,0.0,0.0
0.22;0.0,0.0,-0.0006870031356811523;1.0,0.0,0.0,0.0
0.23;0.0,0.0,-0.000750422477722168;1.0,0.0,0.0,0.0
0.24;0.0,0.0,-0.0008165240287780762;1.0,0.0,0.0,0.0
0.25;0.0,0.0,-0.0008854269981384277;1.0,0.0,0.0,0.0
0.26;0.0,0.0,-0.0009570121765136719;1.0,0.0,0.0,0.0
0.27;0.0,0.0,-0.001031339168548584;1.0,0.0,0.0,0.0
0.28;0.0,0.0,-0.001108407974243164;1.0,0.0,0.0,0.0
0.29;0.0,0.0,-0.0011881589889526367;1.0,0.0,0.0,0.0
0.3;0.0,0.0,-0.001270592212677002;1.0,0.0,0.0,0.0
0.31;0.0,0.0,-0.0013558268547058105;1.0,0.0,0.0,0.0
0.32;0.0,0.0,-0.0014437437057495117;1.0,0.0,0.0,0.0
0.33;0.0,0.0,-0.0015343427658081055;1.0,0.0,0.0,0.0
0.34;0.0,0.0,-0.0016276240348815918;1.0,0.0,0.0,0.0
0.35;0.0,0.0,-0.0017235875129699707;1.0,0.0,0.0,0.0
0.36;0.0,0.0,-0.0018222332000732422;1.0,0.0,0.0,0.0
0.37;0.0,0.0,-0.0019235610961914062;1.0,0.0,0.0,0.0
0.38;0.0,0.0,-0.002027571201324463;1.0,0.0,0.0,0.0
0.39;0.0,0.0,-0.0021342039108276367;1.0,0.0,0.0,0.0
0.4;0.0,0.0,-0.0022435784339904785;1.0,0.0,0.0,0.0
0.41;0.0,0.0,-0.002355515956878662;1.0,0.0,0.0,0.0
0.42;0.0,0.0,-0.0024701356887817383;1.0,0.0,0.0,0.0
0.43;0.0,0.0,-0.0025873780250549316;1.0,0.0,0.0,0.0
0.44;0.0,0.0,-0.002707242965698242;1.0,0.0,0.0,0.0
0.45;0.0,0.0,-0.00282973051071167;1.0,0.0,0.0,0.0
0.46;0.0,0.0,-0.0029549002647399902;1.0,0.0,0.0,0.0
0.47;0.0,0.0,-0.0030826330184936523;1.0,0.0,0.0,0.0
0.48;0.0,0.0,-0.0032129883766174316;1.0,0.0,0.0,0.0
0.49;0.0,0.0,-0.0033459067344665527;1.0,0.0,0.0,0.0
0.5;0.0,0.0,-0.0034815073013305664;1.0,0.0,0.0,0.0
0.51;0.0,0.0,-0.0036196112632751465;1.0,0.0,0.0,0.0
0.52;0.0,0.0,-0.003760397434234619;1.0,0.0,0.0,0.0
0.53;0.0,0.0,-0.0039037466049194336;1.0,0.0,0.0,0.0
0.54;0.0,0.0,-0.0040495991706848145;1.0,0.0,0.0,0.0
0.55;0.0,0.0,-0.0041980743408203125;1.0,0.0,0.0,0.0
0.56;0.0,0.0,-0.004349112510681152;1.0,0.0,0.0,0.0
0.57;0.0,0.0,-0.004502713680267334;1.0,0.0,0.0,0.0
0.58;0.0,0.0,-0.004658818244934082;1.0,0.0,0.0,0.0
0.59;0.0,0.0,-0.004817485809326172;1.0,0.0,0.0,0.0
0.6;0.0,0.0,-0.004978775978088379;1.0,0.0,0.0,0.0
0.61;0.0,0.0,-0.005142509937286377;1.0,0.0,0.0,0.0
0.62;0.0,0.0,-0.005308806896209717;1.0,0.0,0.0,0.0
0.63;0.0,0.0,-0.0054776668548583984;1.0,0.0,0.0,0.0
0.64;0.0,0.0,-0.005648970603942871;1.0,0.0,0.0,0.0
0.65;0.0,0.0,-0.00582277774810791;1.0,0.0,0.0,0.0
0.66;0.0,0.0,-0.005999147891998291;1.0,0.0,0.0,0.0
0.67;0.0,0.0,-0.006178021430969238;1.0,0.0,0.0,0.0
0.68;0.0,0.0,-0.0063593387603759766;1.0,0.0,0.0,0.0
0.69;0.0,0.0,-0.006543219089508057;1.0,0.0,0.0,0.0
0.7;0.0,0.0,-0.006729483604431152;1.0,0.0,0.0,0.0
0.71;0.0,0.0,-0.00691831111907959;1.0,0.0,0.0,0.0
0.72;0.0,0.0,-0.007109642028808594;1.0,0.0,0.0,0.0
0.73;0.0,0.0,-0.007303297519683838;1.0,0.0,0.0,0.0
0.74;0.0,0.0,-0.007499516010284424;1.0,0.0,0.0,0.0
0.75;0.0,0.0,-0.007698178291320801;1.0,0.0,0.0,0.0
0.76;0.0,0.0,-0.007899284362792969;1.0,0.0,0.0,0.0
0.77;0.0,0.0,-0.008102834224700928;1.0,0.0,0.0,0.0
0.78;0.0,0.0,-0.008308827877044678;1.0,0.0,0.0,0.0
0.79;0.0,0.0,-0.008517205715179443;1.0,0.0,0.0,0.0
0.8;0.0,0.0,-0.008728086948394775;1.0,0.0,0.0,0.0
0.81;0.0,0.0,-0.008941292762756348;1.0,0.0,0.0,0.0
0.82;0.0,0.0,-0.009157001972198486;1.0,0.0,0.0,0.0
0.83;0.0,0.0,-0.009375035762786865;1.0,0.0,0.0,0.0
0.84;0.0,0.0,-0.00959557294845581;1.0,0.0,0.0,0.0
0.85;0.0,0.0,-0.009818434715270996;1.0,0.0,0.0,0.0
0.86;0.0,0.0,-0.010043740272521973;1.0,0.0,0.0,0.0
0.87;0.0,0.0,-0.01027137041091919;1.0,0.0,0.0,0.0
0.88;0.0,0.0,-0.010501384735107422;1.0,0.0,0.0,0.0
0.89;0.0,0.0,-0.01073378324508667;1.0,0.0,0.0,0.0
0.9;0.0,0.0,-0.010968565940856934;1.0,0.0,0.0,0.0
0.91;0.0,0.0,-0.011205732822418213;1.0,0.0,0.0,0.0
0.92;0.0,0.0,-0.011445224285125732;1.0,0.0,0.0,0.0
0.93;0.0,0.0,-0.011687040328979492;1.0,0.0,0.0,0.0
0.94;0.0,0.0,-0.011931240558624268;1.0,0.0,0.0,0.0
0.95;0.0,0.0,-0.012177765369415283;1.0,0.0,0.0,0.0
0.96;0.0,0.0,-0.012426614761352539;1.0,0.0,0.0,0.0
0.97;0.0,0.0,-0.01267784833908081;1.0,0.0,0.0,0.0
0.98;0.0,0.0,-0.012931346893310547;1.0,0.0,0.0,0.0
0.99;0.0,0.0,-0.013187170028686523;1.0,0.0,0.0,0.0
1.0;0.0,0.0,-0.01344531774520874;1.0,0.0,0.0,0.0
1.01;0.0,0.0,-0.013705730438232422;1.0,0.0,0.0,0.0
1.02;0.0,0.0,-0.013968467712402344;1.0,0.0,0.0,0.0
1.03;0.0,0.0,-0.014233529567718506;1.0,0.0,0.0,0.0
1.04;0.0,0.0,-0.014500856399536133;1.0,0.0,0.0,0.0
1.05;0.0,0.0,-0.014770448207855225;1.0,0.0,0.0,0.0
1.06;0.0,0.0,-0.015042304992675781;1.0,0.0,0.0,0.0
1.07;0.0,0.0,-0.015316486358642578;1.0,0.0,0.0,0.0
1.08;0.0,0.0,-0.015592873096466064;1.0,0.0,0.0,0.0
1.09;0.0,0.0,-0.015871524810791016;1.0,0.0,0.0,0.0
1.1;0.0,0.0,-0.016152501106262207;1.0,0.0,0.0,0.0
1.11;0.0,0.0,-0.016435623168945312;1.0,0.0,0.0,0.0
1.12;0.0,0.0,-0.016721069812774658;1.0,0.0,0.0,0.0
1.13;0.0,0.0,-0.017008721828460693;1.0,0.0,0.0,0.0
1.14;0.0,0.0,-0.017298579216003418;1.0,0.0,0.0,0.0
1.15;0.0,0.0,-0.017590701580047607;1.0,0.0,0.0,0.0
1.16;0.0,0.0,-0.017885029315948486;1.0,0.0,0.0,0.0
1.17;0.0,0.0,-0.01818150281906128;1.0,0.0,0.0,0.0
1.18;0.0,0.0,-0.018480241298675537;1.0,0.0,0.0,0.0
1.19;0.0,0.0,-0.01878124475479126;1.0,0.0,0.0,0.0
1.2;0.0,0.0,-0.019084393978118896;1.0,0.0,0.0,0.0
1.21;0.0,0.0,-0.019389688968658447;1.0,0.0,0.0,0.0
1.22;0.0,0.0,-0.019697189331054688;1.0,0.0,0.0,0.0
1.23;0.0,0.0,-0.020006895065307617;1.0,0.0,0.0,0.0
1.24;0.0,0.0,-0.02031874656677246;1.0,0.0,0.0,0.0
1.25;0.0,0.0,-0.02063274383544922;1.0,0.0,0.0,0.0
1.26;0.0,0.0,-0.02094888687133789;1.0,0.0,0.0,0.0
1.27;0.0,0.0,-0.021267235279083252;1.0,0.0,0.0,0.0
1.28;0.0,0.0,-0.021587729454040527;1.0,0.0,0.0,0.0
1.29;0.0,0.0,-0.02191030979156494;1.0,0.0,0.0,0.0
1.3;0.0,0.0,-0.02223515510559082;1.0,0.0,0.0,0.0
1.31;0.0,0.0,-0.022562026977539062;1.0,0.0,0.0,0.0
1.32;0.0,0.0,-0.02289104461669922;1.0,0.0,0.0,0.0
1.33;0.0,0.0,-0.02322220802307129;1.0,0.0,0.0,0.0
1.34;0.0,0.0,-0.023555457592010498;1.0,0.0,0.0,0.0
1.35;0.0,0.0,-0.023890793323516846;1.0,0.0,0.0,0.0
1.36;0.0,0.0,-0.024228274822235107;1.0,0.0,0.0,0.0
1.37;0.0,0.0,-0.024567842483520508;1.0,0.0,0.0,0.0
1.38;0.0,0.0,-0.024909496307373047;1.0,0.0,0.0,0.0
1.39;0.0,0.0,-0.025253236293792725;1.0,0.0,0.0,0.0
1.4;0.0,0.0,-0.02559906244277954;1.0,0.0,0.0,0.0
1.41;0.0,0.0,-0.025946974754333496;1.0,0.0,0.0,0.0
1.42;0.0,0.0,-0.026296913623809814;1.0,0.0,0.0,0.0
1.43;0.0,0.0,-0.02664893865585327;1.0,0.0,0.0,0.0
1.44;0.0,0.0,-0.027003049850463867;1.0,0.0,0.0,0.0
1.45;0.0,0.0,-0.02735912799835205;1.0,0.0,0.0,0.0
1.46;0.0,0.0,-0.027717292308807373;1.0,0.0,0.0,0.0
1.47;0.0,0.0,-0.02807748317718506;1.0,0.0,0.0,0.0
1.48;0.0,0.0,-0.028439819812774658;1.0,0.0,0.0,0.0
1.49;0.0,0.0,-0.02880406379699707;1.0,0.0,0.0,0.0
1.5;0.0,0.0,-0.029170334339141846;1.0,0.0,0.0,0.0
1.51;0.0,0.0,-0.02953869104385376;1.0,0.0,0.0,0.0
1.52;0.0,0.0,-0.029908955097198486;1.0,0.0,0.0,0.0
1.53;0.0,0.0,-0.03028130531311035;1.0,0.0,0.0,0.0
1.54;0.0,0.0,-0.030655622482299805;1.0,0.0,0.0,0.0
1.55;0.0,0.0,-0.03103196620941162;1.0,0.0,0.0,0.0
1.56;0.0,0.0,-0.031410276889801025;1.0,0.0,0.0,0.0
1.57;0.0,0.0,-0.03179055452346802;1.0,0.0,0.0,0.0
1.58;0.0,0.0,-0.0321727991104126;1.0,0.0,0.0,0.0
1.59;0.0,0.0,-0.03255707025527954;1.0,0.0,0.0,0.0
1.6;0.0,0.0,-0.03294318914413452;1.0,0.0,0.0,0.0
1.61;0.0,0.0,-0.03333139419555664;1.0,0.0,0.0,0.0
1.62;0.0,0.0,-0.03372150659561157;1.0,0.0,0.0,0.0
1.63;0.0,0.0,-0.03411358594894409;1.0,0.0,0.0,0.0
1.64;0.0,0.0,-0.034507572650909424;1.0,0.0,0.0,0.0
1.65;0.0,0.0,-0.034903526306152344;1.0,0.0,0.0,0.0
1.66;0.0,0.0,-0.035301387310028076;1.0,0.0,0.0,0.0
1.67;0.0,0.0,-0.03570115566253662;1.0,0.0,0.0,0.0
1.68;0.0,0.0,-0.036102890968322754;1.0,0.0,0.0,0.0
1.69;0.0,0.0,-0.036506474018096924;1.0,0.0,0.0,0.0
1.7;0.0,0.0,-0.036911964416503906;1.0,0.0,0.0,0.0
1.71;0.0,0.0,-0.03731942176818848;1.0,0.0,0.0,0.0
1.72;0.0,0.0,-0.03772878646850586;1.0,0.0,0.0,0.0
1.73;0.0,0.0,-0.038139939308166504;1.0,0.0,0.0,0.0
1.74;0.0,0.0,-0.038553059101104736;1.0,0.0,0.0,0.0
1.75;0.0,0.0,-0.038968026638031006;1.0,0.0,0.0,0.0
1.76;0.0,0.0,-0.03938484191894531;1.0,0.0,0.0,0.0
1.77;0.0,0.0,-0.03980356454849243;1.0,0.0,0.0,0.0
1.78;0.0,0.0,-0.04022413492202759;1.0,0.0,0.0,0.0
1.79;0.0,0.0,-0.040646493434906006;1.0,0.0,0.0,0.0
1.8;0.0,0.0,-0.04107081890106201;1.0,0.0,0.0,0.0
1.81;0.0,0.0,-0.04149693250656128;1.0,0.0,0.0,0.0
1.82;0.0,0.0,-0.041924893856048584;1.0,0.0,0.0,0.0
1.83;0.0,0.0,-0.04235464334487915;1.0,0.0,0.0,0.0
1.84;0.0,0.0,-0.04278630018234253;1.0,0.0,0.0,0.0
1.85;0.0,0.0,-0.043219685554504395;1.0,0.0,0.0,0.0
1.86;0.0,0.0,-0.0436549186706543;1.0,0.0,0.0,0.0
1.87;0.0,0.0,-0.044091999530792236;1.0,0.0,0.0,0.0
1.88;0.0,0.0,-0.04453086853027344;1.0,0.0,0.0,0.0
1.89;0.0,0.0,-0.0449715256690979;1.0,0.0,0.0,0.0
1.9;0.0,0.0,-0.04541391134262085;1.0,0.0,0.0,0.0
1.91;0.0,0.0,-0.045858144760131836;1.0,0.0,0.0,0.0
1.92;0.0,0.0,-0.046304166316986084;1.0,0.0,0.0,0.0
1.93;0.0,0.0,-0.04675191640853882;1.0,0.0,0.0,0.0
1.94;0.0,0.0,-0.047201454639434814;1.0,0.0,0.0,0.0
1.95;0.0,0.0,-0.04765278100967407;1.0,0.0,0.0,0.0
1.96;0.0,0.0,-0.048105835914611816;1.0,0.0,0.0,0.0
1.97;0.0,0.0,-0.04856067895889282;1.0,0.0,0.0,0.0
1.98;0.0,0.0,-0.04901719093322754;1.0,0.0,0.0,0.0
1.99;0.0,0.0,-0.04947555065155029;1.0,0.0,0.0,0.0
2.0;0.0,0.0,-0.04993557929992676;1.0,0.0,0.0,0.0
2.01;0.0,0.0,-0.05039733648300171;1.0,0.0,0.0,0.0
2.02;0.0,0.0,-0.050860822200775146;1.0,0.0,0.0,0.0
2.03;0.0,0.0,-0.05132603645324707;1.0,0.0,0.0,0.0
2.04;0.0,0.0,-0.05179297924041748;1.0,0.0,0.0,0.0
2.05;0.0,0.0,-0.052261531352996826;1.0,0.0,0.0,0.0
2.06;0.0,0.0,-0.052731871604919434;1.0,0.0,0.0,0.0
2.07;0.0,0.0,-0.05320388078689575;1.0,0.0,0.0,0.0
2.08;0.0,0.0,-0.05367755889892578;1.0,0.0,0.0,0.0
2.09;0.0,0.0,-0.05415290594100952;1.0,0.0,0.0,0.0
2.1;0.0,0.0,-0.05462998151779175;1.0,0.0,0.0,0.0
2.11;0.0,0.0,-0.055108726024627686;1.0,0.0,0.0,0.0
2.12;0.0,0.0,-0.055589139461517334;1.0,0.0,0.0,0.0
2.13;0.0,0.0,-0.05607110261917114;1.0,0.0,0.0,0.0
2.14;0.0,0.0,-0.05655485391616821;1.0,0.0,0.0,0.0
2.15;0.0,0.0,-0.05704015493392944;1.0,0.0,0.0,0.0
2.16;0.0,0.0,-0.05752718448638916;1.0,0.0,0.0,0.0
2.17;0.0,0.0,-0.05801582336425781;1.0,0.0,0.0,0.0
2.18;0.0,0.0,-0.0585060715675354;1.0,0.0,0.0,0.0
2.19;0.0,0.0,-0.058997929096221924;1.0,0.0,0.0,0.0
2.2;0.0,0.0,-0.05949139595031738;1.0,0.0,0.0,0.0
2.21;0.0,0.0,-0.05998653173446655;1.0,0.0,0.0,0.0
2.22;0.0,0.0,-0.06048321723937988;1.0,0.0,0.0,0.0
2.23;0.0,0.0,-0.060981571674346924;1.0,0.0,0.0,0.0
2.24;0.0,0.0,-0.061481475830078125;1.0,0.0,0.0,0.0
2.25;0.0,0.0,-0.061982929706573486;1.0,0.0,0.0,0.0
2.26;0.0,0.0,-0.06248599290847778;1.0,0.0,0.0,0.0
2.27;0.0,0.0,-0.06299066543579102;1.0,0.0,0.0,0.0
2.28;0.0,0.0,-0.06349688768386841;1.0,0.0,0.0,0.0
2.29;0.0,0.0,-0.06400471925735474;1.0,0.0,0.0,0.0
2.3;0.0,0.0,-0.06451404094696045;1.0,0.0,0.0,0.0
2.31;0.0,0.0,-0.06502491235733032;1.0,0.0,0.0,0.0
2.32;0.0,0.0,-0.06553739309310913;1.0,0.0,0.0,0.0
2.33;0.0,0.0,-0.0660514235496521;1.0,0.0,0.0,0.0
2.34;0.0,0.0,-0.06656694412231445;1.0,0.0,0.0,0.0
2.35;0.0,0.0,-0.06708401441574097;1.0,0.0,0.0,0.0
2.36;0.0,0.0,-0.06760257482528687;1.0,0.0,0.0,0.0
2.37;0.0,0.0,-0.0681227445602417;1.0,0.0,0.0,0.0
2.38;0.0,0.0,-0.06864434480667114;1.0,0.0,0.0,0.0
2.39;0.0,0.0,-0.06916755437850952;1.0,0.0,0.0,0.0
2.4;0.0,0.0,-0.06969213485717773;1.0,0.0,0.0,0.0
2.41;0.0,0.0,-0.07021826505661011;1.0,0.0,0.0,0.0
2.42;0.0,0.0,-0.07074588537216187;1.0,0.0,0.0,0.0
2.43;0.0,0.0,-0.07127499580383301;1.0,0.0,0.0,0.0
2.44;0.0,0.0,-0.07180559635162354;1.0,0.0,0.0,0.0
2.45;0.0,0.0,-0.07233768701553345;1.0,0.0,0.0,0.0
2.46;0.0,0.0,-0.07287120819091797;1.0,0.0,0.0,0.0
2.47;0.0,0.0,-0.07340621948242188;1.0,0.0,0.0,0.0
2.48;0.0,0.0,-0.07394266128540039;1.0,0.0,0.0,0.0
2.49;0.0,0.0,-0.07448059320449829;1.0,0.0,0.0,0.0
2.5;0.0,0.0,-0.07501989603042603;1.0,0.0,0.0,0.0
2.51;0.0,0.0,-0.07556074857711792;1.0,0.0,0.0,0.0
2.52;0.0,0.0,-0.07610297203063965;1.0,0.0,0.0,0.0
2.53;0.0,0.0,-0.07664662599563599;1.0,0.0,0.0,0.0
2.54;0.0,0.0,-0.07719165086746216;1.0,0.0,0.0,0.0
2.55;0.0,0.0,-0.07773816585540771;1.0,0.0,0.0,0.0
2.56;0.0,0.0,-0.0782860517501831;1.0,0.0,0.0,0.0
2.57;0.0,0.0,-0.0788353681564331;1.0,0.0,0.0,0.0
2.58;0.0,0.0,-0.07938605546951294;1.0,0.0,0.0,0.0
2.59;0.0,0.0,-0.07993817329406738;1.0,0.0,0.0,0.0
2.6;0.0,0.0,-0.08049166202545166;1.0,0.0,0.0,0.0
2.61;0.0,0.0,-0.08104652166366577;1.0,0.0,0.0,0.0
2.62;0.0,0.0,-0.08160275220870972;1.0,0.0,0.0,0.0
2.63;0.0,0.0,-0.0821603536605835;1.0,0.0,0.0,0.0
2.64;0.0,0.0,-0.08271938562393188;1.0,0.0,0.0,0.0
2.65;0.0,0.0,-0.08327966928482056;1.0,0.0,0.0,0.0
2.66;0.0,0.0,-0.08384138345718384;1.0,0.0,0.0,0.0
2.67;0.0,0.0,-0.0844043493270874;1.0,0.0,0.0,0.0
2.68;0.0,0.0,-0.08496874570846558;1.0,0.0,0.0,0.0
2.69;0.0,0.0,-0.08553445339202881;1.0,0.0,0.0,0.0
2.7;0.0,0.0,-0.08610153198242188;1.0,0.0,0.0,0.0
2.71;0.0,0.0,-0.08666986227035522;1.0,0.0,0.0,0.0
2.72;0.0,0.0,-0.08723956346511841;1.0,0.0,0.0,0.0
2.73;0.0,0.0,-0.08781051635742188;1.0,0.0,0.0,0.0
2.74;0.0,0.0,-0.08838289976119995;1.0,0.0,0.0,0.0
2.75;0.0,0.0,-0.08895647525787354;1.0,0.0,0.0,0.0
2.76;0.0,0.0,-0.08953136205673218;1.0,0.0,0.0,0.0
2.77;0.0,0.0,-0.09010756015777588;1.0,0.0,0.0,0.0
2.78;0.0,0.0,-0.09068500995635986;1.0,0.0,0.0,0.0
2.79;0.0,0.0,-0.0912637710571289;1.0,0.0,0.0,0.0
2.8;0.0,0.0,-0.09184378385543823;1.0,0.0,0.0,0.0
2.81;0.0,0.0,-0.09242504835128784;1.0,0.0,0.0,0.0
2.82;0.0,0.0,-0.09300762414932251;1.0,0.0,0.0,0.0
2.83;0.0,0.0,-0.09359139204025269;1.0,0.0,0.0,0.0
2.84;0.0,0.0,-0.09417647123336792;1.0,0.0,0.0,0.0
2.85;0.0,0.0,-0.09476274251937866;1.0,0.0,0.0,0.0
2.86;0.0,0.0,-0.09535032510757446;1.0,0.0,0.0,0.0
2.87;0.0,0.0,-0.095939040184021;1.0,0.0,0.0,0.0
2.88;0.0,0.0,-0.09652900695800781;1.0,0.0,0.0,0.0
2.89;0.0,0.0,-0.09712028503417969;1.0,0.0,0.0,0.0
2.9;0.0,0.0,-0.09771263599395752;1.0,0.0,0.0,0.0
2.91;0.0,0.0,-0.09830629825592041;1.0,0.0,0.0,0.0
2.92;0.0,0.0,-0.09890109300613403;1.0,0.0,0.0,0.0
2.93;0.0,0.0,-0.09949713945388794;1.0,0.0,0.0,0.0
2.94;0.0,0.0,-0.10009431838989258;1.0,0.0,0.0,0.0
2.95;0.0,0.0,-0.10069280862808228;1.0,0.0,0.0,0.0
2.96;0.0,0.0,-0.10129237174987793;1.0,0.0,0.0,0.0
2.97;0.0,0.0,-0.10189306735992432;1.0,0.0,0.0,0.0
2.98;0.0,0.0,-0.10249501466751099;1.0,0.0,0.0,0.0
2.99;0.0,0.0,-0.10309815406799316;1.0,0.0,0.0,0.0
3.0;0.0,0.0,-0.1037023663520813;1.0,0.0,0.0,0.0
3.01;0.0,0.0,-0.10430777072906494;1.0,0.0,0.0,0.0
3.02;0.0,0.0,-0.10491430759429932;1.0,0.0,0.0,0.0
3.03;0.0,0.0,-0.10552197694778442;1.0,0.0,0.0,0.0
3.04;0.0,0.0,-0.10613083839416504;1.0,0.0,0.0,0.0
3.05;0.0,0.0,-0.10674077272415161;1.0,0.0,0.0,0.0
3.06;0.0,0.0,-0.10735183954238892;1.0,0.0,0.0,0.0
3.07;0.0,0.0,-0.10796397924423218;1.0,0.0,0.0,0.0
3.08;0.0,0.0,-0.10857731103897095;1.0,0.0,0.0,0.0
3.09;0.0,0.0,-0.1091916561126709;1.0,0.0,0.0,0.0
3.1;0.0,0.0,-0.10980719327926636;1.0,0.0,0.0,0.0
3.11;0.0,0.0,-0.110423743724823;1.0,0.0,0.0,0.0
3.12;0.0,0.0,-0.11104148626327515;1.0,0.0,0.0,0.0
3.13;0.0,0.0,-0.1116601824760437;1.0,0.0,0.0,0.0
3.14;0.0,0.0,-0.11228001117706299;1.0,0.0,0.0,0.0
3.15;0.0,0.0,-0.11290091276168823;1.0,0.0,0.0,0.0
3.16;0.0,0.0,-0.11352288722991943;1.0,0.0,0.0,0.0
3.17;0.0,0.0,-0.11414593458175659;1.0,0.0,0.0,0.0
3.18;0.0,0.0,-0.11476999521255493;1.0,0.0,0.0,0.0
3.19;0.0,0.0,-0.11539512872695923;1.0,0.0,0.0,0.0
3.2;0.0,0.0,-0.11602127552032471;1.0,0.0,0.0,0.0
3.21;0.0,0.0,-0.11664843559265137;1.0,0.0,0.0,0.0
3.22;0.0,0.0,-0.11727672815322876;1.0,0.0,0.0,0.0
3.23;0.0,0.0,-0.11790597438812256;1.0,0.0,0.0,0.0
3.24;0.0,0.0,-0.11853623390197754;1.0,0.0,0.0,0.0
3.25;0.0,0.0,-0.1191675066947937;1.0,0.0,0.0,0.0
3.26;0.0,0.0,-0.11979979276657104;1.0,0.0,0.0,0.0
3.27;0.0,0.0,-0.12043315172195435;1.0,0.0,0.0,0.0
3.28;0.0,0.0,-0.12106740474700928;1.0,0.0,0.0,0.0
3.29;0.0,0.0,-0.12170267105102539;1.0,0.0,0.0,0.0
3.3;0.0,0.0,-0.12233901023864746;1.0,0.0,0.0,0.0
3.31;0.0,0.0,-0.12297618389129639;1.0,0.0,0.0,0.0
3.32;0.0,0.0,-0.1236143708229065;1.0,0.0,0.0,0.0
3.33;0.0,0.0,-0.12425357103347778;1.0,0.0,0.0,0.0
3.34;0.0,0.0,-0.12489372491836548;1.0,0.0,0.0,0.0
3.35;0.0,0.0,-0.1255347728729248;1.0,0.0,0.0,0.0
3.36;0.0,0.0,-0.1261768341064453;1.0,0.0,0.0,0.0
3.37;0.0,0.0,-0.12681978940963745;1.0,0.0,0.0,0.0
3.38;0.0,0.0,-0.12746375799179077;1.0,0.0,0.0,0.0
3.39;0.0,0.0,-0.12810862064361572;1.0,0.0,0.0,0.0
3.4;0.0,0.0,-0.12875443696975708;1.0,0.0,0.0,0.0
3.41;0.0,0.0,-0.1294010877609253;1.0,0.0,0.0,0.0
3.42;0.0,0.0,-0.1300486922264099;1.0,0.0,0.0,0.0
3.43;0.0,0.0,-0.13069719076156616;1.0,0.0,0.0,0.0
3.44;0.0,0.0,-0.13134664297103882;1.0,0.0,0.0,0.0
3.45;0.0,0.0,-0.13199692964553833;1.0,0.0,0.0,0.0
3.46;0.0,0.0,-0.13264816999435425;1.0,0.0,0.0,0.0
3.47;0.0,0.0,-0.13330024480819702;1.0,0.0,0.0,0.0
3.48;0.0,0.0,-0.1339532732963562;1.0,0.0,0.0,0.0
3.49;0.0,0.0,-0.13460707664489746;1.0,0.0,0.0,0.0
3.5;0.0,0.0,-0.13526183366775513;1.0,0.0,0.0,0.0
3.51;0.0,0.0,-0.13591742515563965;1.0,0.0,0.0,0.0
3.52;0.0,0.0,-0.13657385110855103;1.0,0.0,0.0,0.0
3.53;0.0,0.0,-0.13723111152648926;1.0,0.0,0.0,0.0
3.54;0.0,0.0,-0.13788926601409912;1.0,0.0,0.0,0.0
3.55;0.0,0.0,-0.13854825496673584;1.0,0.0,0.0,0.0
3.56;0.0,0.0,-0.13920801877975464;1.0,0.0,0.0,0.0
3.57;0.0,0.0,-0.13986867666244507;1.0,0.0,0.0,0.0
3.58;0.0,0.0,-0.14053016901016235;1.0,0.0,0.0,0.0
3.59;0.0,0.0,-0.14119243621826172;1.0,0.0,0.0,0.0
3.6;0.0,0.0,-0.14185547828674316;1.0,0.0,0.0,0.0
3.61;0.0,0.0,-0.14251941442489624;1.0,0.0,0.0,0.0
3.62;0.0,0.0,-0.14318406581878662;1.0,0.0,0.0,0.0
3.63;0.0,0.0,-0.14384955167770386;1.0,0.0,0.0,0.0
3.64;0.0,0.0,-0.14451581239700317;1.0,0.0,0.0,0.0
3.65;0.0,0.0,-0.14518284797668457;1.0,0.0,0.0,0.0
3.66;0.0,0.0,-0.14585071802139282;1.0,0.0,0.0,0.0
3.67;0.0,0.0,-0.14651930332183838;1.0,0.0,0.0,0.0
3.68;0.0,0.0,-0.14718866348266602;1.0,0.0,0.0,0.0
3.69;0.0,0.0,-0.14785879850387573;1.0,0.0,0.0,0.0
3.7;0.0,0.0,-0.14852964878082275;1.0,0.0,0.0,0.0
3.71;0.0,0.0,-0.14920127391815186;1.0,0.0,0.0,0.0
3.72;0.0,0.0,-0.14987361431121826;1.0,0.0,0.0,0.0
3.73;0.0,0.0,-0.15054672956466675;1.0,0.0,0.0,0.0
3.74;0.0,0.0,-0.15122056007385254;1.0,0.0,0.0,0.0
3.75;0.0,0.0,-0.15189510583877563;1.0,0.0,0.0,0.0
3.76;0.0,0.0,-0.15257036685943604;1.0,0.0,0.0,0.0
3.77;0.0,0.0,-0.15324634313583374;1.0,0.0,0.0,0.0
3.78;0.0,0.0,-0.15392303466796875;1.0,0.0,0.0,0.0
3.79;0.0,0.0,-0.15460044145584106;1.0,0.0,0.0,0.0
3.8;0.0,0.0,-0.1552785038948059;1.0,0.0,0.0,0.0
3.81;0.0,0.0,-0.15595728158950806;1.0,0.0,0.0,0.0
3.82;0.0,0.0,-0.15663671493530273;1.0,0.0,0.0,0.0
3.83;0.0,0.0,-0.15731686353683472;1.0,0.0,0.0,0.0
3.84;0.0,0.0,-0.15799766778945923;1.0,0.0,0.0,0.0
3.85;0.0,0.0,-0.15867912769317627;1.0,0.0,0.0,0.0
3.86;0.0,0.0,-0.15936130285263062;1.0,0.0,0.0,0.0
3.87;0.0,0.0,-0.16004407405853271;1.0,0.0,0.0,0.0
3.88;0.0,0.0,-0.16072750091552734;1.0,0.0,0.0,0.0
3.89;0.0,0.0,-0.1614115834236145;1.0,0.0,0.0,0.0
3.9;0.0,0.0,-0.16209626197814941;1.0,0.0,0.0,0.0
3.91;0.0,0.0,-0.16278165578842163;1.0,0.0,0.0,0.0
3.92;0.0,0.0,-0.16346758604049683;1.0,0.0,0.0,0.0
3.93;0.0,0.0,-0.16415417194366455;1.0,0.0,0.0,0.0
3.94;0.0,0.0,-0.1648414134979248;1.0,0.0,0.0,0.0
3.95;0.0,0.0,-0.1655292510986328;1.0,0.0,0.0,0.0
3.96;0.0,0.0,-0.1662176251411438;1.0,0.0,0.0,0.0
3.97;0.0,0.0,-0.16690665483474731;1.0,0.0,0.0,0.0
3.98;0.0,0.0,-0.16759628057479858;1.0,0.0,0.0,0.0
3.99;0.0,0.0,-0.16828644275665283;1.0,0.0,0.0,0.0
4.0;0.0,0.0,-0.16897720098495483;1.0,0.0,0.0,0.0
4.01;0.0,0.0,-0.16966858506202698;1.0,0.0,0.0,0.0
4.02;0.0,0.0,-0.1703605055809021;1.0,0.0,0.0,0.0
4.03;0.0,0.0,-0.1710529625415802;1.0,0.0,0.0,0.0
4.04;0.0,0.0,-0.17174601554870605;1.0,0.0,0.0,0.0
4.05;0.0,0.0,-0.1724395751953125;1.0,0.0,0.0,0.0
4.06;0.0,0.0,-0.1731337308883667;1.0,0.0,0.0,0.0
4.07;0.0,0.0,-0.1738283634185791;1.0,0.0,0.0,0.0
4.08;0.0,0.0,-0.17452359199523926;1.0,0.0,0.0,0.0
4.09;0.0,0.0,-0.17521929740905762;1.0,0.0,0.0,0.0
4.1;0.0,0.0,-0.17591556906700134;1.0,0.0,0.0,0.0
4.11;0.0,0.0,-0.17661234736442566;1.0,0.0,0.0,0.0
4.12;0.0,0.0,-0.17730960249900818;1.0,0.0,0.0,0.0
4.13;0.0,0.0,-0.17800742387771606;1.0,0.0,0.0,0.0
4.14;0.0,0.0,-0.17870569229125977;1.0,0.0,0.0,0.0
4.15;0.0,0.0,-0.17940446734428406;1.0,0.0,0.0,0.0
4.16;0.0,0.0,-0.18010374903678894;1.0,0.0,0.0,0.0
4.17;0.0,0.0,-0.18080347776412964;1.0,0.0,0.0,0.0
4.18;0.0,0.0,-0.18150368332862854;1.0,0.0,0.0,0.0
4.19;0.0,0.0,-0.18220436573028564;1.0,0.0,0.0,0.0
4.2;0.0,0.0,-0.18290552496910095;1.0,0.0,0.0,0.0
4.21;0.0,0.0,-0.18360716104507446;1.0,0.0,0.0,0.0
4.22;0.0,0.0,-0.1843092143535614;1.0,0.0,0.0,0.0
4.23;0.0,0.0,-0.18501174449920654;1.0,0.0,0.0,0.0
4.24;0.0,0.0,-0.1857146918773651;1.0,0.0,0.0,0.0
4.25;0.0,0.0,-0.18641811609268188;1.0,0.0,0.0,0.0
4.26;0.0,0.0,-0.1871219277381897;1.0,0.0,0.0,0.0
4.27;0.0,0.0,-0.18782615661621094;1.0,0.0,0.0,0.0
4.28;0.0,0.0,-0.188530832529068;1.0,0.0,0.0,0.0
4.29;0.0,0.0,-0.1892358958721161;1.0,0.0,0.0,0.0
4.3;0.0,0.0,-0.1899413764476776;1.0,0.0,0.0,0.0
4.31;0.0,0.0,-0.19064724445343018;1.0,0.0,0.0,0.0
4.32;0.0,0.0,-0.19135352969169617;1.0,0.0,0.0,0.0
4.33;0.0,0.0,-0.19206023216247559;1.0,0.0,0.0,0.0
4.34;0.0,0.0,-0.19276726245880127;1.0,0.0,0.0,0.0
4.35;0.0,0.0,-0.193474680185318;1.0,0.0,0.0,0.0
4.36;0.0,0.0,-0.19418248534202576;1.0,0.0,0.0,0.0
4.37;0.0,0.0,-0.19489067792892456;1.0,0.0,0.0,0.0
4.38;0.0,0.0,-0.19559919834136963;1.0,0.0,0.0,0.0
4.39;0.0,0.0,-0.19630807638168335;1.0,0.0,0.0,0.0
4.4;0.0,0.0,-0.19701731204986572;1.0,0.0,0.0,0.0
4.41;0.0,0.0,-0.19772687554359436;1.0,0.0,0.0,0.0
4.42;0.0,0.0,-0.19843679666519165;1.0,0.0,0.0,0.0
4.43;0.0,0.0,-0.19914701581001282;1.0,0.0,0.0,0.0
4.44;0.0,0.0,-0.19985759258270264;1.0,0.0,0.0,0.0
4.45;0.0,0.0,-0.20056849718093872;1.0,0.0,0.0,0.0
4.46;0.0,0.0,-0.20127969980239868;1.0,0.0,0.0,0.0
4.47;0.0,0.0,-0.20199120044708252;1.0,0.0,0.0,0.0
4.48;0.0,0.0,-0.20270302891731262;1.0,0.0,0.0,0.0
4.49;0.0,0.0,-0.2034151554107666;1.0,0.0,0.0,0.0
4.5;0.0,0.0,-0.20412752032279968;1.0,0.0,0.0,0.0
4.51;0.0,0.0,-0.20484021306037903;1.0,0.0,0.0,0.0
4.52;0.0,0.0,-0.20555323362350464;1.0,0.0,0.0,0.0
4.53;0.0,0.0,-0.20626646280288696;1.0,0.0,0.0,0.0
4.54;0.0,0.0,-0.20697996020317078;1.0,0.0,0.0,0.0
4.55;0.0,0.0,-0.20769372582435608;1.0,0.0,0.0,0.0
4.56;0.0,0.0,-0.20840775966644287;1.0,0.0,0.0,0.0
4.57;0.0,0.0,-0.20912203192710876;1.0,0.0,0.0,0.0
4.58;0.0,0.0,-0.20983657240867615;1.0,0.0,0.0,0.0
4.59;0.0,0.0,-0.21055132150650024;1.0,0.0,0.0,0.0
4.6;0.0,0.0,-0.21126633882522583;1.0,0.0,0.0,0.0
4.61;0.0,0.0,-0.21198156476020813;1.0,0.0,0.0,0.0
4.62;0.0,0.0,-0.21269702911376953;1.0,0.0,0.0,0.0
4.63;0.0,0.0,-0.21341267228126526;1.0,0.0,0.0,0.0
4.64;0.0,0.0,-0.2141285538673401;1.0,0.0,0.0,0.0
4.65;0.0,0.0,-0.21484464406967163;1.0,0.0,0.0,0.0
4.66;0.0,0.0,-0.2155609130859375;1.0,0.0,0.0,0.0
4.67;0.0,0.0,-0.21627739071846008;1.0,0.0,0.0,0.0
4.68;0.0,0.0,-0.216994047164917;1.0,0.0,0.0,0.0
4.69;0.0,0.0,-0.21771088242530823;1.0,0.0,0.0,0.0
4.7;0.0,0.0,-0.21842792630195618;1.0,0.0,0.0,0.0
4.71;0.0,0.0,-0.21914511919021606;1.0,0.0,0.0,0.0
4.72;0.0,0.0,-0.2198624610900879;1.0,0.0,0.0,0.0
4.73;0.0,0.0,-0.22057998180389404;1.0,0.0,0.0,0.0
4.74;0.0,0.0,-0.22129765152931213;1.0,0.0,0.0,0.0
4.75;0.0,0.0,-0.22201547026634216;1.0,0.0,0.0,0.0
4.76;0.0,0.0,-0.22273343801498413;1.0,0.0,0.0,0.0
4.77;0.0,0.0,-0.22345152497291565;1.0,0.0,0.0,0.0
4.78;0.0,0.0,-0.22416973114013672;1.0,0.0,0.0,0.0
4.79;0.0,0.0,-0.22488805651664734;1.0,0.0,0.0,0.0
4.8;0.0,0.0,-0.2256065309047699;1.0,0.0,0.0,0.0
4.81;0.0,0.0,-0.22632509469985962;1.0,0.0,0.0,0.0
4.82;0.0,0.0,-0.2270437777042389;1.0,0.0,0.0,0.0
4.83;0.0,0.0,-0.22776257991790771;1.0,0.0,0.0,0.0
4.84;0.0,0.0,-0.22848141193389893;1.0,0.0,0.0,0.0
4.85;0.0,0.0,-0.22920042276382446;1.0,0.0,0.0,0.0
4.86;0.0,0.0,-0.2299194633960724;1.0,0.0,0.0,0.0
4.87;0.0,0.0,-0.23063859343528748;1.0,0.0,0.0,0.0
4.88;0.0,0.0,-0.23135778307914734;1.0,0.0,0.0,0.0
4.89;0.0,0.0,-0.23207706212997437;1.0,0.0,0.0,0.0
4.9;0.0,0.0,-0.23279637098312378;1.0,0.0,0.0,0.0
4.91;0.0,0.0,-0.23351573944091797;1.0,0.0,0.0,0.0
4.92;0.0,0.0,-0.23423516750335693;1.0,0.0,0.0,0.0
4.93;0.0,0.0,-0.23495465517044067;1.0,0.0,0.0,0.0
4.94;0.0,0.0,-0.23567414283752441;1.0,0.0,0.0,0.0
4.95;0.0,0.0,-0.23639371991157532;1.0,0.0,0.0,0.0
4.96;0.0,0.0,-0.23711326718330383;1.0,0.0,0.0,0.0
4.97;0.0,0.0,-0.23783287405967712;1.0,0.0,0.0,0.0
4.98;0.0,0.0,-0.23855248093605042;1.0,0.0,0.0,0.0
4.99;0.0,0.0,-0.2392720878124237;1.0,0.0,0.0,0.0
5.0;0.0,0.0,-0.239991694688797;1.0,0.0,0.0,0.0
5.01;0.0,0.0,-0.2407113015651703;1.0,0.0,0.0,0.0
5.02;0.0,0.0,-0.24143090844154358;1.0,0.0,0.0,0.0
5.03;0.0,0.0,-0.24215048551559448;1.0,0.0,0.0,0.0
5.04;0.0,0.0,-0.24287009239196777;1.0,0.0,0.0,0.0
5.05;0.0,0.0,-0.2435896098613739;1.0,0.0,0.0,0.0
5.06;0.0,0.0,-0.24430912733078003;1.0,0.0,0.0,0.0
5.07;0.0,0.0,-0.24502858519554138;1.0,0.0,0.0,0.0
5.08;0.0,0.0,-0.24574801325798035;1.0,0.0,0.0,0.0
5.09;0.0,0.0,-0.24646741151809692;1.0,0.0,0.0,0.0
5.1;0.0,0.0,-0.2471867799758911;1.0,0.0,0.0,0.0
5.11;0.0,0.0,-0.24790599942207336;1.0,0.0,0.0,0.0
5.12;0.0,0.0,-0.24862515926361084;1.0,0.0,0.0,0.0
5.13;0.0,0.0,-0.2493443489074707;1.0,0.0,0.0,0.0
5.14;0.0,0.0,-0.25006338953971863;1.0,0.0,0.0,0.0
5.15;0.0,0.0,-0.2507823705673218;1.0,0.0,0.0,0.0
5.16;0.0,0.0,-0.251501202583313;1.0,0.0,0.0,0.0
5.17;0.0,0.0,-0.2522200047969818;1.0,0.0,0.0,0.0
5.18;0.0,0.0,-0.2529386878013611;1.0,0.0,0.0,0.0
5.19;0.0,0.0,-0.2536572813987732;1.0,0.0,0.0,0.0
5.2;0.0,0.0,-0.254375696182251;1.0,0.0,0.0,0.0
5.21;0.0,0.0,-0.25509408116340637;1.0,0.0,0.0,0.0
5.22;0.0,0.0,-0.25581228733062744;1.0,0.0,0.0,0.0
5.23;0.0,0.0,-0.25653040409088135;1.0,0.0,0.0,0.0
5.24;0.0,0.0,-0.25724828243255615;1.0,0.0,0.0,0.0
5.25;0.0,0.0,-0.25796613097190857;1.0,0.0,0.0,0.0
5.26;0.0,0.0,-0.25868380069732666;1.0,0.0,0.0,0.0
5.27;0.0,0.0,-0.2594012916088104;1.0,0.0,0.0,0.0
5.28;0.0,0.0,-0.26011866331100464;1.0,0.0,0.0,0.0
5.29;0.0,0.0,-0.26083582639694214;1.0,0.0,0.0,0.0
5.3;0.0,0.0,-0.2615528702735901;1.0,0.0,0.0,0.0
5.31;0.0,0.0,-0.2622697055339813;1.0,0.0,0.0,0.0
5.32;0.0,0.0,-0.2629863917827606;1.0,0.0,0.0,0.0
5.33;0.0,0.0,-0.2637028694152832;1.0,0.0,0.0,0.0
5.34;0.0,0.0,-0.2644191384315491;1.0,0.0,0.0,0.0
5.35;0.0,0.0,-0.2651352286338806;1.0,0.0,0.0,0.0
5.36;0.0,0.0,-0.26585108041763306;1.0,0.0,0.0,0.0
5.37;0.0,0.0,-0.26656675338745117;1.0,0.0,0.0,0.0
5.38;0.0,0.0,-0.2672821879386902;1.0,0.0,0.0,0.0
5.39;0.0,0.0,-0.2679974436759949;1.0,0.0,0.0,0.0
5.4;0.0,0.0,-0.26871243119239807;1.0,0.0,0.0,0.0
5.41;0.0,0.0,-0.26942721009254456;1.0,0.0,0.0,0.0
5.42;0.0,0.0,-0.27014172077178955;1.0,0.0,0.0,0.0
5.43;0.0,0.0,-0.27085602283477783;1.0,0.0,0.0,0.0
5.44;0.0,0.0,-0.27157002687454224;1.0,0.0,0.0,0.0
5.45;0.0,0.0,-0.27228379249572754;1.0,0.0,0.0,0.0
5.46;0.0,0.0,-0.27299731969833374;1.0,0.0,0.0,0.0
5.47;0.0,0.0,-0.27371057868003845;1.0,0.0,0.0,0.0
5.48;0.0,0.0,-0.2744235098361969;1.0,0.0,0.0,0.0
5.49;0.0,0.0,-0.27513620257377625;1.0,0.0,0.0,0.0
5.5;0.0,0.0,-0.2758486866950989;1.0,0.0,0.0,0.0
5.51;0.0,0.0,-0.27656078338623047;1.0,0.0,0.0,0.0
5.52;0.0,0.0,-0.2772725820541382;1.0,0.0,0.0,0.0
5.53;0.0,0.0,-0.2779841125011444;1.0,0.0,0.0,0.0
5.54;0.0,0.0,-0.27869531512260437;1.0,0.0,0.0,0.0
5.55;0.0,0.0,-0.27940621972084045;1.0,0.0,0.0,0.0
5.56;0.0,0.0,-0.2801167964935303;1.0,0.0,0.0,0.0
5.57;0.0,0.0,-0.28082698583602905;1.0,0.0,0.0,0.0
5.58;0.0,0.0,-0.28153693675994873;1.0,0.0,0.0,0.0
5.59;0.0,0.0,-0.28224653005599976;1.0,0.0,0.0,0.0
5.6;0.0,0.0,-0.28295576572418213;1.0,0.0,0.0,0.0
5.61;0.0,0.0,-0.28366464376449585;1.0,0.0,0.0,0.0
5.62;0.0,0.0,-0.2843731641769409;1.0,0.0,0.0,0.0
5.63;0.0,0.0,-0.28508132696151733;1.0,0.0,0.0,0.0
5.64;0.0,0.0,-0.2857891023159027;1.0,0.0,0.0,0.0
5.65;0.0,0.0,-0.28649652004241943;1.0,0.0,0.0,0.0
5.66;0.0,0.0,-0.2872036099433899;1.0,0.0,0.0,0.0
5.67;0.0,0.0,-0.2879102826118469;1.0,0.0,0.0,0.0
5.68;0.0,0.0,-0.2886165380477905;1.0,0.0,0.0,0.0
5.69;0.0,0.0,-0.2893224358558655;1.0,0.0,0.0,0.0
5.7;0.0,0.0,-0.290027916431427;1.0,0.0,0.0,0.0
5.71;0.0,0.0,-0.2907329797744751;1.0,0.0,0.0,0.0
5.72;0.0,0.0,-0.29143765568733215;1.0,0.0,0.0,0.0
5.73;0.0,0.0,-0.2921419143676758;1.0,0.0,0.0,0.0
5.74;0.0,0.0,-0.2928457260131836;1.0,0.0,0.0,0.0
5.75;0.0,0.0,-0.293549120426178;1.0,0.0,0.0,0.0
5.76;0.0,0.0,-0.29425206780433655;1.0,0.0,0.0,0.0
5.77;0.0,0.0,-0.2949545681476593;1.0,0.0,0.0,0.0
5.78;0.0,0.0,-0.29565662145614624;1.0,0.0,0.0,0.0
5.79;0.0,0.0,-0.29635822772979736;1.0,0.0,0.0,0.0
5.8;0.0,0.0,-0.29705941677093506;1.0,0.0,0.0,0.0
5.81;0.0,0.0,-0.2977600693702698;1.0,0.0,0.0,0.0
5.82;0.0,0.0,-0.29846030473709106;1.0,0.0,0.0,0.0
5.83;0.0,0.0,-0.29916006326675415;1.0,0.0,0.0,0.0
5.84;0.0,0.0,-0.29985931515693665;1.0,0.0,0.0,0.0
5.85;0.0,0.0,-0.30055809020996094;1.0,0.0,0.0,0.0
5.86;0.0,0.0,-0.3012564182281494;1.0,0.0,0.0,0.0
5.87;0.0,0.0,-0.30195415019989014;1.0,0.0,0.0,0.0
5.88;0.0,0.0,-0.30265143513679504;1.0,0.0,0.0,0.0
5.89;0.0,0.0,-0.30334821343421936;1.0,0.0,0.0,0.0
5.9;0.0,0.0,-0.3040444850921631;1.0,0.0,0.0,0.0
5.91;0.0,0.0,-0.30474019050598145;1.0,0.0,0.0,0.0
5.92;0.0,0.0,-0.3054354190826416;1.0,0.0,0.0,0.0
5.93;0.0,0.0,-0.3061301112174988;1.0,0.0,0.0,0.0
5.94;0.0,0.0,-0.3068242073059082;1.0,0.0,0.0,0.0
5.95;0.0,0.0,-0.30751779675483704;1.0,0.0,0.0,0.0
5.96;0.0,0.0,-0.3082107901573181;1.0,0.0,0.0,0.0
5.97;0.0,0.0,-0.3089032769203186;1.0,0.0,0.0,0.0
5.98;0.0,0.0,-0.3095952272415161;1.0,0.0,0.0,0.0
5.99;0.0,0.0,-0.31028658151626587;1.0,0.0,0.0,0.0
6.0;0.0,0.0,-0.31097733974456787;1.0,0.0,0.0,0.0
6.01;0.0,0.0,-0.3116675317287445;1.0,0.0,0.0,0.0
6.02;0.0,0.0,-0.3123570680618286;1.0,0.0,0.0,0.0
6.03;0.0,0.0,-0.3130461573600769;1.0,0.0,0.0,0.0
6.04;0.0,0.0,-0.3137345612049103;1.0,0.0,0.0,0.0
6.05;0.0,0.0,-0.3144223988056183;1.0,0.0,0.0,0.0
6.06;0.0,0.0,-0.3151095509529114;1.0,0.0,0.0,0.0
6.07;0.0,0.0,-0.3157961964607239;1.0,0.0,0.0,0.0
6.08;0.0,0.0,-0.3164821267127991;1.0,0.0,0.0,0.0
6.09;0.0,0.0,-0.3171675205230713;1.0,0.0,0.0,0.0
6.1;0.0,0.0,-0.317852258682251;1.0,0.0,0.0,0.0
6.11;0.0,0.0,-0.31853634119033813;1.0,0.0,0.0,0.0
6.12;0.0,0.0,-0.3192197382450104;1.0,0.0,0.0,0.0
6.13;0.0,0.0,-0.3199024796485901;1.0,0.0,0.0,0.0
6.14;0.0,0.0,-0.32058465480804443;1.0,0.0,0.0,0.0
6.15;0.0,0.0,-0.3212661147117615;1.0,0.0,0.0,0.0
6.16;0.0,0.0,-0.321946918964386;1.0,0.0,0.0,0.0
6.17;0.0,0.0,-0.3226270377635956;1.0,0.0,0.0,0.0
6.18;0.0,0.0,-0.32330647110939026;1.0,0.0,0.0,0.0
6.19;0.0,0.0,-0.3239852786064148;1.0,0.0,0.0,0.0
6.2;0.0,0.0,-0.324663370847702;1.0,0.0,0.0,0.0
6.21;0.0,0.0,-0.32534074783325195;1.0,0.0,0.0,0.0
6.22;0.0,0.0,-0.32601743936538696;1.0,0.0,0.0,0.0
6.23;0.0,0.0,-0.32669344544410706;1.0,0.0,0.0,0.0
6.24;0.0,0.0,-0.32736867666244507;1.0,0.0,0.0,0.0
6.25;0.0,0.0,-0.32804325222969055;1.0,0.0,0.0,0.0
6.26;0.0,0.0,-0.32871705293655396;1.0,0.0,0.0,0.0
6.27;0.0,0.0,-0.32939016819000244;1.0,0.0,0.0,0.0
6.28;0.0,0.0,-0.33006247878074646;1.0,0.0,0.0,0.0
6.29;0.0,0.0,-0.3307340741157532;1.0,0.0,0.0,0.0
6.3;0.0,0.0,-0.33140498399734497;1.0,0.0,0.0,0.0
6.31;0.0,0.0,-0.3320751190185547;1.0,0.0,0.0,0.0
6.32;0.0,0.0,-0.33274444937705994;1.0,0.0,0.0,0.0
6.33;0.0,0.0,-0.3334130644798279;1.0,0.0,0.0,0.0
6.34;0.0,0.0,-0.33408087491989136;1.0,0.0,0.0,0.0
6.35;0.0,0.0,-0.33474791049957275;1.0,0.0,0.0,0.0
6.36;0.0,0.0,-0.33541423082351685;1.0,0.0,0.0,0.0
6.37;0.0,0.0,-0.3360797166824341;1.0,0.0,0.0,0.0
6.38;0.0,0.0,-0.33674436807632446;1.0,0.0,0.0,0.0
6.39;0.0,0.0,-0.3374082148075104;1.0,0.0,0.0,0.0
6.4;0.0,0.0,-0.3380713164806366;1.0,0.0,0.0,0.0
6.41;0.0,0.0,-0.33873361349105835;1.0,0.0,0.0,0.0
6.42;0.0,0.0,-0.33939510583877563;1.0,0.0,0.0,0.0
6.43;0.0,0.0,-0.3400557339191437;1.0,0.0,0.0,0.0
6.44;0.0,0.0,-0.3407154977321625;1.0,0.0,0.0,0.0
6.45;0.0,0.0,-0.3413745164871216;1.0,0.0,0.0,0.0
6.46;0.0,0.0,-0.34203264117240906;1.0,0.0,0.0,0.0
6.47;0.0,0.0,-0.3426899313926697;1.0,0.0,0.0,0.0
6.48;0.0,0.0,-0.34334635734558105;1.0,0.0,0.0,0.0
6.49;0.0,0.0,-0.3440019488334656;1.0,0.0,0.0,0.0
6.5;0.0,0.0,-0.34465670585632324;1.0,0.0,0.0,0.0
6.51;0.0,0.0,-0.3453105390071869;1.0,0.0,0.0,0.0
6.52;0.0,0.0,-0.3459635376930237;1.0,0.0,0.0,0.0
6.53;0.0,0.0,-0.34661567211151123;1.0,0.0,0.0,0.0
6.54;0.0,0.0,-0.3472668528556824;1.0,0.0,0.0,0.0
6.55;0.0,0.0,-0.3479171395301819;1.0,0.0,0.0,0.0
6.56;0.0,0.0,-0.34856659173965454;1.0,0.0,0.0,0.0
6.57;0.0,0.0,-0.3492150604724884;1.0,0.0,0.0,0.0
6.58;0.0,0.0,-0.3498627543449402;1.0,0.0,0.0,0.0
6.59;0.0,0.0,-0.3505094051361084;1.0,0.0,0.0,0.0
6.6;0.0,0.0,-0.35115519165992737;1.0,0.0,0.0,0.0
6.61;0.0,0.0,-0.3518000543117523;1.0,0.0,0.0,0.0
6.62;0.0,0.0,-0.35244399309158325;1.0,0.0,0.0,0.0
6.63;0.0,0.0,-0.353086918592453;1.0,0.0,0.0,0.0
6.64;0.0,0.0,-0.3537289798259735;1.0,0.0,0.0,0.0
6.65;0.0,0.0,-0.3543700873851776;1.0,0.0,0.0,0.0
6.66;0.0,0.0,-0.3550102114677429;1.0,0.0,0.0,0.0
6.67;0.0,0.0,-0.3556493818759918;1.0,0.0,0.0,0.0
6.68;0.0,0.0,-0.3562876284122467;1.0,0.0,0.0,0.0
6.69;0.0,0.0,-0.35692480206489563;1.0,0.0,0.0,0.0
6.7;0.0,0.0,-0.3575611114501953;1.0,0.0,0.0,0.0
6.71;0.0,0.0,-0.3581963777542114;1.0,0.0,0.0,0.0
6.72;0.0,0.0,-0.35883066058158875;1.0,0.0,0.0,0.0
6.73;0.0,0.0,-0.3594639301300049;1.0,0.0,0.0,0.0
6.74;0.0,0.0,-0.3600962460041046;1.0,0.0,0.0,0.0
6.75;0.0,0.0,-0.36072754859924316;1.0,0.0,0.0,0.0
6.76;0.0,0.0,-0.36135780811309814;1.0,0.0,0.0,0.0
6.77;0.0,0.0,-0.36198708415031433;1.0,0.0,0.0,0.0
6.78;0.0,0.0,-0.36261531710624695;1.0,0.0,0.0,0.0
6.79;0.0,0.0,-0.363242506980896;1.0,0.0,0.0,0.0
6.8;0.0,0.0,-0.36386868357658386;1.0,0.0,0.0,0.0
6.81;0.0,0.0,-0.36449381709098816;1.0,0.0,0.0,0.0
6.82;0.0,0.0,-0.3651178777217865;1.0,0.0,0.0,0.0
6.83;0.0,0.0,-0.3657408654689789;1.0,0.0,0.0,0.0
6.84;0.0,0.0,-0.3663628101348877;1.0,0.0,0.0,0.0
6.85;0.0,0.0,-0.3669837713241577;1.0,0.0,0.0,0.0
6.86;0.0,0.0,-0.3676035702228546;1.0,0.0,0.0,0.0
6.87;0.0,0.0,-0.36822235584259033;1.0,0.0,0.0,0.0
6.88;0.0,0.0,-0.3688400089740753;1.0,0.0,0.0,0.0
6.89;0.0,0.0,-0.36945661902427673;1.0,0.0,0.0,0.0
6.9;0.0,0.0,-0.3700721263885498;1.0,0.0,0.0,0.0
6.91;0.0,0.0,-0.37068650126457214;1.0,0.0,0.0,0.0
6.92;0.0,0.0,-0.3712998032569885;1.0,0.0,0.0,0.0
6.93;0.0,0.0,-0.3719119727611542;1.0,0.0,0.0,0.0
6.94;0.0,0.0,-0.3725230395793915;1.0,0.0,0.0,0.0
6.95;0.0,0.0,-0.37313294410705566;1.0,0.0,0.0,0.0
6.96;0.0,0.0,-0.3737418055534363;1.0,0.0,0.0,0.0
6.97;0.0,0.0,-0.374349445104599;1.0,0.0,0.0,0.0
6.98;0.0,0.0,-0.3749559819698334;1.0,0.0,0.0,0.0
6.99;0.0,0.0,-0.3755614459514618;1.0,0.0,0.0,0.0
7.0;0.0,0.0,-0.3761656582355499;1.0,0.0,0.0,0.0
7.01;0.0,0.0,-0.37676870822906494;1.0,0.0,0.0,0.0
7.02;0.0,0.0,-0.3773706257343292;1.0,0.0,0.0,0.0
7.03;0.0,0.0,-0.3779714107513428;1.0,0.0,0.0,0.0
7.04;0.0,0.0,-0.3785710036754608;1.0,0.0,0.0,0.0
7.05;0.0,0.0,-0.37916940450668335;1.0,0.0,0.0,0.0
7.06;0.0,0.0,-0.3797666132450104;1.0,0.0,0.0,0.0
7.07;0.0,0.0,-0.38036271929740906;1.0,0.0,0.0,0.0
7.08;0.0,0.0,-0.3809574842453003;1.0,0.0,0.0,0.0
7.09;0.0,0.0,-0.3815511465072632;1.0,0.0,0.0,0.0
7.1;0.0,0.0,-0.3821435868740082;1.0,0.0,0.0,0.0
7.11;0.0,0.0,-0.3827347159385681;1.0,0.0,0.0,0.0
7.12;0.0,0.0,-0.3833247423171997;1.0,0.0,0.0,0.0
7.13;0.0,0.0,-0.3839135468006134;1.0,0.0,0.0,0.0
7.14;0.0,0.0,-0.38450103998184204;1.0,0.0,0.0,0.0
7.15;0.0,0.0,-0.38508734107017517;1.0,0.0,0.0,0.0
7.16;0.0,0.0,-0.38567236065864563;1.0,0.0,0.0,0.0
7.17;0.0,0.0,-0.3862561881542206;1.0,0.0,0.0,0.0
7.18;0.0,0.0,-0.38683873414993286;1.0,0.0,0.0,0.0
7.19;0.0,0.0,-0.3874199688434601;1.0,0.0,0.0,0.0
7.2;0.0,0.0,-0.3880000114440918;1.0,0.0,0.0,0.0
7.21;0.0,0.0,-0.38857874274253845;1.0,0.0,0.0,0.0
7.22;0.0,0.0,-0.3891562223434448;1.0,0.0,0.0,0.0
7.23;0.0,0.0,-0.3897324204444885;1.0,0.0,0.0,0.0
7.24;0.0,0.0,-0.3903072774410248;1.0,0.0,0.0,0.0
7.25;0.0,0.0,-0.39088088274002075;1.0,0.0,0.0,0.0
7.26;0.0,0.0,-0.39145320653915405;1.0,0.0,0.0,0.0
7.27;0.0,0.0,-0.3920242190361023;1.0,0.0,0.0,0.0
7.28;0.0,0.0,-0.3925938904285431;1.0,0.0,0.0,0.0
7.29;0.0,0.0,-0.39316225051879883;1.0,0.0,0.0,0.0
7.3;0.0,0.0,-0.3937292993068695;1.0,0.0,0.0,0.0
7.31;0.0,0.0,-0.39429500699043274;1.0,0.0,0.0,0.0
7.32;0.0,0.0,-0.3948593735694885;1.0,0.0,0.0,0.0
7.33;0.0,0.0,-0.39542239904403687;1.0,0.0,0.0,0.0
7.34;0.0,0.0,-0.39598411321640015;1.0,0.0,0.0,0.0
7.35;0.0,0.0,-0.3965444266796112;1.0,0.0,0.0,0.0
7.36;0.0,0.0,-0.3971033990383148;1.0,0.0,0.0,0.0
7.37;0.0,0.0,-0.397661030292511;1.0,0.0,0.0,0.0
7.38;0.0,0.0,-0.39821726083755493;1.0,0.0,0.0,0.0
7.39;0.0,0.0,-0.39877209067344666;1.0,0.0,0.0,0.0
7.4;0.0,0.0,-0.39932557940483093;1.0,0.0,0.0,0.0
7.41;0.0,0.0,-0.3998776972293854;1.0,0.0,0.0,0.0
7.42;0.0,0.0,-0.4004284143447876;1.0,0.0,0.0,0.0
7.43;0.0,0.0,-0.4009777009487152;1.0,0.0,0.0,0.0
7.44;0.0,0.0,-0.401525616645813;1.0,0.0,0.0,0.0
7.45;0.0,0.0,-0.40207207202911377;1.0,0.0,0.0,0.0
7.46;0.0,0.0,-0.4026171863079071;1.0,0.0,0.0,0.0
7.47;0.0,0.0,-0.40316084027290344;1.0,0.0,0.0,0.0
7.48;0.0,0.0,-0.4037030339241028;1.0,0.0,0.0,0.0
7.49;0.0,0.0,-0.4042438566684723;1.0,0.0,0.0,0.0
7.5;0.0,0.0,-0.4047831892967224;1.0,0.0,0.0,0.0
7.51;0.0,0.0,-0.4053211212158203;1.0,0.0,0.0,0.0
7.52;0.0,0.0,-0.4058575928211212;1.0,0.0,0.0,0.0
7.53;0.0,0.0,-0.40639257431030273;1.0,0.0,0.0,0.0
7.54;0.0,0.0,-0.40692612528800964;1.0,0.0,0.0,0.0
7.55;0.0,0.0,-0.40745821595191956;1.0,0.0,0.0,0.0
7.56;0.0,0.0,-0.4079887866973877;1.0,0.0,0.0,0.0
7.57;0.0,0.0,-0.40851786732673645;1.0,0.0,0.0,0.0
7.58;0.0,0.0,-0.4090455174446106;1.0,0.0,0.0,0.0
7.59;0.0,0.0,-0.4095716178417206;1.0,0.0,0.0,0.0
7.6;0.0,0.0,-0.41009631752967834;1.0,0.0,0.0,0.0
7.61;0.0,0.0,-0.41061943769454956;1.0,0.0,0.0,0.0
7.62;0.0,0.0,-0.411141037940979;1.0,0.0,0.0,0.0
7.63;0.0,0.0,-0.41166117787361145;1.0,0.0,0.0,0.0
7.64;0.0,0.0,-0.41217976808547974;1.0,0.0,0.0,0.0
7.65;0.0,0.0,-0.41269683837890625;1.0,0.0,0.0,0.0
7.66;0.0,0.0,-0.4132123589515686;1.0,0.0,0.0,0.0
7.67;0.0,0.0,-0.4137263894081116;1.0,0.0,0.0,0.0
7.68;0.0,0.0,-0.414238840341568;1.0,0.0,0.0,0.0
7.69;0.0,0.0,-0.41474971175193787;1.0,0.0,0.0,0.0
7.7;0.0,0.0,-0.41525909304618835;1.0,0.0,0.0,0.0
7.71;0.0,0.0,-0.4157668948173523;1.0,0.0,0.0,0.0
7.72;0.0,0.0,-0.4162731170654297;1.0,0.0,0.0,0.0
7.73;0.0,0.0,-0.4167777895927429;1.0,0.0,0.0,0.0
7.74;0.0,0.0,-0.4172808527946472;1.0,0.0,0.0,0.0
7.75;0.0,0.0,-0.41778236627578735;1.0,0.0,0.0,0.0
7.76;0.0,0.0,-0.41828227043151855;1.0,0.0,0.0,0.0
7.77;0.0,0.0,-0.41878053545951843;1.0,0.0,0.0,0.0
7.78;0.0,0.0,-0.41927725076675415;1.0,0.0,0.0,0.0
7.79;0.0,0.0,-0.4197724163532257;1.0,0.0,0.0,0.0
7.8;0.0,0.0,-0.4202658534049988;1.0,0.0,0.0,0.0
7.81;0.0,0.0,-0.4207577109336853;1.0,0.0,0.0,0.0
7.82;0.0,0.0,-0.42124801874160767;1.0,0.0,0.0,0.0
7.83;0.0,0.0,-0.4217366576194763;1.0,0.0,0.0,0.0
7.84;0.0,0.0,-0.42222359776496887;1.0,0.0,0.0,0.0
7.85;0.0,0.0,-0.4227089285850525;1.0,0.0,0.0,0.0
7.86;0.0,0.0,-0.4231926202774048;1.0,0.0,0.0,0.0
7.87;0.0,0.0,-0.42367467284202576;1.0,0.0,0.0,0.0
7.88;0.0,0.0,-0.4241551160812378;1.0,0.0,0.0,0.0
7.89;0.0,0.0,-0.42463377118110657;1.0,0.0,0.0,0.0
7.9;0.0,0.0,-0.4251108169555664;1.0,0.0,0.0,0.0
7.91;0.0,0.0,-0.4255862236022949;1.0,0.0,0.0,0.0
7.92;0.0,0.0,-0.42605990171432495;1.0,0.0,0.0,0.0
7.93;0.0,0.0,-0.4265318810939789;1.0,0.0,0.0,0.0
7.94;0.0,0.0,-0.4270022511482239;1.0,0.0,0.0,0.0
7.95;0.0,0.0,-0.4274708330631256;1.0,0.0,0.0,0.0
7.96;0.0,0.0,-0.427937775850296;1.0,0.0,0.0,0.0
7.97;0.0,0.0,-0.42840299010276794;1.0,0.0,0.0,0.0
7.98;0.0,0.0,-0.428866446018219;1.0,0.0,0.0,0.0
7.99;0.0,0.0,-0.42932820320129395;1.0,0.0,0.0,0.0
8.0;0.0,0.0,-0.429788202047348;1.0,0.0,0.0,0.0
8.01;0.0,0.0,-0.4302465319633484;1.0,0.0,0.0,0.0
8.02;0.0,0.0,-0.4307031035423279;1.0,0.0,0.0,0.0
8.03;0.0,0.0,-0.4311579167842865;1.0,0.0,0.0,0.0
8.04;0.0,0.0,-0.43161100149154663;1.0,0.0,0.0,0.0
8.05;0.0,0.0,-0.4320622682571411;1.0,0.0,0.0,0.0
8.06;0.0,0.0,-0.4325118064880371;1.0,0.0,0.0,0.0
8.07;0.0,0.0,-0.4329596161842346;1.0,0.0,0.0,0.0
8.08;0.0,0.0,-0.43340563774108887;1.0,0.0,0.0,0.0
8.09;0.0,0.0,-0.43384987115859985;1.0,0.0,0.0,0.0
8.1;0.0,0.0,-0.4342922568321228;1.0,0.0,0.0,0.0
8.11;0.0,0.0,-0.43473297357559204;1.0,0.0,0.0,0.0
8.12;0.0,0.0,-0.43517178297042847;1.0,0.0,0.0,0.0
8.13;0.0,0.0,-0.43560880422592163;1.0,0.0,0.0,0.0
8.14;0.0,0.0,-0.4360440969467163;1.0,0.0,0.0,0.0
8.15;0.0,0.0,-0.4364774823188782;1.0,0.0,0.0,0.0
8.16;0.0,0.0,-0.43690913915634155;1.0,0.0,0.0,0.0
8.17;0.0,0.0,-0.4373388886451721;1.0,0.0,0.0,0.0
8.18;0.0,0.0,-0.4377668499946594;1.0,0.0,0.0,0.0
8.19;0.0,0.0,-0.43819302320480347;1.0,0.0,0.0,0.0
8.2;0.0,0.0,-0.4386172890663147;1.0,0.0,0.0,0.0
8.21;0.0,0.0,-0.4390396475791931;1.0,0.0,0.0,0.0
8.22;0.0,0.0,-0.43946021795272827;1.0,0.0,0.0,0.0
8.23;0.0,0.0,-0.4398788809776306;1.0,0.0,0.0,0.0
8.24;0.0,0.0,-0.4402957558631897;1.0,0.0,0.0,0.0
8.25;0.0,0.0,-0.44071072340011597;1.0,0.0,0.0,0.0
8.26;0.0,0.0,-0.4411238431930542;1.0,0.0,0.0,0.0
8.27;0.0,0.0,-0.44153499603271484;1.0,0.0,0.0,0.0
8.28;0.0,0.0,-0.4419443607330322;1.0,0.0,0.0,0.0
8.29;0.0,0.0,-0.4423518180847168;1.0,0.0,0.0,0.0
8.3;0.0,0.0,-0.4427573084831238;1.0,0.0,0.0,0.0
8.31;0.0,0.0,-0.4431609511375427;1.0,0.0,0.0,0.0
8.32;0.0,0.0,-0.4435626268386841;1.0,0.0,0.0,0.0
8.33;0.0,0.0,-0.44396233558654785;1.0,0.0,0.0,0.0
8.34;0.0,0.0,-0.4443603754043579;1.0,0.0,0.0,0.0
8.35;0.0,0.0,-0.44475626945495605;1.0,0.0,0.0,0.0
8.36;0.0,0.0,-0.4451501965522766;1.0,0.0,0.0,0.0
8.37;0.0,0.0,-0.44554221630096436;1.0,0.0,0.0,0.0
8.38;0.0,0.0,-0.44593238830566406;1.0,0.0,0.0,0.0
8.39;0.0,0.0,-0.4463205337524414;1.0,0.0,0.0,0.0
8.4;0.0,0.0,-0.44670671224594116;1.0,0.0,0.0,0.0
8.41;0.0,0.0,-0.44709092378616333;1.0,0.0,0.0,0.0
8.42;0.0,0.0,-0.4474732279777527;1.0,0.0,0.0,0.0
8.43;0.0,0.0,-0.4478534460067749;1.0,0.0,0.0,0.0
8.44;0.0,0.0,-0.4482318162918091;1.0,0.0,0.0,0.0
8.45;0.0,0.0,-0.4486082196235657;1.0,0.0,0.0,0.0
8.46;0.0,0.0,-0.4489825367927551;1.0,0.0,0.0,0.0
8.47;0.0,0.0,-0.44935476779937744;1.0,0.0,0.0,0.0
8.48;0.0,0.0,-0.44972509145736694;1.0,0.0,0.0,0.0
8.49;0.0,0.0,-0.45009344816207886;1.0,0.0,0.0,0.0
8.5;0.0,0.0,-0.4504597783088684;1.0,0.0,0.0,0.0
8.51;0.0,0.0,-0.4508240818977356;1.0,0.0,0.0,0.0
8.52;0.0,0.0,-0.45118629932403564;1.0,0.0,0.0,0.0
8.53;0.0,0.0,-0.45154649019241333;1.0,0.0,0.0,0.0
8.54;0.0,0.0,-0.4519045948982239;1.0,0.0,0.0,0.0
8.55;0.0,0.0,-0.4522607922554016;1.0,0.0,0.0,0.0
8.56;0.0,0.0,-0.4526149034500122;1.0,0.0,0.0,0.0
8.57;0.0,0.0,-0.45296692848205566;1.0,0.0,0.0,0.0
8.58;0.0,0.0,-0.4533168077468872;1.0,0.0,0.0,0.0
8.59;0.0,0.0,-0.4536646604537964;1.0,0.0,0.0,0.0
8.6;0.0,0.0,-0.454010546207428;1.0,0.0,0.0,0.0
8.61;0.0,0.0,-0.4543542265892029;1.0,0.0,0.0,0.0
8.62;0.0,0.0,-0.4546958804130554;1.0,0.0,0.0,0.0
8.63;0.0,0.0,-0.45503562688827515;1.0,0.0,0.0,0.0
8.64;0.0,0.0,-0.4553729295730591;1.0,0.0,0.0,0.0
8.65;0.0,0.0,-0.4557083249092102;1.0,0.0,0.0,0.0
8.66;0.0,0.0,-0.4560416340827942;1.0,0.0,0.0,0.0
8.67;0.0,0.0,-0.4563727378845215;1.0,0.0,0.0,0.0
8.68;0.0,0.0,-0.45670175552368164;1.0,0.0,0.0,0.0
8.69;0.0,0.0,-0.45702868700027466;1.0,0.0,0.0,0.0
8.7;0.0,0.0,-0.4573533535003662;1.0,0.0,0.0,0.0
8.71;0.0,0.0,-0.4576759934425354;1.0,0.0,0.0,0.0
8.72;0.0,0.0,-0.4579964876174927;1.0,0.0,0.0,0.0
8.73;0.0,0.0,-0.4583148956298828;1.0,0.0,0.0,0.0
8.74;0.0,0.0,-0.4586310386657715;1.0,0.0,0.0,0.0
8.75;0.0,0.0,-0.458945095539093;1.0,0.0,0.0,0.0
8.76;0.0,0.0,-0.4592568874359131;1.0,0.0,0.0,0.0
8.77;0.0,0.0,-0.459566593170166;1.0,0.0,0.0,0.0
8.78;0.0,0.0,-0.45987415313720703;1.0,0.0,0.0,0.0
8.79;0.0,0.0,-0.46017950773239136;1.0,0.0,0.0,0.0
8.8;0.0,0.0,-0.4604825973510742;1.0,0.0,0.0,0.0
8.81;0.0,0.0,-0.46078354120254517;1.0,0.0,0.0,0.0
8.82;0.0,0.0,-0.4610822796821594;1.0,0.0,0.0,0.0
8.83;0.0,0.0,-0.4613787531852722;1.0,0.0,0.0,0.0
8.84;0.0,0.0,-0.46167314052581787;1.0,0.0,0.0,0.0
8.85;0.0,0.0,-0.4619651436805725;1.0,0.0,0.0,0.0
8.86;0.0,0.0,-0.46225506067276;1.0,0.0,0.0,0.0
8.87;0.0,0.0,-0.4625427722930908;1.0,0.0,0.0,0.0
8.88;0.0,0.0,-0.4628281593322754;1.0,0.0,0.0,0.0
8.89;0.0,0.0,-0.4631112813949585;1.0,0.0,0.0,0.0
8.9;0.0,0.0,-0.4633922576904297;1.0,0.0,0.0,0.0
8.91;0.0,0.0,-0.46367084980010986;1.0,0.0,0.0,0.0
8.92;0.0,0.0,-0.4639473557472229;1.0,0.0,0.0,0.0
8.93;0.0,0.0,-0.46422135829925537;1.0,0.0,0.0,0.0
8.94;0.0,0.0,-0.4644933342933655;1.0,0.0,0.0,0.0
8.95;0.0,0.0,-0.46476298570632935;1.0,0.0,0.0,0.0
8.96;0.0,0.0,-0.4650302529335022;1.0,0.0,0.0,0.0
8.97;0.0,0.0,-0.4652952551841736;1.0,0.0,0.0,0.0
8.98;0.0,0.0,-0.4655580520629883;1.0,0.0,0.0,0.0
8.99;0.0,0.0,-0.46581846475601196;1.0,0.0,0.0,0.0
9.0;0.0,0.0,-0.4660765528678894;1.0,0.0,0.0,0.0
9.01;0.0,0.0,-0.46633249521255493;1.0,0.0,0.0,0.0
9.02;0.0,0.0,-0.4665858745574951;1.0,0.0,0.0,0.0
9.03;0.0,0.0,-0.46683722734451294;1.0,0.0,0.0,0.0
9.04;0.0,0.0,-0.4670860767364502;1.0,0.0,0.0,0.0
9.05;0.0,0.0,-0.46733254194259644;1.0,0.0,0.0,0.0
9.06;0.0,0.0,-0.4675767421722412;1.0,0.0,0.0,0.0
9.07;0.0,0.0,-0.46781855821609497;1.0,0.0,0.0,0.0
9.08;0.0,0.0,-0.46805810928344727;1.0,0.0,0.0,0.0
9.09;0.0,0.0,-0.46829521656036377;1.0,0.0,0.0,0.0
9.1;0.0,0.0,-0.46852999925613403;1.0,0.0,0.0,0.0
9.11;0.0,0.0,-0.4687623977661133;1.0,0.0,0.0,0.0
9.12;0.0,0.0,-0.4689924120903015;1.0,0.0,0.0,0.0
9.13;0.0,0.0,-0.4692201018333435;1.0,0.0,0.0,0.0
9.14;0.0,0.0,-0.46944528818130493;1.0,0.0,0.0,0.0
9.15;0.0,0.0,-0.4696681499481201;1.0,0.0,0.0,0.0
9.16;0.0,0.0,-0.46988874673843384;1.0,0.0,0.0,0.0
9.17;0.0,0.0,-0.470106840133667;1.0,0.0,0.0,0.0
9.18;0.0,0.0,-0.4703224301338196;1.0,0.0,0.0,0.0
9.19;0.0,0.0,-0.47053563594818115;1.0,0.0,0.0,0.0
9.2;0.0,0.0,-0.47074657678604126;1.0,0.0,0.0,0.0
9.21;0.0,0.0,-0.470954954624176;1.0,0.0,0.0,0.0
9.22;0.0,0.0,-0.4711609482765198;1.0,0.0,0.0,0.0
9.23;0.0,0.0,-0.47136443853378296;1.0,0.0,0.0,0.0
9.24;0.0,0.0,-0.4715656042098999;1.0,0.0,0.0,0.0
9.25;0.0,0.0,-0.4717642068862915;1.0,0.0,0.0,0.0
9.26;0.0,0.0,-0.4719603657722473;1.0,0.0,0.0,0.0
9.27;0.0,0.0,-0.4721542000770569;1.0,0.0,0.0,0.0
9.28;0.0,0.0,-0.4723454713821411;1.0,0.0,0.0,0.0
9.29;0.0,0.0,-0.4725342392921448;1.0,0.0,0.0,0.0
9.3;0.0,0.0,-0.47272056341171265;1.0,0.0,0.0,0.0
9.31;0.0,0.0,-0.47290438413619995;1.0,0.0,0.0,0.0
9.32;0.0,0.0,-0.47308576107025146;1.0,0.0,0.0,0.0
9.33;0.0,0.0,-0.47326457500457764;1.0,0.0,0.0,0.0
9.34;0.0,0.0,-0.473440945148468;1.0,0.0,0.0,0.0
9.35;0.0,0.0,-0.47361475229263306;1.0,0.0,0.0,0.0
9.36;0.0,0.0,-0.4737861752510071;1.0,0.0,0.0,0.0
9.37;0.0,0.0,-0.47395503520965576;1.0,0.0,0.0,0.0
9.38;0.0,0.0,-0.47412121295928955;1.0,0.0,0.0,0.0
9.39;0.0,0.0,-0.4742850065231323;1.0,0.0,0.0,0.0
9.4;0.0,0.0,-0.47444629669189453;1.0,0.0,0.0,0.0
9.41;0.0,0.0,-0.4746049642562866;1.0,0.0,0.0,0.0
9.42;0.0,0.0,-0.47476112842559814;1.0,0.0,0.0,0.0
9.43;0.0,0.0,-0.47491466999053955;1.0,0.0,0.0,0.0
9.44;0.0,0.0,-0.4750657081604004;1.0,0.0,0.0,0.0
9.45;0.0,0.0,-0.4752141237258911;1.0,0.0,0.0,0.0
9.46;0.0,0.0,-0.47536009550094604;1.0,0.0,0.0,0.0
9.47;0.0,0.0,-0.4755033254623413;1.0,0.0,0.0,0.0
9.48;0.0,0.0,-0.47564417123794556;1.0,0.0,0.0,0.0
9.49;0.0,0.0,-0.47578221559524536;1.0,0.0,0.0,0.0
9.5;0.0,0.0,-0.47591787576675415;1.0,0.0,0.0,0.0
9.51;0.0,0.0,-0.4760507345199585;1.0,0.0,0.0,0.0
9.52;0.0,0.0,-0.4761812090873718;1.0,0.0,0.0,0.0
9.53;0.0,0.0,-0.4763088822364807;1.0,0.0,0.0,0.0
9.54;0.0,0.0,-0.4764341115951538;1.0,0.0,0.0,0.0
9.55;0.0,0.0,-0.4765564799308777;1.0,0.0,0.0,0.0
9.56;0.0,0.0,-0.47667646408081055;1.0,0.0,0.0,0.0
9.57;0.0,0.0,-0.47679364681243896;1.0,0.0,0.0,0.0
9.58;0.0,0.0,-0.47690826654434204;1.0,0.0,0.0,0.0
9.59;0.0,0.0,-0.47702014446258545;1.0,0.0,0.0,0.0
9.6;0.0,0.0,-0.47712957859039307;1.0,0.0,0.0,0.0
9.61;0.0,0.0,-0.47723621129989624;1.0,0.0,0.0,0.0
9.62;0.0,0.0,-0.4773402214050293;1.0,0.0,0.0,0.0
9.63;0.0,0.0,-0.47744154930114746;1.0,0.0,0.0,0.0
9.64;0.0,0.0,-0.47754019498825073;1.0,0.0,0.0,0.0
9.65;0.0,0.0,-0.4776361584663391;1.0,0.0,0.0,0.0
9.66;0.0,0.0,-0.4777294397354126;1.0,0.0,0.0,0.0
9.67;0.0,0.0,-0.4778199791908264;1.0,0.0,0.0,0.0
9.68;0.0,0.0,-0.4779078960418701;1.0,0.0,0.0,0.0
9.69;0.0,0.0,-0.4779931902885437;1.0,0.0,0.0,0.0
9.7;0.0,0.0,-0.47807568311691284;1.0,0.0,0.0,0.0
9.71;0.0,0.0,-0.4781554341316223;1.0,0.0,0.0,0.0
9.72;0.0,0.0,-0.4782324433326721;1.0,0.0,0.0,0.0
9.73;0.0,0.0,-0.4783068895339966;1.0,0.0,0.0,0.0
9.74;0.0,0.0,-0.47837841510772705;1.0,0.0,0.0,0.0
9.75;0.0,0.0,-0.4784473180770874;1.0,0.0,0.0,0.0
9.76;0.0,0.0,-0.47851336002349854;1.0,0.0,0.0,0.0
9.77;0.0,0.0,-0.4785767197608948;1.0,0.0,0.0,0.0
9.78;0.0,0.0,-0.47863733768463135;1.0,0.0,0.0,0.0
9.79;0.0,0.0,-0.4786951541900635;1.0,0.0,0.0,0.0
9.8;0.0,0.0,-0.4787502884864807;1.0,0.0,0.0,0.0
9.81;0.0,0.0,-0.4788026213645935;1.0,0.0,0.0,0.0
9.82;0.0,0.0,-0.47885215282440186;1.0,0.0,0.0,0.0
9.83;0.0,0.0,-0.47889894247055054;1.0,0.0,0.0,0.0
9.84;0.0,0.0,-0.47894287109375;1.0,0.0,0.0,0.0
9.85;0.0,0.0,-0.4789840579032898;1.0,0.0,0.0,0.0
9.86;0.0,0.0,-0.47902244329452515;1.0,0.0,0.0,0.0
9.87;0.0,0.0,-0.4790579676628113;1.0,0.0,0.0,0.0
9.88;0.0,0.0,-0.47909069061279297;1.0,0.0,0.0,0.0
9.89;0.0,0.0,-0.47912073135375977;1.0,0.0,0.0,0.0
9.9;0.0,0.0,-0.47914785146713257;1.0,0.0,0.0,0.0
9.91;0.0,0.0,-0.4791720509529114;1.0,0.0,0.0,0.0
9.92;0.0,0.0,-0.47919344902038574;1.0,0.0,0.0,0.0
9.93;0.0,0.0,-0.47921204566955566;1.0,0.0,0.0,0.0
9.94;0.0,0.0,-0.4792279601097107;1.0,0.0,0.0,0.0
9.95;0.0,0.0,-0.4792407751083374;1.0,0.0,0.0,0.0
9.96;0.0,0.0,-0.47925084829330444;1.0,0.0,0.0,0.0
9.97;0.0,0.0,-0.47925806045532227;1.0,0.0,0.0,0.0
9.98;0.0,0.0,-0.4792623519897461;1.0,0.0,0.0,0.0
9.99;0.0,0.0,-0.4792637825012207;1.0,0.0,0.0,0.0
