0.0;0.0,0.0,0.0;1.0,0.0,0.0,0.0
0.01;0.0,0.0,0.0;1.0,0.0,0.0,0.0
0.02;0.0,0.0,0.0;1.0,0.0,0.0,0.0
0.03;0.0,0.0,0.0;1.0,0.0,0.0,0.0
0.04;0.0,0.0,0.0;1.0,0.0,0.0,0.0
0.05;0.0,0.0,0.0;1.0,0.0,0.0,0.0
0.06;0.0,0.0,0.0;1.0,0.0,0.0,0.0
0.07;0.0,0.0,0.0;1.0,0.0,0.0,0.0
0.08;0.0,0.0,0.0;1.0,0.0,0.0,0.0
0.09;0.0,0.0,0.0;1.0,0.0,0.0,0.0
0.1;0.0,0.0,0.0;1.0,0.0,0.0,0.0
0.11;0.0,0.0,0.0;1.0,0.0,0.0,0.0
0.12;0.0,0.0,0.0;1.0,0.0,0.0,0.0
0.13;0.0,0.0,0.0;1.0,0.0,0.0,0.0
0.14;0.0,0.0,0.0;1.0,0.0,0.0,0.0
0.15;0.0,0.0,0.0;1.0,0.0,0.0,0.0
0.16;0.0,0.0,0.0;1.0,0.0,0.0,0.0
0.17;0.0,0.0,0.0;1.0,0.0,0.0,0.0
0.18;0.0,0.0,0.0;1.0,0.0,0.0,0.0
0.19;0.0,0.0,0.0;1.0,0.0,0.0,0.0
0.2;0.0,0.0,0.0;1.0,0.0,0.0,0.0
0.21;0.0,0.0,0.0;1.0,0.0,0.0,0.0
0.22;0.0,0.0,0.0;1.0,0.0,0.0,0.0
0.23;0.0,0.0,0.0;1.0,0.0,0.0,0.0
0.24;0.0,0.0,0.0;1.0,0.0,0.0,0.0
0.25;0.0,0.0,0.0;1.0,0.0,0.0,0.0
0.26;0.0,0.0,0.0;1.0,0.0,0.0,0.0
0.27;0.0,0.0,0.0;1.0,0.0,0.0,0.0
0.28;0.0,0.0,0.0;1.0,0.0,0.0,0.0
0.29;0.0,0.0,0.0;1.0,0.0,0.0,0.0
0.3;0.0,0.0,0.0;1.0,0.0,0.0,0.0
0.31;0.0,0.0,0.0;1.0,0.0,0.0,0.0
0.32;0.0,0.0,0.0;1.0,0.0,0.0,0.0
0.33;0.0,0.0,0.0;1.0,0.0,0.0,0.0
0.34;0.0,0.0,0.0;1.0,0.0,0.0,0.0
0.35;0.0,0.0,0.0;1.0,0.0,0.0,0.0
0.36;0.0,0.0,0.0;1.0,0.0,0.0,0.0
0.37;0.0,0.0,0.0;1.0,0.0,0.0,0.0
0.38;0.0,0.0,0.0;1.0,0.0,0.0,0.0
0.39;0.0,0.0,0.0;1.0,0.0,0.0,0.0
0.4;0.0,0.0,0.0;1.0,0.0,0.0,0.0
0.41;0.0,0.0,0.0;1.0,0.0,0.0,0.0
0.42;0.0,0.0,0.0;1.0,0.0,0.0,0.0
0.43;0.0,0.0,0.0;1.0,0.0,0.0,0.0
0.44;0.0,0.0,0.0;1.0,0.0,0.0,0.0
0.45;0.0,0.0,0.0;1.0,0.0,0.0,0.0
0.46;0.0,0.0,0.0;1.0,0.0,0.0,0.0
0.47;0.0,0.0,0.0;1.0,0.0,0.0,0.0
0.48;0.0,0.0,0.0;1.0,0.0,0.0,0.0
0.49;0.0,0.0,0.0;1.0,0.0,0.0,0.0
0.5;0.0,0.0,0.0;1.0,0.0,0.0,0.0
0.51;0.0,0.0,0.0;1.0,0.0,0.0,0.0
0.52;0.0,0.0,0.0;1.0,0.0,0.0,0.0
0.53;0.0,0.0,0.0;1.0,0.0,0.0,0.0
0.54;0.0,0.0,0.0;1.0,0.0,0.0,0.0
0.55;0.0,0.0,0.0;1.0,0.0,0.0,0.0
0.56;0.0,0.0,0.0;1.0,0.0,0.0,0.0
0.57;0.0,0.0,0.0;1.0,0.0,0.0,0.0
0.58;0.0,0.0,0.0;1.0,0.0,0.0,0.0
0.59;0.0,0.0,0.0;1.0,0.0,0.0,0.0
0.6;0.0,0.0,0.0;1.0,0.0,0.0,0.0
0.61;0.0,0.0,0.0;1.0,0.0,0.0,0.0
0.62;0.0,0.0,0.0;1.0,0.0,0.0,0.0
0.63;0.0,0.0,0.0;1.0,0.0,0.0,0.0
0.64;0.0,0.0,0.0;1.0,0.0,0.0,0.0
0.65;0.0,0.0,0.0;1.0,0.0,0.0,0.0
0.66;0.0,0.0,0.0;1.0,0.0,0.0,0.0
0.67;0.0,0.0,0.0;1.0,0.0,0.0,0.0
0.68;0.0,0.0,0.0;1.0,0.0,0.0,0.0
0.69;0.0,0.0,0.0;1.0,0.0,0.0,0.0
0.7;0.0,0.0,0.0;1.0,0.0,0.0,0.0
0.71;0.0,0.0,0.0;1.0,0.0,0.0,0.0
0.72;0.0,0.0,0.0;1.0,0.0,0.0,0.0
0.73;0.0,0.0,0.0;1.0,0.0,0.0,0.0
0.74;0.0,0.0,0.0;1.0,0.0,0.0,0.0
0.75;0.0,0.0,0.0;1.0,0.0,0.0,0.0
0.76;0.0,0.0,0.0;1.0,0.0,0.0,0.0
0.77;0.0,0.0,0.0;1.0,0.0,0.0,0.0
0.78;0.0,0.0,0.0;1.0,0.0,0.0,0.0
0.79;0.0,0.0,0.0;1.0,0.0,0.0,0.0
0.8;0.0,0.0,0.0;1.0,0.0,0.0,0.0
0.81;0.0,0.0,0.0;1.0,0.0,0.0,0.0
0.82;0.0,0.0,0.0;1.0,0.0,0.0,0.0
0.83;0.0,0.0,0.0;1.0,0.0,0.0,0.0
0.84;0.0,0.0,0.0;1.0,0.0,0.0,0.0
0.85;0.0,0.0,0.0;1.0,0.0,0.0,0.0
0.86;0.0,0.0,0.0;1.0,0.0,0.0,0.0
0.87;0.0,0.0,0.0;1.0,0.0,0.0,0.0
0.88;0.0,0.0,0.0;1.0,0.0,0.0,0.0
0.89;0.0,0.0,0.0;1.0,0.0,0.0,0.0
0.9;0.0,0.0,0.0;1.0,0.0,0.0,0.0
0.91;0.0,0.0,0.0;1.0,0.0,0.0,0.0
0.92;0.0,0.0,0.0;1.0,0.0,0.0,0.0
0.93;0.0,0.0,0.0;1.0,0.0,0.0,0.0
0.94;0.0,0.0,0.0;1.0,0.0,0.0,0.0
0.95;0.0,0.0,0.0;1.0,0.0,0.0,0.0
0.96;0.0,0.0,0.0;1.0,0.0,0.0,0.0
0.97;0.0,0.0,0.0;1.0,0.0,0.0,0.0
0.98;0.0,0.0,0.0;1.0,0.0,0.0,0.0
0.99;0.0,0.0,0.0;1.0,0.0,0.0,0.0
1.0;0.0,0.0,0.0;1.0,0.0,0.0,0.0
1.01;0.0,0.0,0.0;1.0,0.0,0.0,0.0
1.02;0.0,0.0,0.0;1.0,0.0,0.0,0.0
1.03;0.0,0.0,0.0;1.0,0.0,0.0,0.0
1.04;0.0,0.0,0.0;1.0,0.0,0.0,0.0
1.05;0.0,0.0,0.0;1.0,0.0,0.0,0.0
1.06;0.0,0.0,0.0;1.0,0.0,0.0,0.0
1.07;0.0,0.0,0.0;1.0,0.0,0.0,0.0
1.08;0.0,0.0,0.0;1.0,0.0,0.0,0.0
1.09;0.0,0.0,0.0;1.0,0.0,0.0,0.0
1.1;0.0,0.0,0.0;1.0,0.0,0.0,0.0
1.11;0.0,0.0,0.0;1.0,0.0,0.0,0.0
1.12;0.0,0.0,0.0;1.0,0.0,0.0,0.0
1.13;0.0,0.0,0.0;1.0,0.0,0.0,0.0
1.14;0.0,0.0,0.0;1.0,0.0,0.0,0.0
1.15;0.0,0.0,0.0;1.0,0.0,0.0,0.0
1.16;0.0,0.0,0.0;1.0,0.0,0.0,0.0
1.17;0.0,0.0,0.0;1.0,0.0,0.0,0.0
1.18;0.0,0.0,0.0;1.0,0.0,0.0,0.0
1.19;0.0,0.0,0.0;1.0,0.0,0.0,0.0
1.2;0.0,0.0,0.0;1.0,0.0,0.0,0.0
1.21;0.0,0.0,0.0;1.0,0.0,0.0,0.0
1.22;0.0,0.0,0.0;1.0,0.0,0.0,0.0
1.23;0.0,0.0,0.0;1.0,0.0,0.0,0.0
1.24;0.0,0.0,0.0;1.0,0.0,0.0,0.0
1.25;0.0,0.0,0.0;1.0,0.0,0.0,0.0
1.26;0.0,0.0,0.0;1.0,0.0,0.0,0.0
1.27;0.0,0.0,0.0;1.0,0.0,0.0,0.0
1.28;0.0,0.0,0.0;1.0,0.0,0.0,0.0
1.29;0.0,0.0,0.0;1.0,0.0,0.0,0.0
1.3;0.0,0.0,0.0;1.0,0.0,0.0,0.0
1.31;0.0,0.0,0.0;1.0,0.0,0.0,0.0
1.32;0.0,0.0,0.0;1.0,0.0,0.0,0.0
1.33;0.0,0.0,0.0;1.0,0.0,0.0,0.0
1.34;0.0,0.0,0.0;1.0,0.0,0.0,0.0
1.35;0.0,0.0,0.0;1.0,0.0,0.0,0.0
1.36;0.0,0.0,0.0;1.0,0.0,0.0,0.0
1.37;0.0,0.0,0.0;1.0,0.0,0.0,0.0
1.38;0.0,0.0,0.0;1.0,0.0,0.0,0.0
1.39;0.0,0.0,0.0;1.0,0.0,0.0,0.0
1.4;0.0,0.0,0.0;1.0,0.0,0.0,0.0
1.41;0.0,0.0,0.0;1.0,0.0,0.0,0.0
1.42;0.0,0.0,0.0;1.0,0.0,0.0,0.0
1.43;0.0,0.0,0.0;1.0,0.0,0.0,0.0
1.44;0.0,0.0,0.0;1.0,0.0,0.0,0.0
1.45;0.0,0.0,0.0;1.0,0.0,0.0,0.0
1.46;0.0,0.0,0.0;1.0,0.0,0.0,0.0
1.47;0.0,0.0,0.0;1.0,0.0,0.0,0.0
1.48;0.0,0.0,0.0;1.0,0.0,0.0,0.0
1.49;0.0,0.0,0.0;1.0,0.0,0.0,0.0
1.5;0.0,0.0,0.0;1.0,0.0,0.0,0.0
1.51;0.0,0.0,0.0;1.0,0.0,0.0,0.0
1.52;0.0,0.0,0.0;1.0,0.0,0.0,0.0
1.53;0.0,0.0,0.0;1.0,0.0,0.0,0.0
1.54;0.0,0.0,0.0;1.0,0.0,0.0,0.0
1.55;0.0,0.0,0.0;1.0,0.0,0.0,0.0
1.56;0.0,0.0,0.0;1.0,0.0,0.0,0.0
1.57;0.0,0.0,0.0;1.0,0.0,0.0,0.0
1.58;0.0,0.0,0.0;1.0,0.0,0.0,0.0
1.59;0.0,0.0,0.0;1.0,0.0,0.0,0.0
1.6;0.0,0.0,0.0;1.0,0.0,0.0,0.0
1.61;0.0,0.0,0.0;1.0,0.0,0.0,0.0
1.62;0.0,0.0,0.0;1.0,0.0,0.0,0.0
1.63;0.0,0.0,0.0;1.0,0.0,0.0,0.0
1.64;0.0,0.0,0.0;1.0,0.0,0.0,0.0
1.65;0.0,0.0,0.0;1.0,0.0,0.0,0.0
1.66;0.0,0.0,0.0;1.0,0.0,0.0,0.0
1.67;0.0,0.0,0.0;1.0,0.0,0.0,0.0
1.68;0.0,0.0,0.0;1.0,0.0,0.0,0.0
1.69;0.0,0.0,0.0;1.0,0.0,0.0,0.0
1.7;0.0,0.0,0.0;1.0,0.0,0.0,0.0
1.71;0.0,0.0,0.0;1.0,0.0,0.0,0.0
1.72;0.0,0.0,0.0;1.0,0.0,0.0,0.0
1.73;0.0,0.0,0.0;1.0,0.0,0.0,0.0
1.74;0.0,0.0,0.0;1.0,0.0,0.0,0.0
1.75;0.0,0.0,0.0;1.0,0.0,0.0,0.0
1.76;0.0,0.0,0.0;1.0,0.0,0.0,0.0
1.77;0.0,0.0,0.0;1.0,0.0,0.0,0.0
1.78;0.0,0.0,0.0;1.0,0.0,0.0,0.0
1.79;0.0,0.0,0.0;1.0,0.0,0.0,0.0
1.8;0.0,0.0,0.0;1.0,0.0,0.0,0.0
1.81;0.0,0.0,0.0;1.0,0.0,0.0,0.0
1.82;0.0,0.0,0.0;1.0,0.0,0.0,0.0
1.83;0.0,0.0,0.0;1.0,0.0,0.0,0.0
1.84;0.0,0.0,0.0;1.0,0.0,0.0,0.0
1.85;0.0,0.0,0.0;1.0,0.0,0.0,0.0
1.86;0.0,0.0,0.0;1.0,0.0,0.0,0.0
1.87;0.0,0.0,0.0;1.0,0.0,0.0,0.0
1.88;0.0,0.0,0.0;1.0,0.0,0.0,0.0
1.89;0.0,0.0,0.0;1.0,0.0,0.0,0.0
1.9;0.0,0.0,0.0;1.0,0.0,0.0,0.0
1.91;0.0,0.0,0.0;1.0,0.0,0.0,0.0
1.92;0.0,0.0,0.0;1.0,0.0,0.0,0.0
1.93;0.0,0.0,0.0;1.0,0.0,0.0,0.0
1.94;0.0,0.0,0.0;1.0,0.0,0.0,0.0
1.95;0.0,0.0,0.0;1.0,0.0,0.0,0.0
1.96;0.0,0.0,0.0;1.0,0.0,0.0,0.0
1.97;0.0,0.0,0.0;1.0,0.0,0.0,0.0
1.98;0.0,0.0,0.0;1.0,0.0,0.0,0.0
1.99;0.0,0.0,0.0;1.0,0.0,0.0,0.0
2.0;0.0,0.0,0.0;1.0,0.0,0.0,0.0
2.01;0.0,0.0,0.0;1.0,0.0,0.0,0.0
2.02;0.0,0.0,0.0;1.0,0.0,0.0,0.0
2.03;0.0,0.0,0.0;1.0,0.0,0.0,0.0
2.04;0.0,0.0,0.0;1.0,0.0,0.0,0.0
2.05;0.0,0.0,0.0;1.0,0.0,0.0,0.0
2.06;0.0,0.0,0.0;1.0,0.0,0.0,0.0
2.07;0.0,0.0,0.0;1.0,0.0,0.0,0.0
2.08;0.0,0.0,0.0;1.0,0.0,0.0,0.0
2.09;0.0,0.0,0.0;1.0,0.0,0.0,0.0
2.1;0.0,0.0,0.0;1.0,0.0,0.0,0.0
2.11;0.0,0.0,0.0;1.0,0.0,0.0,0.0
2.12;0.0,0.0,0.0;1.0,0.0,0.0,0.0
2.13;0.0,0.0,0.0;1.0,0.0,0.0,0.0
2.14;0.0,0.0,0.0;1.0,0.0,0.0,0.0
2.15;0.0,0.0,0.0;1.0,0.0,0.0,0.0
2.16;0.0,0.0,0.0;1.0,0.0,0.0,0.0
2.17;0.0,0.0,0.0;1.0,0.0,0.0,0.0
2.18;0.0,0.0,0.0;1.0,0.0,0.0,0.0
2.19;0.0,0.0,0.0;1.0,0.0,0.0,0.0
2.2;0.0,0.0,0.0;1.0,0.0,0.0,0.0
2.21;0.0,0.0,0.0;1.0,0.0,0.0,0.0
2.22;0.0,0.0,0.0;1.0,0.0,0.0,0.0
2.23;0.0,0.0,0.0;1.0,0.0,0.0,0.0
2.24;0.0,0.0,0.0;1.0,0.0,0.0,0.0
2.25;0.0,0.0,0.0;1.0,0.0,0.0,0.0
2.26;0.0,0.0,0.0;1.0,0.0,0.0,0.0
2.27;0.0,0.0,0.0;1.0,0.0,0.0,0.0
2.28;0.0,0.0,0.0;1.0,0.0,0.0,0.0
2.29;0.0,0.0,0.0;1.0,0.0,0.0,0.0
2.3;0.0,0.0,0.0;1.0,0.0,0.0,0.0
2.31;0.0,0.0,0.0;1.0,0.0,0.0,0.0
2.32;0.0,0.0,0.0;1.0,0.0,0.0,0.0
2.33;0.0,0.0,0.0;1.0,0.0,0.0,0.0
2.34;0.0,0.0,0.0;1.0,0.0,0.0,0.0
2.35;0.0,0.0,0.0;1.0,0.0,0.0,0.0
2.36;0.0,0.0,0.0;1.0,0.0,0.0,0.0
2.37;0.0,0.0,0.0;1.0,0.0,0.0,0.0
2.38;0.0,0.0,0.0;1.0,0.0,0.0,0.0
2.39;0.0,0.0,0.0;1.0,0.0,0.0,0.0
2.4;0.0,0.0,0.0;1.0,0.0,0.0,0.0
2.41;0.0,0.0,0.0;1.0,0.0,0.0,0.0
2.42;0.0,0.0,0.0;1.0,0.0,0.0,0.0
2.43;0.0,0.0,0.0;1.0,0.0,0.0,0.0
2.44;0.0,0.0,0.0;1.0,0.0,0.0,0.0
2.45;0.0,0.0,0.0;1.0,0.0,0.0,0.0
2.46;0.0,0.0,0.0;1.0,0.0,0.0,0.0
2.47;0.0,0.0,0.0;1.0,0.0,0.0,0.0
2.48;0.0,0.0,0.0;1.0,0.0,0.0,0.0
2.49;0.0,0.0,0.0;1.0,0.0,0.0,0.0
2.5;0.0,0.0,0.0;1.0,0.0,0.0,0.0
2.51;0.0,0.0,0.0;1.0,0.0,0.0,0.0
2.52;0.0,0.0,0.0;1.0,0.0,0.0,0.0
2.53;0.0,0.0,0.0;1.0,0.0,0.0,0.0
2.54;0.0,0.0,0.0;1.0,0.0,0.0,0.0
2.55;0.0,0.0,0.0;1.0,0.0,0.0,0.0
2.56;0.0,0.0,0.0;1.0,0.0,0.0,0.0
2.57;0.0,0.0,0.0;1.0,0.0,0.0,0.0
2.58;0.0,0.0,0.0;1.0,0.0,0.0,0.0
2.59;0.0,0.0,0.0;1.0,0.0,0.0,0.0
2.6;0.0,0.0,0.0;1.0,0.0,0.0,0.0
2.61;0.0,0.0,0.0;1.0,0.0,0.0,0.0
2.62;0.0,0.0,0.0;1.0,0.0,0.0,0.0
2.63;0.0,0.0,0.0;1.0,0.0,0.0,0.0
2.64;0.0,0.0,0.0;1.0,0.0,0.0,0.0
2.65;0.0,0.0,0.0;1.0,0.0,0.0,0.0
2.66;0.0,0.0,0.0;1.0,0.0,0.0,0.0
2.67;0.0,0.0,0.0;1.0,0.0,0.0,0.0
2.68;0.0,0.0,0.0;1.0,0.0,0.0,0.0
2.69;0.0,0.0,0.0;1.0,0.0,0.0,0.0
2.7;0.0,0.0,0.0;1.0,0.0,0.0,0.0
2.71;0.0,0.0,0.0;1.0,0.0,0.0,0.0
2.72;0.0,0.0,0.0;1.0,0.0,0.0,0.0
2.73;0.0,0.0,0.0;1.0,0.0,0.0,0.0
2.74;0.0,0.0,0.0;1.0,0.0,0.0,0.0
2.75;0.0,0.0,0.0;1.0,0.0,0.0,0.0
2.76;0.0,0.0,0.0;1.0,0.0,0.0,0.0
2.77;0.0,0.0,0.0;1.0,0.0,0.0,0.0
2.78;0.0,0.0,0.0;1.0,0.0,0.0,0.0
2.79;0.0,0.0,0.0;1.0,0.0,0.0,0.0
2.8;0.0,0.0,0.0;1.0,0.0,0.0,0.0
2.81;0.0,0.0,0.0;1.0,0.0,0.0,0.0
2.82;0.0,0.0,0.0;1.0,0.0,0.0,0.0
2.83;0.0,0.0,0.0;1.0,0.0,0.0,0.0
2.84;0.0,0.0,0.0;1.0,0.0,0.0,0.0
2.85;0.0,0.0,0.0;1.0,0.0,0.0,0.0
2.86;0.0,0.0,0.0;1.0,0.0,0.0,0.0
2.87;0.0,0.0,0.0;1.0,0.0,0.0,0.0
2.88;0.0,0.0,0.0;1.0,0.0,0.0,0.0
2.89;0.0,0.0,0.0;1.0,0.0,0.0,0.0
2.9;0.0,0.0,0.0;1.0,0.0,0.0,0.0
2.91;0.0,0.0,0.0;1.0,0.0,0.0,0.0
2.92;0.0,0.0,0.0;1.0,0.0,0.0,0.0
2.93;0.0,0.0,0.0;1.0,0.0,0.0,0.0
2.94;0.0,0.0,0.0;1.0,0.0,0.0,0.0
2.95;0.0,0.0,0.0;1.0,0.0,0.0,0.0
2.96;0.0,0.0,0.0;1.0,0.0,0.0,0.0
2.97;0.0,0.0,0.0;1.0,0.0,0.0,0.0
2.98;0.0,0.0,0.0;1.0,0.0,0.0,0.0
2.99;0.0,0.0,0.0;1.0,0.0,0.0,0.0
3.0;0.0,0.0,0.0;1.0,0.0,0.0,0.0
3.01;0.0,0.0,0.0;1.0,0.0,0.0,0.0
3.02;0.0,0.0,0.0;1.0,0.0,0.0,0.0
3.03;0.0,0.0,0.0;1.0,0.0,0.0,0.0
3.04;0.0,0.0,0.0;1.0,0.0,0.0,0.0
3.05;0.0,0.0,0.0;1.0,0.0,0.0,0.0
3.06;0.0,0.0,0.0;1.0,0.0,0.0,0.0
3.07;0.0,0.0,0.0;1.0,0.0,0.0,0.0
3.08;0.0,0.0,0.0;1.0,0.0,0.0,0.0
3.09;0.0,0.0,0.0;1.0,0.0,0.0,0.0
3.1;0.0,0.0,0.0;1.0,0.0,0.0,0.0
3.11;0.0,0.0,0.0;1.0,0.0,0.0,0.0
3.12;0.0,0.0,0.0;1.0,0.0,0.0,0.0
3.13;0.0,0.0,0.0;1.0,0.0,0.0,0.0
3.14;0.0,0.0,0.0;1.0,0.0,0.0,0.0
3.15;0.0,0.0,0.0;1.0,0.0,0.0,0.0
3.16;0.0,0.0,0.0;1.0,0.0,0.0,0.0
3.17;0.0,0.0,0.0;1.0,0.0,0.0,0.0
3.18;0.0,0.0,0.0;1.0,0.0,0.0,0.0
3.19;0.0,0.0,0.0;1.0,0.0,0.0,0.0
3.2;0.0,0.0,0.0;1.0,0.0,0.0,0.0
3.21;0.0,0.0,0.0;1.0,0.0,0.0,0.0
3.22;0.0,0.0,0.0;1.0,0.0,0.0,0.0
3.23;0.0,0.0,0.0;1.0,0.0,0.0,0.0
3.24;0.0,0.0,0.0;1.0,0.0,0.0,0.0
3.25;0.0,0.0,0.0;1.0,0.0,0.0,0.0
3.26;0.0,0.0,0.0;1.0,0.0,0.0,0.0
3.27;0.0,0.0,0.0;1.0,0.0,0.0,0.0
3.28;0.0,0.0,0.0;1.0,0.0,0.0,0.0
3.29;0.0,0.0,0.0;1.0,0.0,0.0,0.0
3.3;0.0,0.0,0.0;1.0,0.0,0.0,0.0
3.31;0.0,0.0,0.0;1.0,0.0,0.0,0.0
3.32;0.0,0.0,0.0;1.0,0.0,0.0,0.0
3.33;0.0,0.0,0.0;1.0,0.0,0.0,0.0
3.34;0.0,0.0,0.0;1.0,0.0,0.0,0.0
3.35;0.0,0.0,0.0;1.0,0.0,0.0,0.0
3.36;0.0,0.0,0.0;1.0,0.0,0.0,0.0
3.37;0.0,0.0,0.0;1.0,0.0,0.0,0.0
3.38;0.0,0.0,0.0;1.0,0.0,0.0,0.0
3.39;0.0,0.0,0.0;1.0,0.0,0.0,0.0
3.4;0.0,0.0,0.0;1.0,0.0,0.0,0.0
3.41;0.0,0.0,0.0;1.0,0.0,0.0,0.0
3.42;0.0,0.0,0.0;1.0,0.0,0.0,0.0
3.43;0.0,0.0,0.0;1.0,0.0,0.0,0.0
3.44;0.0,0.0,0.0;1.0,0.0,0.0,0.0
3.45;0.0,0.0,0.0;1.0,0.0,0.0,0.0
3.46;0.0,0.0,0.0;1.0,0.0,0.0,0.0
3.47;0.0,0.0,0.0;1.0,0.0,0.0,0.0
3.48;0.0,0.0,0.0;1.0,0.0,0.0,0.0
3.49;0.0,0.0,0.0;1.0,0.0,0.0,0.0
3.5;0.0,0.0,0.0;1.0,0.0,0.0,0.0
3.51;0.0,0.0,0.0;1.0,0.0,0.0,0.0
3.52;0.0,0.0,0.0;1.0,0.0,0.0,0.0
3.53;0.0,0.0,0.0;1.0,0.0,0.0,0.0
3.54;0.0,0.0,0.0;1.0,0.0,0.0,0.0
3.55;0.0,0.0,0.0;1.0,0.0,0.0,0.0
3.56;0.0,0.0,0.0;1.0,0.0,0.0,0.0
3.57;0.0,0.0,0.0;1.0,0.0,0.0,0.0
3.58;0.0,0.0,0.0;1.0,0.0,0.0,0.0
3.59;0.0,0.0,0.0;1.0,0.0,0.0,0.0
3.6;0.0,0.0,0.0;1.0,0.0,0.0,0.0
3.61;0.0,0.0,0.0;1.0,0.0,0.0,0.0
3.62;0.0,0.0,0.0;1.0,0.0,0.0,0.0
3.63;0.0,0.0,0.0;1.0,0.0,0.0,0.0
3.64;0.0,0.0,0.0;1.0,0.0,0.0,0.0
3.65;0.0,0.0,0.0;1.0,0.0,0.0,0.0
3.66;0.0,0.0,0.0;1.0,0.0,0.0,0.0
3.67;0.0,0.0,0.0;1.0,0.0,0.0,0.0
3.68;0.0,0.0,0.0;1.0,0.0,0.0,0.0
3.69;0.0,0.0,0.0;1.0,0.0,0.0,0.0
3.7;0.0,0.0,0.0;1.0,0.0,0.0,0.0
3.71;0.0,0.0,0.0;1.0,0.0,0.0,0.0
3.72;0.0,0.0,0.0;1.0,0.0,0.0,0.0
3.73;0.0,0.0,0.0;1.0,0.0,0.0,0.0
3.74;0.0,0.0,0.0;1.0,0.0,0.0,0.0
3.75;0.0,0.0,0.0;1.0,0.0,0.0,0.0
3.76;0.0,0.0,0.0;1.0,0.0,0.0,0.0
3.77;0.0,0.0,0.0;1.0,0.0,0.0,0.0
3.78;0.0,0.0,0.0;1.0,0.0,0.0,0.0
3.79;0.0,0.0,0.0;1.0,0.0,0.0,0.0
3.8;0.0,0.0,0.0;1.0,0.0,0.0,0.0
3.81;0.0,0.0,0.0;1.0,0.0,0.0,0.0
3.82;0.0,0.0,0.0;1.0,0.0,0.0,0.0
3.83;0.0,0.0,0.0;1.0,0.0,0.0,0.0
3.84;0.0,0.0,0.0;1.0,0.0,0.0,0.0
3.85;0.0,0.0,0.0;1.0,0.0,0.0,0.0
3.86;0.0,0.0,0.0;1.0,0.0,0.0,0.0
3.87;0.0,0.0,0.0;1.0,0.0,0.0,0.0
3.88;0.0,0.0,0.0;1.0,0.0,0.0,0.0
3.89;0.0,0.0,0.0;1.0,0.0,0.0,0.0
3.9;0.0,0.0,0.0;1.0,0.0,0.0,0.0
3.91;0.0,0.0,0.0;1.0,0.0,0.0,0.0
3.92;0.0,0.0,0.0;1.0,0.0,0.0,0.0
3.93;0.0,0.0,0.0;1.0,0.0,0.0,0.0
3.94;0.0,0.0,0.0;1.0,0.0,0.0,0.0
3.95;0.0,0.0,0.0;1.0,0.0,0.0,0.0
3.96;0.0,0.0,0.0;1.0,0.0,0.0,0.0
3.97;0.0,0.0,0.0;1.0,0.0,0.0,0.0
3.98;0.0,0.0,0.0;1.0,0.0,0.0,0.0
3.99;0.0,0.0,0.0;1.0,0.0,0.0,0.0
4.0;0.0,0.0,0.0;1.0,0.0,0.0,0.0
4.01;0.0,0.0,0.0;1.0,0.0,0.0,0.0
4.02;0.0,0.0,0.0;1.0,0.0,0.0,0.0
4.03;0.0,0.0,0.0;1.0,0.0,0.0,0.0
4.04;0.0,0.0,0.0;1.0,0.0,0.0,0.0
4.05;0.0,0.0,0.0;1.0,0.0,0.0,0.0
4.06;0.0,-2.236666841781698e-05,5.3356666285253596e-06;1.0,0.0,0.0,0.0
4.07;0.0,-8.905908180167899e-05,2.1245432435534894e-05;1.0,0.0,0.0,0.0
4.08;0.0,-0.00019946583779528737,4.7583449486410245e-05;1.0,0.0,0.0,0.0
4.09;0.0,-0.00035297556314617395,8.420386438956484e-05;1.0,0.0,0.0,0.0
4.1;0.0,-0.0005489769391715527,0.0001309608487645164;1.0,0.0,0.0,0.0
4.11;0.0,-0.0007868583779782057,0.00018770850147120655;1.0,0.0,0.0,0.0
4.12;0.0,-0.0010660086991265416,0.00025430103414691985;1.0,0.0,0.0,0.0
4.13;0.0,-0.0013858163729310036,0.0003305925347376615;1.0,0.0,0.0,0.0
4.14;0.0,-0.001745670335367322,0.0004164372512605041;1.0,0.0,0.0,0.0
4.15;0.0,-0.0021449585910886526,0.0005116892862133682;1.0,0.0,0.0,0.0
4.16;0.0,-0.002583069959655404,0.0006162025965750217;1.0,0.0,0.0,0.0
4.17;0.0,-0.003059393260627985,0.0007298316922970116;1.0,0.0,0.0,0.0
4.18;0.0,-0.0035733175463974476,0.0008524305303581059;1.0,0.0,0.0,0.0
4.19;0.0,-0.004124230705201626,0.0009838532423600554;1.0,0.0,0.0,0.0
4.2;0.0,-0.004711521323770285,0.001123954076319933;1.0,0.0,0.0,0.0
4.21;0.0,-0.005334577523171902,0.0012725868728011847;1.0,0.0,0.0,0.0
4.22;0.0,-0.005992789752781391,0.0014296062290668488;1.0,0.0,0.0,0.0
4.23;0.0,-0.006685545668005943,0.0015948660438880324;1.0,0.0,0.0,0.0
4.24;0.0,-0.007412233389914036,0.0017682205652818084;1.0,0.0,0.0,0.0
4.25;0.0,-0.008172241039574146,0.0019495240412652493;1.0,0.0,0.0,0.0
4.26;0.0,-0.008964958600699902,0.0021386300213634968;1.0,0.0,0.0,0.0
4.27;0.0,-0.00978977419435978,0.002335393102839589;1.0,0.0,0.0,0.0
4.28;0.0,-0.010646075010299683,0.0025396677665412426;1.0,0.0,0.0,0.0
4.29;0.0,-0.011533252894878387,0.0027513077948242426;1.0,0.0,0.0,0.0
4.3;0.0,-0.012450694106519222,0.0029701674357056618;1.0,0.0,0.0,0.0
4.31;0.0,-0.013397788628935814,0.003196100937202573;1.0,0.0,0.0,0.0
4.32;0.0,-0.014373923651874065,0.003428962081670761;1.0,0.0,0.0,0.0
4.33;0.0,-0.01537848636507988,0.003668605349957943;1.0,0.0,0.0,0.0
4.34;0.0,-0.016410870477557182,0.003914884757250547;1.0,0.0,0.0,0.0
4.35;0.0,-0.017470458522439003,0.004167654551565647;1.0,0.0,0.0,0.0
4.36;0.0,-0.018556639552116394,0.00442676804959774;1.0,0.0,0.0,0.0
4.37;0.0,-0.019668810069561005,0.004692080430686474;1.0,0.0,0.0,0.0
4.38;0.0,-0.02080635167658329,0.004963445942848921;1.0,0.0,0.0,0.0
4.39;0.0,-0.021968653425574303,0.0052407183684408665;1.0,0.0,0.0,0.0
4.4;0.0,-0.023155108094215393,0.005523752421140671;1.0,0.0,0.0,0.0
4.41;0.0,-0.024365101009607315,0.0058124009519815445;1.0,0.0,0.0,0.0
4.42;0.0,-0.025598015636205673,0.006106517743319273;1.0,0.0,0.0,0.0
4.43;0.0,-0.026853252202272415,0.00640596030279994;1.0,0.0,0.0,0.0
4.44;0.0,-0.0281301848590374,0.006710578687489033;1.0,0.0,0.0,0.0
4.45;0.0,-0.02942822128534317,0.007020230870693922;1.0,0.0,0.0,0.0
4.46;0.0,-0.030746733769774437,0.0073347678408026695;1.0,0.0,0.0,0.0
4.47;0.0,-0.0320851169526577,0.007654044311493635;1.0,0.0,0.0,0.0
4.48;0.0,-0.03344275802373886,0.007977915927767754;1.0,0.0,0.0,0.0
4.49;0.0,-0.034819044172763824,0.008306235074996948;1.0,0.0,0.0,0.0
4.5;0.0,-0.03621337190270424,0.008638857863843441;1.0,0.0,0.0,0.0
4.51;0.0,-0.03762511536478996,0.008975635282695293;1.0,0.0,0.0,0.0
4.52;0.0,-0.03905368223786354,0.009316426701843739;1.0,0.0,0.0,0.0
4.53;0.0,-0.04049844294786453,0.009661081247031689;1.0,0.0,0.0,0.0
4.54;0.0,-0.04195880517363548,0.010009456425905228;1.0,0.0,0.0,0.0
4.55;0.0,-0.04343413561582565,0.010361402295529842;1.0,0.0,0.0,0.0
4.56;0.0,-0.04492384195327759,0.01071677915751934;1.0,0.0,0.0,0.0
4.57;0.0,-0.046427298337221146,0.01107543520629406;1.0,0.0,0.0,0.0
4.58;0.0,-0.04794389754533768,0.011437226086854935;1.0,0.0,0.0,0.0
4.59;0.0,-0.04947303980588913,0.01180200930684805;1.0,0.0,0.0,0.0
4.6;0.0,-0.051014091819524765,0.01216963492333889;1.0,0.0,0.0,0.0
4.61;0.0,-0.05256646126508713,0.012539959512650967;1.0,0.0,0.0,0.0
4.62;0.0,-0.054129526019096375,0.01291283592581749;1.0,0.0,0.0,0.0
4.63;0.0,-0.05570269376039505,0.013288120739161968;1.0,0.0,0.0,0.0
4.64;0.0,-0.05728531628847122,0.01366566400974989;1.0,0.0,0.0,0.0
4.65;0.0,-0.05887681990861893,0.014045323245227337;1.0,0.0,0.0,0.0
4.66;0.0,-0.06047657132148743,0.014426950365304947;1.0,0.0,0.0,0.0
4.67;0.0,-0.06208395957946777,0.01481040008366108;1.0,0.0,0.0,0.0
4.68;0.0,-0.06369839608669281,0.015195529907941818;1.0,0.0,0.0,0.0
4.69;0.0,-0.0653192326426506,0.015582187101244926;1.0,0.0,0.0,0.0
4.7;0.0,-0.0669458881020546,0.01597023382782936;1.0,0.0,0.0,0.0
4.71;0.0,-0.06857773661613464,0.016359517350792885;1.0,0.0,0.0,0.0
4.72;0.0,-0.0702141672372818,0.016749897971749306;1.0,0.0,0.0,0.0
4.73;0.0,-0.07185457646846771,0.017141222953796387;1.0,0.0,0.0,0.0
4.74;0.0,-0.07349835336208344,0.017533354461193085;1.0,0.0,0.0,0.0
4.75;0.0,-0.07514487206935883,0.017926139757037163;1.0,0.0,0.0,0.0
4.76;0.0,-0.07679353654384613,0.01831943355500698;1.0,0.0,0.0,0.0
4.77;0.0,-0.0784437358379364,0.018713094294071198;1.0,0.0,0.0,0.0
4.78;0.0,-0.0800948441028595,0.019106972962617874;1.0,0.0,0.0,0.0
4.79;0.0,-0.08174625039100647,0.01950092241168022;1.0,0.0,0.0,0.0
4.8;0.0,-0.08339735865592957,0.019894804805517197;1.0,0.0,0.0,0.0
4.81;0.0,-0.08504755795001984,0.020288465544581413;1.0,0.0,0.0,0.0
4.82;0.0,-0.08669622987508774,0.02068176493048668;1.0,0.0,0.0,0.0
4.83;0.0,-0.08834273368120193,0.02107454463839531;1.0,0.0,0.0,0.0
4.84;0.0,-0.08998651802539825,0.021466676145792007;1.0,0.0,0.0,0.0
4.85;0.0,-0.09162691980600357,0.021858002990484238;1.0,0.0,0.0,0.0
4.86;0.0,-0.09326335787773132,0.02224837988615036;1.0,0.0,0.0,0.0
4.87;0.0,-0.09489521384239197,0.022637667134404182;1.0,0.0,0.0,0.0
4.88;0.0,-0.09652185440063477,0.02302571013569832;1.0,0.0,0.0,0.0
4.89;0.0,-0.09814270585775375,0.023412369191646576;1.0,0.0,0.0,0.0
4.9;0.0,-0.0997571274638176,0.023797499015927315;1.0,0.0,0.0,0.0
4.91;0.0,-0.10136452317237854,0.024180948734283447;1.0,0.0,0.0,0.0
4.92;0.0,-0.10296427458524704,0.02456257864832878;1.0,0.0,0.0,0.0
4.93;0.0,-0.10455577820539474,0.02494223415851593;1.0,0.0,0.0,0.0
4.94;0.0,-0.10613840818405151,0.02531978115439415;1.0,0.0,0.0,0.0
4.95;0.0,-0.10771156847476959,0.025695063173770905;1.0,0.0,0.0,0.0
4.96;0.0,-0.10927464067935944,0.02606794238090515;1.0,0.0,0.0,0.0
4.97;0.0,-0.1108269914984703,0.026438260450959206;1.0,0.0,0.0,0.0
4.98;0.0,-0.11236806213855743,0.02680589072406292;1.0,0.0,0.0,0.0
4.99;0.0,-0.11389718949794769,0.02717067115008831;1.0,0.0,0.0,0.0
5.0;0.0,-0.11541379988193512,0.027532467618584633;1.0,0.0,0.0,0.0
5.01;0.0,-0.11691724509000778,0.027891119942069054;1.0,0.0,0.0,0.0
5.02;0.0,-0.11840695887804031,0.028246495872735977;1.0,0.0,0.0,0.0
5.03;0.0,-0.11988229304552078,0.028598444536328316;1.0,0.0,0.0,0.0
5.04;0.0,-0.12134264409542084,0.02894681878387928;1.0,0.0,0.0,0.0
5.05;0.0,-0.12278740108013153,0.029291469603776932;1.0,0.0,0.0,0.0
5.06;0.0,-0.1242159754037857,0.029632261022925377;1.0,0.0,0.0,0.0
5.07;0.0,-0.12562772631645203,0.029969044029712677;1.0,0.0,0.0,0.0
5.08;0.0,-0.12702204287052155,0.030301662161946297;1.0,0.0,0.0,0.0
5.09;0.0,-0.1283983439207077,0.03062998503446579;1.0,0.0,0.0,0.0
5.1;0.0,-0.12975597381591797,0.030953852459788322;1.0,0.0,0.0,0.0
5.11;0.0,-0.13109436631202698,0.03127313405275345;1.0,0.0,0.0,0.0
5.12;0.0,-0.1324128806591034,0.031587667763233185;1.0,0.0,0.0,0.0
5.13;0.0,-0.13371092081069946,0.031897321343421936;1.0,0.0,0.0,0.0
5.14;0.0,-0.13498786091804504,0.032201942056417465;1.0,0.0,0.0,0.0
5.15;0.0,-0.13624307513237,0.032501380890607834;1.0,0.0,0.0,0.0
5.16;0.0,-0.13747601211071014,0.032795500010252;1.0,0.0,0.0,0.0
5.17;0.0,-0.13868598639965057,0.03308414667844772;1.0,0.0,0.0,0.0
5.18;0.0,-0.13987243175506592,0.033367179334163666;1.0,0.0,0.0,0.0
5.19;0.0,-0.14103472232818604,0.033644452691078186;1.0,0.0,0.0,0.0
5.2;0.0,-0.14217230677604675,0.033915821462869644;1.0,0.0,0.0,0.0
5.21;0.0,-0.14328446984291077,0.0341811329126358;1.0,0.0,0.0,0.0
5.22;0.0,-0.1443706452846527,0.03444024920463562;1.0,0.0,0.0,0.0
5.23;0.0,-0.14543022215366364,0.03469301760196686;1.0,0.0,0.0,0.0
5.24;0.0,-0.14646261930465698,0.034939296543598175;1.0,0.0,0.0,0.0
5.25;0.0,-0.14746716618537903,0.03517893701791763;1.0,0.0,0.0,0.0
5.26;0.0,-0.1484433114528656,0.03541180118918419;1.0,0.0,0.0,0.0
5.27;0.0,-0.14939039945602417,0.03563773259520531;1.0,0.0,0.0,0.0
5.28;0.0,-0.15030784904956818,0.035856589674949646;1.0,0.0,0.0,0.0
5.29;0.0,-0.1511950045824051,0.036068230867385864;1.0,0.0,0.0,0.0
5.3;0.0,-0.15205131471157074,0.036272503435611725;1.0,0.0,0.0,0.0
5.31;0.0,-0.15287615358829498,0.036469269543886185;1.0,0.0,0.0,0.0
5.32;0.0,-0.1536688655614853,0.03665837645530701;1.0,0.0,0.0,0.0
5.33;0.0,-0.1544288545846939,0.03683967515826225;1.0,0.0,0.0,0.0
5.34;0.0,-0.15515555441379547,0.03701303154230118;1.0,0.0,0.0,0.0
5.35;0.0,-0.15584830939769745,0.03717828914523125;1.0,0.0,0.0,0.0
5.36;0.0,-0.1565065234899521,0.03733530640602112;1.0,0.0,0.0,0.0
5.37;0.0,-0.15712957084178925,0.03748394176363945;1.0,0.0,0.0,0.0
5.38;0.0,-0.15771684050559998,0.03762403875589371;1.0,0.0,0.0,0.0
5.39;0.0,-0.1582677662372589,0.03775547072291374;1.0,0.0,0.0,0.0
5.4;0.0,-0.15878170728683472,0.037878070026636124;1.0,0.0,0.0,0.0
5.41;0.0,-0.15925800800323486,0.03799169138073921;1.0,0.0,0.0,0.0
5.42;0.0,-0.15969616174697876,0.03809621185064316;1.0,0.0,0.0,0.0
5.43;0.0,-0.1600954234600067,0.03819146007299423;1.0,0.0,0.0,0.0
5.44;0.0,-0.16045528650283813,0.03827729821205139;1.0,0.0,0.0,0.0
5.45;0.0,-0.1607750654220581,0.03835359960794449;1.0,0.0,0.0,0.0
5.46;0.0,-0.16105422377586365,0.0384201854467392;1.0,0.0,0.0,0.0
5.47;0.0,-0.16129210591316223,0.038476936519145966;1.0,0.0,0.0,0.0
5.48;0.0,-0.1614881157875061,0.03852368891239166;1.0,0.0,0.0,0.0
5.49;0.0,-0.16164162755012512,0.03856030851602554;1.0,0.0,0.0,0.0
5.5;0.0,-0.16175204515457153,0.03858664631843567;1.0,0.0,0.0,0.0
5.51;0.0,-0.1618187427520752,0.0386025607585907;1.0,0.0,0.0,0.0
5.52;0.0,-0.16184109449386597,0.038607899099588394;1.0,0.0,0.0,0.0
5.53;0.0,-0.1618177890777588,0.03860234096646309;1.0,0.0,0.0,0.0
5.54;0.0,-0.16174830496311188,0.038585763424634933;1.0,0.0,0.0,0.0
5.55;0.0,-0.16163328289985657,0.03855832666158676;1.0,0.0,0.0,0.0
5.56;0.0,-0.16147340834140778,0.03852018341422081;1.0,0.0,0.0,0.0
5.57;0.0,-0.16126927733421326,0.038471490144729614;1.0,0.0,0.0,0.0
5.58;0.0,-0.16102157533168793,0.03841239959001541;1.0,0.0,0.0,0.0
5.59;0.0,-0.16073095798492432,0.038343071937561035;1.0,0.0,0.0,0.0
5.6;0.0,-0.16039806604385376,0.03826365992426872;1.0,0.0,0.0,0.0
5.61;0.0,-0.1600235402584076,0.03817431256175041;1.0,0.0,0.0,0.0
5.62;0.0,-0.15960805118083954,0.038075197488069534;1.0,0.0,0.0,0.0
5.63;0.0,-0.15915222465991974,0.03796645626425743;1.0,0.0,0.0,0.0
5.64;0.0,-0.15865673124790192,0.037848252803087234;1.0,0.0,0.0,0.0
5.65;0.0,-0.1581221967935562,0.03772073984146118;1.0,0.0,0.0,0.0
5.66;0.0,-0.15754930675029755,0.03758407384157181;1.0,0.0,0.0,0.0
5.67;0.0,-0.15693868696689606,0.03743840754032135;1.0,0.0,0.0,0.0
5.68;0.0,-0.15629099309444427,0.037283897399902344;1.0,0.0,0.0,0.0
5.69;0.0,-0.15560686588287354,0.037120699882507324;1.0,0.0,0.0,0.0
5.7;0.0,-0.15488699078559875,0.03694896399974823;1.0,0.0,0.0,0.0
5.71;0.0,-0.15413197875022888,0.03676885366439819;1.0,0.0,0.0,0.0
5.72;0.0,-0.15334250032901764,0.03658052161335945;1.0,0.0,0.0,0.0
5.73;0.0,-0.15251918137073517,0.03638412058353424;1.0,0.0,0.0,0.0
5.74;0.0,-0.15166272222995758,0.0361798033118248;1.0,0.0,0.0,0.0
5.75;0.0,-0.15077371895313263,0.03596772998571396;1.0,0.0,0.0,0.0
5.76;0.0,-0.14985287189483643,0.03574805334210396;1.0,0.0,0.0,0.0
5.77;0.0,-0.14890077710151672,0.03552092984318733;1.0,0.0,0.0,0.0
5.78;0.0,-0.14791813492774963,0.035286515951156616;1.0,0.0,0.0,0.0
5.79;0.0,-0.1469055712223053,0.03504496067762375;1.0,0.0,0.0,0.0
5.8;0.0,-0.14586372673511505,0.03479642793536186;1.0,0.0,0.0,0.0
5.81;0.0,-0.14479327201843262,0.034541063010692596;1.0,0.0,0.0,0.0
5.82;0.0,-0.14369484782218933,0.03427903354167938;1.0,0.0,0.0,0.0
5.83;0.0,-0.14256910979747772,0.03401048481464386;1.0,0.0,0.0,0.0
5.84;0.0,-0.14141669869422913,0.033735573291778564;1.0,0.0,0.0,0.0
5.85;0.0,-0.14023828506469727,0.03345445543527603;1.0,0.0,0.0,0.0
5.86;0.0,-0.13903449475765228,0.0331672839820385;1.0,0.0,0.0,0.0
5.87;0.0,-0.1378059983253479,0.0328742191195488;1.0,0.0,0.0,0.0
5.88;0.0,-0.13655342161655426,0.032575417309999466;1.0,0.0,0.0,0.0
5.89;0.0,-0.13527743518352509,0.03227102383971214;1.0,0.0,0.0,0.0
5.9;0.0,-0.1339786946773529,0.03196120262145996;1.0,0.0,0.0,0.0
5.91;0.0,-0.13265782594680786,0.03164610639214516;1.0,0.0,0.0,0.0
5.92;0.0,-0.13131551444530487,0.03132588788866997;1.0,0.0,0.0,0.0
5.93;0.0,-0.12995238602161407,0.031000707298517227;1.0,0.0,0.0,0.0
5.94;0.0,-0.1285690814256668,0.030670713633298874;1.0,0.0,0.0,0.0
5.95;0.0,-0.1271662563085556,0.03033606708049774;1.0,0.0,0.0,0.0
5.96;0.0,-0.12574458122253418,0.029996920377016068;1.0,0.0,0.0,0.0
5.97;0.0,-0.12430470436811447,0.029653429985046387;1.0,0.0,0.0,0.0
5.98;0.0,-0.12284725904464722,0.029305750504136086;1.0,0.0,0.0,0.0
5.99;0.0,-0.12137290090322495,0.02895403653383255;1.0,0.0,0.0,0.0
6.0;0.0,-0.11988229304552078,0.028598442673683167;1.0,0.0,0.0,0.0
6.01;0.0,-0.11837606132030487,0.02823912538588047;1.0,0.0,0.0,0.0
6.02;0.0,-0.11685489118099213,0.027876242995262146;1.0,0.0,0.0,0.0
6.03;0.0,-0.1153193935751915,0.027509942650794983;1.0,0.0,0.0,0.0
6.04;0.0,-0.1137702465057373,0.027140386402606964;1.0,0.0,0.0,0.0
6.05;0.0,-0.11220808327198029,0.026767726987600327;1.0,0.0,0.0,0.0
6.06;0.0,-0.11063355952501297,0.026392117142677307;1.0,0.0,0.0,0.0
6.07;0.0,-0.10904733836650848,0.02601371705532074;1.0,0.0,0.0,0.0
6.08;0.0,-0.10745006054639816,0.02563267946243286;1.0,0.0,0.0,0.0
6.09;0.0,-0.10584235936403275,0.02524915710091591;1.0,0.0,0.0,0.0
6.1;0.0,-0.10422492027282715,0.024863308295607567;1.0,0.0,0.0,0.0
6.11;0.0,-0.10259836912155151,0.02447528950870037;1.0,0.0,0.0,0.0
6.12;0.0,-0.10096336901187897,0.02408525161445141;1.0,0.0,0.0,0.0
6.13;0.0,-0.09932056069374084,0.023693351075053215;1.0,0.0,0.0,0.0
6.14;0.0,-0.09767059981822968,0.023299746215343475;1.0,0.0,0.0,0.0
6.15;0.0,-0.0960141196846962,0.022904589772224426;1.0,0.0,0.0,0.0
6.16;0.0,-0.09435180574655533,0.022508032619953156;1.0,0.0,0.0,0.0
6.17;0.0,-0.09268428385257721,0.022110238671302795;1.0,0.0,0.0,0.0
6.18;0.0,-0.09101220220327377,0.021711358800530434;1.0,0.0,0.0,0.0
6.19;0.0,-0.08933621644973755,0.021311543881893158;1.0,0.0,0.0,0.0
6.2;0.0,-0.08765698969364166,0.02091095596551895;1.0,0.0,0.0,0.0
6.21;0.0,-0.08597515523433685,0.0205097496509552;1.0,0.0,0.0,0.0
6.22;0.0,-0.08429136872291565,0.020108073949813843;1.0,0.0,0.0,0.0
6.23;0.0,-0.08260628581047058,0.019706089049577713;1.0,0.0,0.0,0.0
6.24;0.0,-0.08092054724693298,0.019303949549794197;1.0,0.0,0.0,0.0
6.25;0.0,-0.07923482358455658,0.01890181191265583;1.0,0.0,0.0,0.0
6.26;0.0,-0.07754972577095032,0.01849982514977455;1.0,0.0,0.0,0.0
6.27;0.0,-0.07586594671010971,0.018098153173923492;1.0,0.0,0.0,0.0
6.28;0.0,-0.07418409734964371,0.017696939408779144;1.0,0.0,0.0,0.0
6.29;0.0,-0.07250487804412842,0.017296355217695236;1.0,0.0,0.0,0.0
6.3;0.0,-0.07082889974117279,0.01689654216170311;1.0,0.0,0.0,0.0
6.31;0.0,-0.06915682554244995,0.016497664153575897;1.0,0.0,0.0,0.0
6.32;0.0,-0.06748928874731064,0.01609986461699009;1.0,0.0,0.0,0.0
6.33;0.0,-0.06582696735858917,0.015703311190009117;1.0,0.0,0.0,0.0
6.34;0.0,-0.06417051702737808,0.015308156609535217;1.0,0.0,0.0,0.0
6.35;0.0,-0.06252053380012512,0.01491454616189003;1.0,0.0,0.0,0.0
6.36;0.0,-0.060877725481987,0.014522647485136986;1.0,0.0,0.0,0.0
6.37;0.0,-0.059242717921733856,0.014132609590888023;1.0,0.0,0.0,0.0
6.38;0.0,-0.05761617422103882,0.013744588941335678;1.0,0.0,0.0,0.0
6.39;0.0,-0.05599872022867203,0.013358740136027336;1.0,0.0,0.0,0.0
6.4;0.0,-0.0543910413980484,0.012975219637155533;1.0,0.0,0.0,0.0
6.41;0.0,-0.05279375612735748,0.012594180181622505;1.0,0.0,0.0,0.0
6.42;0.0,-0.0512075275182724,0.012215781956911087;1.0,0.0,0.0,0.0
6.43;0.0,-0.04963303357362747,0.011840175837278366;1.0,0.0,0.0,0.0
6.44;0.0,-0.04807085543870926,0.011467516422271729;1.0,0.0,0.0,0.0
6.45;0.0,-0.046521708369255066,0.01109795831143856;1.0,0.0,0.0,0.0
6.46;0.0,-0.04498620331287384,0.010731657966971397;1.0,0.0,0.0,0.0
6.47;0.0,-0.0434650257229805,0.010368773713707924;1.0,0.0,0.0,0.0
6.48;0.0,-0.041958801448345184,0.010009454563260078;1.0,0.0,0.0,0.0
6.49;0.0,-0.04046817868947983,0.009653862565755844;1.0,0.0,0.0,0.0
6.5;0.0,-0.03899382799863815,0.009302148595452309;1.0,0.0,0.0,0.0
6.51;0.0,-0.0375363826751709,0.008954470977187157;1.0,0.0,0.0,0.0
6.52;0.0,-0.03609651327133179,0.008610980585217476;1.0,0.0,0.0,0.0
6.53;0.0,-0.03467483073472977,0.008271833881735802;1.0,0.0,0.0,0.0
6.54;0.0,-0.033272020518779755,0.007937183603644371;1.0,0.0,0.0,0.0
6.55;0.0,-0.03188871592283249,0.0076071955263614655;1.0,0.0,0.0,0.0
6.56;0.0,-0.030525602400302887,0.007282014936208725;1.0,0.0,0.0,0.0
6.57;0.0,-0.029183268547058105,0.006961796432733536;1.0,0.0,0.0,0.0
6.58;0.0,-0.027862414717674255,0.0066466983407735825;1.0,0.0,0.0,0.0
6.59;0.0,-0.026563644409179688,0.006336871534585953;1.0,0.0,0.0,0.0
6.6;0.0,-0.025287672877311707,0.006032481789588928;1.0,0.0,0.0,0.0
6.61;0.0,-0.024035096168518066,0.0057336799800395966;1.0,0.0,0.0,0.0
6.62;0.0,-0.022806614637374878,0.005440615117549896;1.0,0.0,0.0,0.0
6.63;0.0,-0.02160283923149109,0.005153447389602661;1.0,0.0,0.0,0.0
6.64;0.0,-0.020424410700798035,0.004872329533100128;1.0,0.0,0.0,0.0
6.65;0.0,-0.019271984696388245,0.004597418010234833;1.0,0.0,0.0,0.0
6.66;0.0,-0.018146231770515442,0.004328865557909012;1.0,0.0,0.0,0.0
6.67;0.0,-0.017047837376594543,0.004066836088895798;1.0,0.0,0.0,0.0
6.68;0.0,-0.01597735285758972,0.0038114674389362335;1.0,0.0,0.0,0.0
6.69;0.0,-0.014935523271560669,0.0035629384219646454;1.0,0.0,0.0,0.0
6.7;0.0,-0.013922959566116333,0.0033213868737220764;1.0,0.0,0.0,0.0
6.71;0.0,-0.01294030249118805,0.003086969256401062;1.0,0.0,0.0,0.0
6.72;0.0,-0.011988222599029541,0.002859845757484436;1.0,0.0,0.0,0.0
6.73;0.0,-0.011067375540733337,0.002640165388584137;1.0,0.0,0.0,0.0
6.74;0.0,-0.010178372263908386,0.002428092062473297;1.0,0.0,0.0,0.0
6.75;0.0,-0.009321898221969604,0.002223782241344452;1.0,0.0,0.0,0.0
6.76;0.0,-0.008498609066009521,0.0020273812115192413;1.0,0.0,0.0,0.0
6.77;0.0,-0.007709130644798279,0.0018390417098999023;1.0,0.0,0.0,0.0
6.78;0.0,-0.006954088807106018,0.0016589388251304626;1.0,0.0,0.0,0.0
6.79;0.0,-0.006234228610992432,0.0014872103929519653;1.0,0.0,0.0,0.0
6.8;0.0,-0.005550116300582886,0.0013240016996860504;1.0,0.0,0.0,0.0
6.81;0.0,-0.00490240752696991,0.001169491559267044;1.0,0.0,0.0,0.0
6.82;0.0,-0.004291802644729614,0.0010238252580165863;1.0,0.0,0.0,0.0
6.83;0.0,-0.0037188977003097534,0.000887162983417511;1.0,0.0,0.0,0.0
6.84;0.0,-0.003184393048286438,0.0007596537470817566;1.0,0.0,0.0,0.0
6.85;0.0,-0.002688884735107422,0.0006414465606212616;1.0,0.0,0.0,0.0
6.86;0.0,-0.0022330284118652344,0.0005327016115188599;1.0,0.0,0.0,0.0
6.87;0.0,-0.001817554235458374,0.00043357908725738525;1.0,0.0,0.0,0.0
6.88;0.0,-0.0014429986476898193,0.0003442317247390747;1.0,0.0,0.0,0.0
6.89;0.0,-0.0011101067066192627,0.00026482343673706055;1.0,0.0,0.0,0.0
6.9;0.0,-0.0008195042610168457,0.00019549578428268433;1.0,0.0,0.0,0.0
6.91;0.0,-0.0005717873573303223,0.0001364201307296753;1.0,0.0,0.0,0.0
6.92;0.0,-0.00036770105361938477,8.771568536758423e-05;1.0,0.0,0.0,0.0
6.93;0.0,-0.00020781159400939941,4.957616329193115e-05;1.0,0.0,0.0,0.0
6.94;0.0,-9.277462959289551e-05,2.2135674953460693e-05;1.0,0.0,0.0,0.0
6.95;0.0,-2.333521842956543e-05,5.5730342864990234e-06;1.0,0.0,0.0,0.0
6.96;0.0,0.0,0.0;1.0,0.0,0.0,0.0
6.97;0.0,0.0,0.0;1.0,0.0,0.0,0.0
6.98;0.0,0.0,0.0;1.0,0.0,0.0,0.0
6.99;0.0,0.0,0.0;1.0,0.0,0.0,0.0
7.0;0.0,0.0,0.0;1.0,0.0,0.0,0.0
7.01;0.0,0.0,0.0;1.0,0.0,0.0,0.0
7.02;0.0,0.0,0.0;1.0,0.0,0.0,0.0
7.03;0.0,0.0,0.0;1.0,0.0,0.0,0.0
7.04;0.0,0.0,0.0;1.0,0.0,0.0,0.0
7.05;0.0,0.0,0.0;1.0,0.0,0.0,0.0
7.06;0.0,0.0,0.0;1.0,0.0,0.0,0.0
7.07;0.0,0.0,0.0;1.0,0.0,0.0,0.0
7.08;0.0,0.0,0.0;1.0,0.0,0.0,0.0
7.09;0.0,0.0,0.0;1.0,0.0,0.0,0.0
7.1;0.0,0.0,0.0;1.0,0.0,0.0,0.0
7.11;0.0,0.0,0.0;1.0,0.0,0.0,0.0
7.12;0.0,0.0,0.0;1.0,0.0,0.0,0.0
7.13;0.0,0.0,0.0;1.0,0.0,0.0,0.0
7.14;0.0,0.0,0.0;1.0,0.0,0.0,0.0
7.15;0.0,0.0,0.0;1.0,0.0,0.0,0.0
7.16;0.0,0.0,0.0;1.0,0.0,0.0,0.0
7.17;0.0,0.0,0.0;1.0,0.0,0.0,0.0
7.18;0.0,0.0,0.0;1.0,0.0,0.0,0.0
7.19;0.0,0.0,0.0;1.0,0.0,0.0,0.0
7.2;0.0,0.0,0.0;1.0,0.0,0.0,0.0
7.21;0.0,0.0,0.0;1.0,0.0,0.0,0.0
7.22;0.0,0.0,0.0;1.0,0.0,0.0,0.0
7.23;0.0,0.0,0.0;1.0,0.0,0.0,0.0
7.24;0.0,0.0,0.0;1.0,0.0,0.0,0.0
7.25;0.0,0.0,0.0;1.0,0.0,0.0,0.0
7.26;0.0,0.0,0.0;1.0,0.0,0.0,0.0
7.27;0.0,0.0,0.0;1.0,0.0,0.0,0.0
7.28;0.0,0.0,0.0;1.0,0.0,0.0,0.0
7.29;0.0,0.0,0.0;1.0,0.0,0.0,0.0
7.3;0.0,0.0,0.0;1.0,0.0,0.0,0.0
7.31;0.0,0.0,0.0;1.0,0.0,0.0,0.0
7.32;0.0,0.0,0.0;1.0,0.0,0.0,0.0
7.33;0.0,0.0,0.0;1.0,0.0,0.0,0.0
7.34;0.0,0.0,0.0;1.0,0.0,0.0,0.0
7.35;0.0,0.0,0.0;1.0,0.0,0.0,0.0
7.36;0.0,0.0,0.0;1.0,0.0,0.0,0.0
7.37;0.0,0.0,0.0;1.0,0.0,0.0,0.0
7.38;0.0,0.0,0.0;1.0,0.0,0.0,0.0
7.39;0.0,0.0,0.0;1.0,0.0,0.0,0.0
7.4;0.0,0.0,0.0;1.0,0.0,0.0,0.0
7.41;0.0,0.0,0.0;1.0,0.0,0.0,0.0
7.42;0.0,0.0,0.0;1.0,0.0,0.0,0.0
7.43;0.0,0.0,0.0;1.0,0.0,0.0,0.0
7.44;0.0,0.0,0.0;1.0,0.0,0.0,0.0
7.45;0.0,0.0,0.0;1.0,0.0,0.0,0.0
7.46;0.0,0.0,0.0;1.0,0.0,0.0,0.0
7.47;0.0,0.0,0.0;1.0,0.0,0.0,0.0
7.48;0.0,0.0,0.0;1.0,0.0,0.0,0.0
7.49;0.0,0.0,0.0;1.0,0.0,0.0,0.0
7.5;0.0,0.0,0.0;1.0,0.0,0.0,0.0
7.51;0.0,0.0,0.0;1.0,0.0,0.0,0.0
7.52;0.0,0.0,0.0;1.0,0.0,0.0,0.0
7.53;0.0,0.0,0.0;1.0,0.0,0.0,0.0
7.54;0.0,0.0,0.0;1.0,0.0,0.0,0.0
7.55;0.0,0.0,0.0;1.0,0.0,0.0,0.0
7.56;0.0,0.0,0.0;1.0,0.0,0.0,0.0
7.57;0.0,0.0,0.0;1.0,0.0,0.0,0.0
7.58;0.0,0.0,0.0;1.0,0.0,0.0,0.0
7.59;0.0,0.0,0.0;1.0,0.0,0.0,0.0
7.6;0.0,0.0,0.0;1.0,0.0,0.0,0.0
7.61;0.0,0.0,0.0;1.0,0.0,0.0,0.0
7.62;0.0,0.0,0.0;1.0,0.0,0.0,0.0
7.63;0.0,0.0,0.0;1.0,0.0,0.0,0.0
7.64;0.0,0.0,0.0;1.0,0.0,0.0,0.0
7.65;0.0,0.0,0.0;1.0,0.0,0.0,0.0
7.66;0.0,0.0,0.0;1.0,0.0,0.0,0.0
7.67;0.0,0.0,0.0;1.0,0.0,0.0,0.0
7.68;0.0,0.0,0.0;1.0,0.0,0.0,0.0
7.69;0.0,0.0,0.0;1.0,0.0,0.0,0.0
7.7;0.0,0.0,0.0;1.0,0.0,0.0,0.0
7.71;0.0,0.0,0.0;1.0,0.0,0.0,0.0
7.72;0.0,0.0,0.0;1.0,0.0,0.0,0.0
7.73;0.0,0.0,0.0;1.0,0.0,0.0,0.0
7.74;0.0,0.0,0.0;1.0,0.0,0.0,0.0
7.75;0.0,0.0,0.0;1.0,0.0,0.0,0.0
7.76;0.0,0.0,0.0;1.0,0.0,0.0,0.0
7.77;0.0,0.0,0.0;1.0,0.0,0.0,0.0
7.78;0.0,0.0,0.0;1.0,0.0,0.0,0.0
7.79;0.0,0.0,0.0;1.0,0.0,0.0,0.0
7.8;0.0,0.0,0.0;1.0,0.0,0.0,0.0
7.81;0.0,0.0,0.0;1.0,0.0,0.0,0.0
7.82;0.0,0.0,0.0;1.0,0.0,0.0,0.0
7.83;0.0,0.0,0.0;1.0,0.0,0.0,0.0
7.84;0.0,0.0,0.0;1.0,0.0,0.0,0.0
7.85;0.0,0.0,0.0;1.0,0.0,0.0,0.0
7.86;0.0,0.0,0.0;1.0,0.0,0.0,0.0
7.87;0.0,0.0,0.0;1.0,0.0,0.0,0.0
7.88;0.0,0.0,0.0;1.0,0.0,0.0,0.0
7.89;0.0,0.0,0.0;1.0,0.0,0.0,0.0
7.9;0.0,0.0,0.0;1.0,0.0,0.0,0.0
7.91;0.0,0.0,0.0;1.0,0.0,0.0,0.0
7.92;0.0,0.0,0.0;1.0,0.0,0.0,0.0
7.93;0.0,0.0,0.0;1.0,0.0,0.0,0.0
7.94;0.0,0.0,0.0;1.0,0.0,0.0,0.0
7.95;0.0,0.0,0.0;1.0,0.0,0.0,0.0
7.96;0.0,0.0,0.0;1.0,0.0,0.0,0.0
7.97;0.0,0.0,0.0;1.0,0.0,0.0,0.0
7.98;0.0,0.0,0.0;1.0,0.0,0.0,0.0
7.99;0.0,0.0,0.0;1.0,0.0,0.0,0.0
8.0;0.0,0.0,0.0;1.0,0.0,0.0,0.0
8.01;0.0,0.0,0.0;1.0,0.0,0.0,0.0
8.02;0.0,0.0,0.0;1.0,0.0,0.0,0.0
8.03;0.0,0.0,0.0;1.0,0.0,0.0,0.0
8.04;0.0,0.0,0.0;1.0,0.0,0.0,0.0
8.05;0.0,0.0,0.0;1.0,0.0,0.0,0.0
8.06;0.0,0.0,0.0;1.0,0.0,0.0,0.0
8.07;0.0,0.0,0.0;1.0,0.0,0.0,0.0
8.08;0.0,0.0,0.0;1.0,0.0,0.0,0.0
8.09;0.0,0.0,0.0;1.0,0.0,0.0,0.0
8.1;0.0,0.0,0.0;1.0,0.0,0.0,0.0
8.11;0.0,0.0,0.0;1.0,0.0,0.0,0.0
8.12;0.0,0.0,0.0;1.0,0.0,0.0,0.0
8.13;0.0,0.0,0.0;1.0,0.0,0.0,0.0
8.14;0.0,0.0,0.0;1.0,0.0,0.0,0.0
8.15;0.0,0.0,0.0;1.0,0.0,0.0,0.0
8.16;-3.4288950701011345e-05,-2.0992636564187706e-05,2.1625690351356752e-05;1.0,0.0,0.0,0.0
8.17;-0.0001363698102068156,-8.348934352397919e-05,8.600704313721508e-05;1.0,0.0,0.0,0.0
8.18;-0.00030506355687975883,-0.00018676828767638654,0.00019240046094637364;1.0,0.0,0.0,0.0
8.19;-0.0005391913000494242,-0.0003301077231299132,0.00034006242640316486;1.0,0.0,0.0,0.0
8.2;-0.0008375738398171961,-0.0005127857439219952,0.0005282493075355887;1.0,0.0,0.0,0.0
8.21;-0.001199032412841916,-0.0007340805605053902,0.00075621745781973;1.0,0.0,0.0,0.0
8.22;-0.001622387790121138,-0.0009932705434039235,0.0010232235072180629;1.0,0.0,0.0,0.0
8.23;-0.002106461673974991,-0.0012896336847916245,0.0013285237364470959;1.0,0.0,0.0,0.0
8.24;-0.0026500739622861147,-0.0016224482096731663,0.0016713745426386595;1.0,0.0,0.0,0.0
8.25;-0.0032520461827516556,-0.001990992110222578,0.002051032381132245;1.0,0.0,0.0,0.0
8.26;-0.003911199513822794,-0.0023945439606904984,0.002466753590852022;1.0,0.0,0.0,0.0
8.27;-0.00462635513395071,-0.0028323817532509565,0.002917794743552804;1.0,0.0,0.0,0.0
8.28;-0.005396333057433367,-0.0033037837129086256,0.00340341217815876;1.0,0.0,0.0,0.0
8.29;-0.006219955626875162,-0.0038080280646681786,0.003922862932085991;1.0,0.0,0.0,0.0
8.3;-0.007096043787896633,-0.004344393033534288,0.004475402180105448;1.0,0.0,0.0,0.0
8.31;-0.008023417554795742,-0.0049121566116809845,0.005060287658125162;1.0,0.0,0.0,0.0
8.32;-0.009000898338854313,-0.005510597489774227,0.005676774308085442;1.0,0.0,0.0,0.0
8.33;-0.010027307085692883,-0.006138992961496115,0.006324119865894318;1.0,0.0,0.0,0.0
8.34;-0.011101464740931988,-0.006796621717512608,0.007001579739153385;1.0,0.0,0.0,0.0
8.35;-0.012222192250192165,-0.007482762448489666,0.007708411663770676;1.0,0.0,0.0,0.0
8.36;-0.013388309627771378,-0.008196691982448101,0.008443870581686497;1.0,0.0,0.0,0.0
8.37;-0.01459864154458046,-0.008937690407037735,0.009207213297486305;1.0,0.0,0.0,0.0
8.38;-0.015852006152272224,-0.009705034084618092,0.009997698478400707;1.0,0.0,0.0,0.0
8.39;-0.01714722439646721,-0.010498002171516418,0.010814579203724861;1.0,0.0,0.0,0.0
8.4;-0.01848311722278595,-0.011315872892737389,0.011657113209366798;1.0,0.0,0.0,0.0
8.41;-0.019858505576848984,-0.0121579235419631,0.012524557299911976;1.0,0.0,0.0,0.0
8.42;-0.021272212266921997,-0.013023434206843376,0.013416167348623276;1.0,0.0,0.0,0.0
8.43;-0.022723056375980377,-0.01391168124973774,0.01433120109140873;1.0,0.0,0.0,0.0
8.44;-0.02420986257493496,-0.014821942895650864,0.015268913470208645;1.0,0.0,0.0,0.0
8.45;-0.025731448084115982,-0.015753500163555145,0.016228562220931053;1.0,0.0,0.0,0.0
8.46;-0.027286633849143982,-0.016705628484487534,0.017209401354193687;1.0,0.0,0.0,0.0
8.47;-0.028874244540929794,-0.017677605152130127,0.01821069046854973;1.0,0.0,0.0,0.0
8.48;-0.03049309365451336,-0.018668711185455322,0.019231680780649185;1.0,0.0,0.0,0.0
8.49;-0.03214200958609581,-0.01967822201550007,0.02027163654565811;1.0,0.0,0.0,0.0
8.5;-0.033819809556007385,-0.020705416798591614,0.021329808980226517;1.0,0.0,0.0,0.0
8.51;-0.03552531450986862,-0.021749574691057205,0.022405453026294708;1.0,0.0,0.0,0.0
8.52;-0.037257347255945206,-0.02280997484922409,0.023497827351093292;1.0,0.0,0.0,0.0
8.53;-0.03901473060250282,-0.02388589084148407,0.024606190621852875;1.0,0.0,0.0,0.0
8.54;-0.04079628363251686,-0.024976607412099838,0.025729797780513763;1.0,0.0,0.0,0.0
8.55;-0.04260082542896271,-0.026081396266818047,0.026867903769016266;1.0,0.0,0.0,0.0
8.56;-0.04442717880010605,-0.02719953842461109,0.028019767254590988;1.0,0.0,0.0,0.0
8.57;-0.04627415910363197,-0.02833031304180622,0.02918463945388794;1.0,0.0,0.0,0.0
8.58;-0.04814060032367706,-0.02947300113737583,0.030361786484718323;1.0,0.0,0.0,0.0
8.59;-0.05002531409263611,-0.030626874417066574,0.03155045211315155;1.0,0.0,0.0,0.0
8.6;-0.051927123218774796,-0.031791213899850845,0.032749902456998825;1.0,0.0,0.0,0.0
8.61;-0.05384484678506851,-0.032965295016765594,0.03395939618349075;1.0,0.0,0.0,0.0
8.62;-0.055777303874492645,-0.03414840251207352,0.03517817705869675;1.0,0.0,0.0,0.0
8.63;-0.057723332196474075,-0.03533980995416641,0.03640551120042801;1.0,0.0,0.0,0.0
8.64;-0.0596817284822464,-0.03653879463672638,0.03764065355062485;1.0,0.0,0.0,0.0
8.65;-0.061651330441236496,-0.03774464130401611,0.03888286277651787;1.0,0.0,0.0,0.0
8.66;-0.06363095343112946,-0.038956619799137115,0.04013139009475708;1.0,0.0,0.0,0.0
8.67;-0.06561940908432007,-0.040174007415771484,0.04138549417257309;1.0,0.0,0.0,0.0
8.68;-0.06761553883552551,-0.041396092623472214,0.042644426226615906;1.0,0.0,0.0,0.0
8.69;-0.06961815059185028,-0.042622148990631104,0.04390745609998703;1.0,0.0,0.0,0.0
8.7;-0.07162606716156006,-0.04385144263505936,0.045173827558755875;1.0,0.0,0.0,0.0
8.71;-0.07363811135292053,-0.04508328065276146,0.04644280672073364;1.0,0.0,0.0,0.0
8.72;-0.07565310597419739,-0.04631691053509712,0.047713637351989746;1.0,0.0,0.0,0.0
8.73;-0.07766986638307571,-0.04755162447690964,0.048985593020915985;1.0,0.0,0.0,0.0
8.74;-0.0796872228384018,-0.0487867072224617,0.05025791376829147;1.0,0.0,0.0,0.0
8.75;-0.08170398324728012,-0.05002141743898392,0.051529861986637115;1.0,0.0,0.0,0.0
8.76;-0.08371897786855698,-0.05125505477190018,0.05280069261789322;1.0,0.0,0.0,0.0
8.77;-0.08573101460933685,-0.05248688906431198,0.054069675505161285;1.0,0.0,0.0,0.0
8.78;-0.08773893117904663,-0.053716182708740234,0.05533604323863983;1.0,0.0,0.0,0.0
8.79;-0.08974155783653259,-0.054942239075899124,0.056599076837301254;1.0,0.0,0.0,0.0
8.8;-0.09173767268657684,-0.056164324283599854,0.05785800889134407;1.0,0.0,0.0,0.0
8.81;-0.09372614324092865,-0.05738171935081482,0.05911210924386978;1.0,0.0,0.0,0.0
8.82;-0.09570576250553131,-0.05859369412064552,0.06036064028739929;1.0,0.0,0.0,0.0
8.83;-0.0976753681898117,-0.05979954078793526,0.06160284951329231;1.0,0.0,0.0,0.0
8.84;-0.09963376075029373,-0.060998525470495224,0.06283798813819885;1.0,0.0,0.0,0.0
8.85;-0.10157978534698486,-0.06218992918729782,0.06406532973051071;1.0,0.0,0.0,0.0
8.86;-0.103512242436409,-0.06337304413318634,0.0652841106057167;1.0,0.0,0.0,0.0
8.87;-0.10542996972799301,-0.06454712152481079,0.06649360060691833;1.0,0.0,0.0,0.0
8.88;-0.1073317751288414,-0.06571146100759506,0.06769304722547531;1.0,0.0,0.0,0.0
8.89;-0.10921648889780045,-0.06686533987522125,0.06888172030448914;1.0,0.0,0.0,0.0
8.9;-0.11108292639255524,-0.06800802052021027,0.07005886733531952;1.0,0.0,0.0,0.0
8.91;-0.11292991787195206,-0.0691387951374054,0.07122373580932617;1.0,0.0,0.0,0.0
8.92;-0.1147562637925148,-0.07025693356990814,0.07237560302019119;1.0,0.0,0.0,0.0
8.93;-0.11656080931425095,-0.0713617354631424,0.0735137090086937;1.0,0.0,0.0,0.0
8.94;-0.11834236234426498,-0.07245245575904846,0.07463731616735458;1.0,0.0,0.0,0.0
8.95;-0.1200997456908226,-0.07352836430072784,0.07574567943811417;1.0,0.0,0.0,0.0
8.96;-0.12183178216218948,-0.07458876073360443,0.07683804631233215;1.0,0.0,0.0,0.0
8.97;-0.12353729456663132,-0.07563291490077972,0.07791370153427124;1.0,0.0,0.0,0.0
8.98;-0.125215083360672,-0.07666012644767761,0.07897187024354935;1.0,0.0,0.0,0.0
8.99;-0.1268639862537384,-0.07766962051391602,0.08001182228326797;1.0,0.0,0.0,0.0
9.0;-0.128482848405838,-0.07866072654724121,0.08103282004594803;1.0,0.0,0.0,0.0
9.01;-0.13007046282291412,-0.0796327143907547,0.08203411102294922;1.0,0.0,0.0,0.0
9.02;-0.13162565231323242,-0.08058483153581619,0.08301492780447006;1.0,0.0,0.0,0.0
9.03;-0.1331472247838974,-0.08151639997959137,0.08397458493709564;1.0,0.0,0.0,0.0
9.04;-0.13463403284549713,-0.08242665231227875,0.08491229265928268;1.0,0.0,0.0,0.0
9.05;-0.1360848844051361,-0.08331490308046341,0.08582732826471329;1.0,0.0,0.0,0.0
9.06;-0.13749857246875763,-0.08418040722608566,0.08671893924474716;1.0,0.0,0.0,0.0
9.07;-0.13887397944927216,-0.0850224643945694,0.08758638799190521;1.0,0.0,0.0,0.0
9.08;-0.1402098685503006,-0.08584032952785492,0.08842892199754715;1.0,0.0,0.0,0.0
9.09;-0.14150507748126984,-0.08663330227136612,0.08924579620361328;1.0,0.0,0.0,0.0
9.1;-0.14275844395160675,-0.0874006524682045,0.09003628045320511;1.0,0.0,0.0,0.0
9.11;-0.14396879076957703,-0.08814163506031036,0.09079962223768234;1.0,0.0,0.0,0.0
9.12;-0.14513489603996277,-0.0888555720448494,0.09153508394956589;1.0,0.0,0.0,0.0
9.13;-0.14625562727451324,-0.08954170346260071,0.09224191308021545;1.0,0.0,0.0,0.0
9.14;-0.14732979238033295,-0.09019935131072998,0.09291938692331314;1.0,0.0,0.0,0.0
9.15;-0.14835619926452637,-0.09082774072885513,0.09356672316789627;1.0,0.0,0.0,0.0
9.16;-0.14933368563652039,-0.09142617136240005,0.09418320655822754;1.0,0.0,0.0,0.0
9.17;-0.1502610445022583,-0.09199394285678864,0.09476810693740845;1.0,0.0,0.0,0.0
9.18;-0.151137113571167,-0.09253029525279999,0.09532062709331512;1.0,0.0,0.0,0.0
9.19;-0.15196074545383453,-0.09303455054759979,0.09584008157253265;1.0,0.0,0.0,0.0
9.2;-0.15273074805736542,-0.09350594878196716,0.09632571041584015;1.0,0.0,0.0,0.0
9.21;-0.15344589948654175,-0.09394378960132599,0.09677673876285553;1.0,0.0,0.0,0.0
9.22;-0.1541050523519516,-0.09434734284877777,0.09719246625900269;1.0,0.0,0.0,0.0
9.23;-0.15470699965953827,-0.09471587836742401,0.09757211804389954;1.0,0.0,0.0,0.0
9.24;-0.1552506387233734,-0.09504871070384979,0.09791497886180878;1.0,0.0,0.0,0.0
9.25;-0.15573468804359436,-0.09534503519535065,0.09822025895118713;1.0,0.0,0.0,0.0
9.26;-0.15615808963775635,-0.09560427069664001,0.09848727285861969;1.0,0.0,0.0,0.0
9.27;-0.15651950240135193,-0.09582555294036865,0.09871524572372437;1.0,0.0,0.0,0.0
9.28;-0.15681788325309753,-0.09600821137428284,0.09890343248844147;1.0,0.0,0.0,0.0
9.29;-0.15705204010009766,-0.09615156054496765,0.0990510880947113;1.0,0.0,0.0,0.0
9.3;-0.157220721244812,-0.09625484049320221,0.09915746748447418;1.0,0.0,0.0,0.0
9.31;-0.15732279419898987,-0.09631732106208801,0.09922187030315399;1.0,0.0,0.0,0.0
9.32;-0.1573570817708969,-0.09633833169937134,0.09924349933862686;1.0,0.0,0.0,0.0
9.33;-0.15732337534427643,-0.09631769359111786,0.09922223538160324;1.0,0.0,0.0,0.0
9.34;-0.15722300112247467,-0.09625624120235443,0.09915893524885178;1.0,0.0,0.0,0.0
9.35;-0.15705712139606476,-0.09615468978881836,0.09905432164669037;1.0,0.0,0.0,0.0
9.36;-0.15682688355445862,-0.09601372480392456,0.09890910983085632;1.0,0.0,0.0,0.0
9.37;-0.15653343498706818,-0.09583406895399094,0.09872403740882874;1.0,0.0,0.0,0.0
9.38;-0.15617793798446655,-0.0956164225935936,0.09849981963634491;1.0,0.0,0.0,0.0
9.39;-0.1557615101337433,-0.09536148607730865,0.09823718667030334;1.0,0.0,0.0,0.0
9.4;-0.1552853286266327,-0.09506995230913162,0.09793686866760254;1.0,0.0,0.0,0.0
9.41;-0.1547505408525467,-0.0947425365447998,0.0975995808839798;1.0,0.0,0.0,0.0
9.42;-0.15415827929973602,-0.09437993913888931,0.09722604602575302;1.0,0.0,0.0,0.0
9.43;-0.1535097062587738,-0.09398286044597626,0.0968170017004013;1.0,0.0,0.0,0.0
9.44;-0.15280596911907196,-0.09355201572179794,0.09637316316366196;1.0,0.0,0.0,0.0
9.45;-0.1520482301712036,-0.09308810532093048,0.09589526057243347;1.0,0.0,0.0,0.0
9.46;-0.1512376070022583,-0.09259181469678879,0.09538400918245316;1.0,0.0,0.0,0.0
9.47;-0.15037526190280914,-0.09206387400627136,0.0948401391506195;1.0,0.0,0.0,0.0
9.48;-0.14946235716342926,-0.09150496870279312,0.09426438063383102;1.0,0.0,0.0,0.0
9.49;-0.14850004017353058,-0.09091581404209137,0.0936574637889862;1.0,0.0,0.0,0.0
9.5;-0.14748945832252502,-0.09029709547758102,0.09302008897066116;1.0,0.0,0.0,0.0
9.51;-0.14643174409866333,-0.08964954316616058,0.09235300123691559;1.0,0.0,0.0,0.0
9.52;-0.14532805979251862,-0.08897384256124496,0.09165692329406738;1.0,0.0,0.0,0.0
9.53;-0.1441795527935028,-0.08827069401741028,0.09093257039785385;1.0,0.0,0.0,0.0
9.54;-0.14298738539218903,-0.08754081279039383,0.09018068015575409;1.0,0.0,0.0,0.0
9.55;-0.141752690076828,-0.08678489923477173,0.0894019678235054;1.0,0.0,0.0,0.0
9.56;-0.14047662913799286,-0.08600364625453949,0.08859716355800629;1.0,0.0,0.0,0.0
9.57;-0.13916032016277313,-0.08519777655601501,0.08776699006557465;1.0,0.0,0.0,0.0
9.58;-0.13780495524406433,-0.08436798304319382,0.08691217005252838;1.0,0.0,0.0,0.0
9.59;-0.136411651968956,-0.08351496607065201,0.08603343367576599;1.0,0.0,0.0,0.0
9.6;-0.13498158752918243,-0.0826394334435463,0.08513150364160538;1.0,0.0,0.0,0.0
9.61;-0.1335158795118332,-0.08174209296703339,0.08420709520578384;1.0,0.0,0.0,0.0
9.62;-0.13201570510864258,-0.08082364499568939,0.08326095342636108;1.0,0.0,0.0,0.0
9.63;-0.13048219680786133,-0.07988478243350983,0.08229377865791321;1.0,0.0,0.0,0.0
9.64;-0.12891651690006256,-0.07892622798681259,0.0813063234090805;1.0,0.0,0.0,0.0
9.65;-0.12731978297233582,-0.0779486745595932,0.08029928803443909;1.0,0.0,0.0,0.0
9.66;-0.1256931871175766,-0.07695282995700836,0.07927340269088745;1.0,0.0,0.0,0.0
9.67;-0.12403786927461624,-0.07593938708305359,0.07822941243648529;1.0,0.0,0.0,0.0
9.68;-0.12235495448112488,-0.07490906119346619,0.07716801762580872;1.0,0.0,0.0,0.0
9.69;-0.12064560502767563,-0.07386256009340286,0.07608994841575623;1.0,0.0,0.0,0.0
9.7;-0.11891096830368042,-0.07280056178569794,0.07499593496322632;1.0,0.0,0.0,0.0
9.71;-0.11715222150087357,-0.0717238038778305,0.0738866999745369;1.0,0.0,0.0,0.0
9.72;-0.11537045985460281,-0.07063297182321548,0.07276296615600586;1.0,0.0,0.0,0.0
9.73;-0.11356687545776367,-0.06952876597642899,0.07162545621395111;1.0,0.0,0.0,0.0
9.74;-0.11174260824918747,-0.06841189414262772,0.07047492265701294;1.0,0.0,0.0,0.0
9.75;-0.10989879071712494,-0.06728306412696838,0.06931204348802567;1.0,0.0,0.0,0.0
9.76;-0.1080365926027298,-0.0661429762840271,0.06813757866621017;1.0,0.0,0.0,0.0
9.77;-0.10615716129541397,-0.06499233096837997,0.06695222854614258;1.0,0.0,0.0,0.0
9.78;-0.10426163673400879,-0.06383184343576431,0.06575674563646317;1.0,0.0,0.0,0.0
9.79;-0.10235116630792618,-0.06266219913959503,0.06455183029174805;1.0,0.0,0.0,0.0
9.8;-0.10042691230773926,-0.061484113335609436,0.06333822011947632;1.0,0.0,0.0,0.0
9.81;-0.09849000722169876,-0.060298290103673935,0.06211663782596588;1.0,0.0,0.0,0.0
9.82;-0.09654161334037781,-0.05910543352365494,0.060887809842824936;1.0,0.0,0.0,0.0
9.83;-0.09458288550376892,-0.05790624022483826,0.05965245142579079;1.0,0.0,0.0,0.0
9.84;-0.09261495620012283,-0.0567014217376709,0.05841130018234253;1.0,0.0,0.0,0.0
9.85;-0.09063897281885147,-0.055491670966148376,0.05716507509350777;1.0,0.0,0.0,0.0
9.86;-0.08865611255168915,-0.05427771061658859,0.0559144988656044;1.0,0.0,0.0,0.0
9.87;-0.0866674855351448,-0.05306021869182587,0.05466030165553093;1.0,0.0,0.0,0.0
9.88;-0.08467427641153336,-0.0518399178981781,0.05340319871902466;1.0,0.0,0.0,0.0
9.89;-0.08267760276794434,-0.05061750113964081,0.052143920212984085;1.0,0.0,0.0,0.0
9.9;-0.08067865669727325,-0.04939369112253189,0.05088319629430771;1.0,0.0,0.0,0.0
9.91;-0.07867854088544846,-0.04816916584968567,0.04962174966931343;1.0,0.0,0.0,0.0
9.92;-0.07667843252420425,-0.046944644302129745,0.048360295593738556;1.0,0.0,0.0,0.0
9.93;-0.07467946410179138,-0.045720819383859634,0.04709957540035248;1.0,0.0,0.0,0.0
9.94;-0.07268281280994415,-0.044498421251773834,0.0458403080701828;1.0,0.0,0.0,0.0
9.95;-0.07068958878517151,-0.04327811300754547,0.04458320513367653;1.0,0.0,0.0,0.0
9.96;-0.06870096921920776,-0.042060621082782745,0.04332899674773216;1.0,0.0,0.0,0.0
9.97;-0.06671810150146484,-0.040846653282642365,0.042078424245119095;1.0,0.0,0.0,0.0
9.98;-0.06474213302135468,-0.03963691368699074,0.04083219915628433;1.0,0.0,0.0,0.0
9.99;-0.06277420371770859,-0.03843209147453308,0.039591044187545776;1.0,0.0,0.0,0.0
10.0;-0.060815464705228806,-0.0372328944504261,0.038355689495801926;1.0,0.0,0.0,0.0
10.01;-0.05886705964803696,-0.036040037870407104,0.03712685406208038;1.0,0.0,0.0,0.0
10.02;-0.056930169463157654,-0.0348542183637619,0.03590527921915054;1.0,0.0,0.0,0.0
10.03;-0.055005915462970734,-0.033676132559776306,0.034691665321588516;1.0,0.0,0.0,0.0
10.04;-0.05309544503688812,-0.032506491988897324,0.0334867499768734;1.0,0.0,0.0,0.0
10.05;-0.051199913024902344,-0.031345997005701065,0.032291267067193985;1.0,0.0,0.0,0.0
10.06;-0.04932048171758652,-0.030195359140634537,0.031105928122997284;1.0,0.0,0.0,0.0
10.07;-0.047458283603191376,-0.029055267572402954,0.029931452125310898;1.0,0.0,0.0,0.0
10.08;-0.045614466071128845,-0.027926430106163025,0.02876858040690422;1.0,0.0,0.0,0.0
10.09;-0.043790191411972046,-0.026809558272361755,0.027618028223514557;1.0,0.0,0.0,0.0
10.1;-0.0419866144657135,-0.02570536360144615,0.026480533182621002;1.0,0.0,0.0,0.0
10.11;-0.04020487517118454,-0.024614527821540833,0.025356799364089966;1.0,0.0,0.0,0.0
10.12;-0.03844611346721649,-0.023537758737802505,0.02424757555127144;1.0,0.0,0.0,0.0
10.13;-0.03671148419380188,-0.02247578278183937,0.023153550922870636;1.0,0.0,0.0,0.0
10.14;-0.03500211238861084,-0.021429255604743958,0.022075489163398743;1.0,0.0,0.0,0.0
10.15;-0.03331921994686127,-0.020398952066898346,0.021014094352722168;1.0,0.0,0.0,0.0
10.16;-0.03166387975215912,-0.01938549429178238,0.019970089197158813;1.0,0.0,0.0,0.0
10.17;-0.030037298798561096,-0.018389657139778137,0.01894422620534897;1.0,0.0,0.0,0.0
10.18;-0.028440572321414948,-0.01741209626197815,0.017937183380126953;1.0,0.0,0.0,0.0
10.19;-0.026874884963035583,-0.01645354926586151,0.016949720680713654;1.0,0.0,0.0,0.0
10.2;-0.02534136176109314,-0.015514686703681946,0.01598253846168518;1.0,0.0,0.0,0.0
10.21;-0.02384120225906372,-0.014596238732337952,0.015036411583423615;1.0,0.0,0.0,0.0
10.22;-0.022375479340553284,-0.013698890805244446,0.014111988246440887;1.0,0.0,0.0,0.0
10.23;-0.020945414900779724,-0.01282336562871933,0.013210058212280273;1.0,0.0,0.0,0.0
10.24;-0.019552141427993774,-0.01197034865617752,0.012331336736679077;1.0,0.0,0.0,0.0
10.25;-0.01819676160812378,-0.01114056259393692,0.011476516723632812;1.0,0.0,0.0,0.0
10.26;-0.016880452632904053,-0.010334670543670654,0.010646335780620575;1.0,0.0,0.0,0.0
10.27;-0.015604376792907715,-0.00955343246459961,0.009841524064540863;1.0,0.0,0.0,0.0
10.28;-0.014369696378707886,-0.008797533810138702,0.009062834084033966;1.0,0.0,0.0,0.0
10.29;-0.013177528977394104,-0.00806763768196106,0.008310936391353607;1.0,0.0,0.0,0.0
10.3;-0.012029007077217102,-0.00736449658870697,0.007586583495140076;1.0,0.0,0.0,0.0
10.31;-0.010925337672233582,-0.006688788533210754,0.00689050555229187;1.0,0.0,0.0,0.0
10.32;-0.009867623448371887,-0.006041228771209717,0.006223417818546295;1.0,0.0,0.0,0.0
10.33;-0.00885702669620514,-0.005422525107860565,0.0055860430002212524;1.0,0.0,0.0,0.0
10.34;-0.007894709706306458,-0.0048333629965782166,0.004979126155376434;1.0,0.0,0.0,0.0
10.35;-0.006981804966926575,-0.004274457693099976,0.004403352737426758;1.0,0.0,0.0,0.0
10.36;-0.006119474768638611,-0.003746509552001953,0.003859490156173706;1.0,0.0,0.0,0.0
10.37;-0.0053088366985321045,-0.003250226378440857,0.003348231315612793;1.0,0.0,0.0,0.0
10.38;-0.0045510828495025635,-0.002786293625831604,0.002870336174964905;1.0,0.0,0.0,0.0
10.39;-0.003847360610961914,-0.0023554563522338867,0.0024265050888061523;1.0,0.0,0.0,0.0
10.4;-0.003198787569999695,-0.001958400011062622,0.002017468214035034;1.0,0.0,0.0,0.0
10.41;-0.002606526017189026,-0.0015957951545715332,0.0016439259052276611;1.0,0.0,0.0,0.0
10.42;-0.0020717084407806396,-0.0012683868408203125,0.0013066232204437256;1.0,0.0,0.0,0.0
10.43;-0.001595526933670044,-0.000976860523223877,0.001006290316581726;1.0,0.0,0.0,0.0
10.44;-0.0011791586875915527,-0.0007219016551971436,0.000743672251701355;1.0,0.0,0.0,0.0
10.45;-0.00082358717918396,-0.0005042552947998047,0.0005194544792175293;1.0,0.0,0.0,0.0
10.46;-0.0005301535129547119,-0.0003245919942855835,0.0003343820571899414;1.0,0.0,0.0,0.0
10.47;-0.0002999305725097656,-0.00018365681171417236,0.0001892000436782837;1.0,0.0,0.0,0.0
10.48;-0.0001340806484222412,-8.209049701690674e-05,8.45491886138916e-05;1.0,0.0,0.0,0.0
10.49;-3.37064266204834e-05,-2.0638108253479004e-05,2.1278858184814453e-05;1.0,0.0,0.0,0.0
10.5;0.0,0.0,0.0;1.0,0.0,0.0,0.0
10.51;0.0,0.0,0.0;1.0,0.0,0.0,0.0
10.52;0.0,0.0,0.0;1.0,0.0,0.0,0.0
10.53;0.0,0.0,0.0;1.0,0.0,0.0,0.0
10.54;0.0,0.0,0.0;1.0,0.0,0.0,0.0
10.55;0.0,0.0,0.0;1.0,0.0,0.0,0.0
10.56;0.0,0.0,0.0;1.0,0.0,0.0,0.0
10.57;0.0,0.0,0.0;1.0,0.0,0.0,0.0
10.58;0.0,0.0,0.0;1.0,0.0,0.0,0.0
10.59;0.0,0.0,0.0;1.0,0.0,0.0,0.0
10.6;0.0,0.0,0.0;1.0,0.0,0.0,0.0
10.61;0.0,0.0,0.0;1.0,0.0,0.0,0.0
10.62;0.0,0.0,0.0;1.0,0.0,0.0,0.0
10.63;0.0,0.0,0.0;1.0,0.0,0.0,0.0
10.64;0.0,0.0,0.0;1.0,0.0,0.0,0.0
10.65;0.0,0.0,0.0;1.0,0.0,0.0,0.0
10.66;0.0,0.0,0.0;1.0,0.0,0.0,0.0
10.67;0.0,0.0,0.0;1.0,0.0,0.0,0.0
10.68;0.0,0.0,0.0;1.0,0.0,0.0,0.0
10.69;0.0,0.0,0.0;1.0,0.0,0.0,0.0
10.7;0.0,0.0,0.0;1.0,0.0,0.0,0.0
10.71;0.0,0.0,0.0;1.0,0.0,0.0,0.0
10.72;0.0,0.0,0.0;1.0,0.0,0.0,0.0
10.73;0.0,0.0,0.0;1.0,0.0,0.0,0.0
10.74;0.0,0.0,0.0;1.0,0.0,0.0,0.0
10.75;0.0,0.0,0.0;1.0,0.0,0.0,0.0
10.76;0.0,0.0,0.0;1.0,0.0,0.0,0.0
10.77;0.0,0.0,0.0;1.0,0.0,0.0,0.0
10.78;0.0,0.0,0.0;1.0,0.0,0.0,0.0
10.79;0.0,0.0,0.0;1.0,0.0,0.0,0.0
10.8;0.0,0.0,0.0;1.0,0.0,0.0,0.0
10.81;0.0,0.0,0.0;1.0,0.0,0.0,0.0
10.82;0.0,0.0,0.0;1.0,0.0,0.0,0.0
10.83;0.0,0.0,0.0;1.0,0.0,0.0,0.0
10.84;0.0,0.0,0.0;1.0,0.0,0.0,0.0
10.85;0.0,0.0,0.0;1.0,0.0,0.0,0.0
10.86;0.0,0.0,0.0;1.0,0.0,0.0,0.0
10.87;0.0,0.0,0.0;1.0,0.0,0.0,0.0
10.88;0.0,0.0,0.0;1.0,0.0,0.0,0.0
10.89;0.0,0.0,0.0;1.0,0.0,0.0,0.0
10.9;0.0,0.0,0.0;1.0,0.0,0.0,0.0
10.91;0.0,0.0,0.0;1.0,0.0,0.0,0.0
10.92;0.0,0.0,0.0;1.0,0.0,0.0,0.0
10.93;0.0,0.0,0.0;1.0,0.0,0.0,0.0
10.94;0.0,0.0,0.0;1.0,0.0,0.0,0.0
10.95;0.0,0.0,0.0;1.0,0.0,0.0,0.0
10.96;0.0,0.0,0.0;1.0,0.0,0.0,0.0
10.97;0.0,0.0,0.0;1.0,0.0,0.0,0.0
10.98;0.0,0.0,0.0;1.0,0.0,0.0,0.0
10.99;0.0,0.0,0.0;1.0,0.0,0.0,0.0
11.0;0.0,0.0,0.0;1.0,0.0,0.0,0.0
11.01;0.0,0.0,0.0;1.0,0.0,0.0,0.0
11.02;0.0,0.0,0.0;1.0,0.0,0.0,0.0
11.03;0.0,0.0,0.0;1.0,0.0,0.0,0.0
11.04;0.0,0.0,0.0;1.0,0.0,0.0,0.0
11.05;0.0,0.0,0.0;1.0,0.0,0.0,0.0
11.06;0.0,0.0,0.0;1.0,0.0,0.0,0.0
11.07;0.0,0.0,0.0;1.0,0.0,0.0,0.0
11.08;0.0,0.0,0.0;1.0,0.0,0.0,0.0
11.09;0.0,0.0,0.0;1.0,0.0,0.0,0.0
11.1;0.0,0.0,0.0;1.0,0.0,0.0,0.0
11.11;0.0,0.0,0.0;1.0,0.0,0.0,0.0
11.12;0.0,0.0,0.0;1.0,0.0,0.0,0.0
11.13;0.0,0.0,0.0;1.0,0.0,0.0,0.0
11.14;0.0,0.0,0.0;1.0,0.0,0.0,0.0
11.15;0.0,0.0,0.0;1.0,0.0,0.0,0.0
11.16;0.0,0.0,0.0;1.0,0.0,0.0,0.0
11.17;0.0,0.0,0.0;1.0,0.0,0.0,0.0
11.18;0.0,0.0,0.0;1.0,0.0,0.0,0.0
11.19;0.0,0.0,0.0;1.0,0.0,0.0,0.0
11.2;0.0,0.0,0.0;1.0,0.0,0.0,0.0
11.21;0.0,0.0,0.0;1.0,0.0,0.0,0.0
11.22;0.0,0.0,0.0;1.0,0.0,0.0,0.0
11.23;0.0,0.0,0.0;1.0,0.0,0.0,0.0
11.24;0.0,0.0,0.0;1.0,0.0,0.0,0.0
11.25;0.0,0.0,0.0;1.0,0.0,0.0,0.0
11.26;0.0,0.0,0.0;1.0,0.0,0.0,0.0
11.27;0.0,0.0,0.0;1.0,0.0,0.0,0.0
11.28;0.0,0.0,0.0;1.0,0.0,0.0,0.0
11.29;0.0,0.0,0.0;1.0,0.0,0.0,0.0
11.3;0.0,0.0,0.0;1.0,0.0,0.0,0.0
11.31;0.0,0.0,0.0;1.0,0.0,0.0,0.0
11.32;0.0,0.0,0.0;1.0,0.0,0.0,0.0
11.33;0.0,0.0,0.0;1.0,0.0,0.0,0.0
11.34;0.0,0.0,0.0;1.0,0.0,0.0,0.0
11.35;0.0,0.0,0.0;1.0,0.0,0.0,0.0
11.36;0.0,0.0,0.0;1.0,0.0,0.0,0.0
11.37;0.0,0.0,0.0;1.0,0.0,0.0,0.0
11.38;0.0,0.0,0.0;1.0,0.0,0.0,0.0
11.39;0.0,0.0,0.0;1.0,0.0,0.0,0.0
11.4;0.0,0.0,0.0;1.0,0.0,0.0,0.0
11.41;0.0,0.0,0.0;1.0,0.0,0.0,0.0
11.42;0.0,0.0,0.0;1.0,0.0,0.0,0.0
11.43;0.0,0.0,0.0;1.0,0.0,0.0,0.0
11.44;0.0,0.0,0.0;1.0,0.0,0.0,0.0
11.45;0.0,0.0,0.0;1.0,0.0,0.0,0.0
11.46;0.0,0.0,0.0;1.0,0.0,0.0,0.0
11.47;0.0,0.0,0.0;1.0,0.0,0.0,0.0
11.48;0.0,0.0,0.0;1.0,0.0,0.0,0.0
11.49;0.0,0.0,0.0;1.0,0.0,0.0,0.0
11.5;0.0,0.0,0.0;1.0,0.0,0.0,0.0
11.51;0.0,0.0,0.0;1.0,0.0,0.0,0.0
11.52;0.0,0.0,0.0;1.0,0.0,0.0,0.0
11.53;0.0,0.0,0.0;1.0,0.0,0.0,0.0
11.54;0.0,0.0,0.0;1.0,0.0,0.0,0.0
11.55;0.0,0.0,0.0;1.0,0.0,0.0,0.0
11.56;0.0,0.0,0.0;1.0,0.0,0.0,0.0
11.57;0.0,0.0,0.0;1.0,0.0,0.0,0.0
11.58;0.0,0.0,0.0;1.0,0.0,0.0,0.0
11.59;0.0,0.0,0.0;1.0,0.0,0.0,0.0
11.6;0.0,0.0,0.0;1.0,0.0,0.0,0.0
11.61;0.0,0.0,0.0;1.0,0.0,0.0,0.0
11.62;0.0,0.0,0.0;1.0,0.0,0.0,0.0
11.63;0.0,0.0,0.0;1.0,0.0,0.0,0.0
11.64;0.0,0.0,0.0;1.0,0.0,0.0,0.0
11.65;0.0,0.0,0.0;1.0,0.0,0.0,0.0
11.66;0.0,0.0,0.0;1.0,0.0,0.0,0.0
11.67;0.0,0.0,0.0;1.0,0.0,0.0,0.0
11.68;0.0,0.0,0.0;1.0,0.0,0.0,0.0
11.69;0.0,0.0,0.0;1.0,0.0,0.0,0.0
11.7;0.0,0.0,0.0;1.0,0.0,0.0,0.0
11.71;0.0,0.0,0.0;1.0,0.0,0.0,0.0
11.72;0.0,0.0,0.0;1.0,0.0,0.0,0.0
11.73;0.0,0.0,0.0;1.0,0.0,0.0,0.0
11.74;0.0,0.0,0.0;1.0,0.0,0.0,0.0
11.75;0.0,0.0,0.0;1.0,0.0,0.0,0.0
11.76;0.0,0.0,0.0;1.0,0.0,0.0,0.0
11.77;0.0,0.0,0.0;1.0,0.0,0.0,0.0
11.78;0.0,0.0,0.0;1.0,0.0,0.0,0.0
11.79;0.0,0.0,0.0;1.0,0.0,0.0,0.0
11.8;0.0,0.0,0.0;1.0,0.0,0.0,0.0
11.81;0.0,0.0,0.0;1.0,0.0,0.0,0.0
11.82;0.0,0.0,0.0;1.0,0.0,0.0,0.0
11.83;0.0,0.0,0.0;1.0,0.0,0.0,0.0
11.84;0.0,0.0,0.0;1.0,0.0,0.0,0.0
11.85;0.0,0.0,0.0;1.0,0.0,0.0,0.0
11.86;0.0,0.0,0.0;1.0,0.0,0.0,0.0
11.87;0.0,0.0,0.0;1.0,0.0,0.0,0.0
11.88;0.0,0.0,0.0;1.0,0.0,0.0,0.0
11.89;0.0,0.0,0.0;1.0,0.0,0.0,0.0
11.9;0.0,0.0,0.0;1.0,0.0,0.0,0.0
11.91;0.0,0.0,0.0;1.0,0.0,0.0,0.0
11.92;0.0,0.0,0.0;1.0,0.0,0.0,0.0
11.93;0.0,0.0,0.0;1.0,0.0,0.0,0.0
11.94;0.0,0.0,0.0;1.0,0.0,0.0,0.0
11.95;0.0,0.0,0.0;1.0,0.0,0.0,0.0
11.96;0.0,0.0,0.0;1.0,0.0,0.0,0.0
11.97;0.0,0.0,0.0;1.0,0.0,0.0,0.0
11.98;0.0,0.0,0.0;1.0,0.0,0.0,0.0
11.99;0.0,0.0,0.0;1.0,0.0,0.0,0.0
