0.0;0.0,0.0,0.0;1.0,0.0,0.0,0.0
0.01;0.0,0.0,0.0;1.0,0.0,0.0,0.0
0.02;0.0,0.0,0.0;1.0,0.0,0.0,0.0
0.03;0.0,0.0,0.0;1.0,0.0,0.0,0.0
0.04;0.0,0.0,0.0;1.0,0.0,0.0,0.0
0.05;0.0,0.0,0.0;1.0,0.0,0.0,0.0
0.06;0.0,0.0,0.0;1.0,0.0,0.0,0.0
0.07;0.0,0.0,0.0;1.0,0.0,0.0,0.0
0.08;0.0,0.0,0.0;1.0,0.0,0.0,0.0
0.09;0.0,0.0,0.0;1.0,0.0,0.0,0.0
0.1;0.0,0.0,0.0;1.0,0.0,0.0,0.0
0.11;0.0,0.0,0.0;1.0,0.0,0.0,0.0
0.12;0.0,0.0,0.0;1.0,0.0,0.0,0.0
0.13;0.0,0.0,0.0;1.0,0.0,0.0,0.0
0.14;0.0,0.0,0.0;1.0,0.0,0.0,0.0
0.15;0.0,0.0,0.0;1.0,0.0,0.0,0.0
0.16;0.0,0.0,0.0;1.0,0.0,0.0,0.0
0.17;0.0,0.0,0.0;1.0,0.0,0.0,0.0
0.18;0.0,0.0,0.0;1.0,0.0,0.0,0.0
0.19;0.0,0.0,0.0;1.0,0.0,0.0,0.0
0.2;0.0,0.0,0.0;1.0,0.0,0.0,0.0
0.21;0.0,0.0,0.0;1.0,0.0,0.0,0.0
0.22;0.0,0.0,0.0;1.0,0.0,0.0,0.0
0.23;0.0,0.0,0.0;1.0,0.0,0.0,0.0
0.24;0.0,0.0,0.0;1.0,0.0,0.0,0.0
0.25;0.0,0.0,0.0;1.0,0.0,0.0,0.0
0.26;0.0,0.0,0.0;1.0,0.0,0.0,0.0
0.27;0.0,0.0,0.0;1.0,0.0,0.0,0.0
0.28;0.0,0.0,0.0;1.0,0.0,0.0,0.0
0.29;0.0,0.0,0.0;1.0,0.0,0.0,0.0
0.3;0.0,0.0,0.0;1.0,0.0,0.0,0.0
0.31;0.0,0.0,0.0;1.0,0.0,0.0,0.0
0.32;0.0,0.0,0.0;1.0,0.0,0.0,0.0
0.33;0.0,0.0,0.0;1.0,0.0,0.0,0.0
0.34;0.0,0.0,0.0;1.0,0.0,0.0,0.0
0.35;0.0,0.0,0.0;1.0,0.0,0.0,0.0
0.36;0.0,0.0,0.0;1.0,0.0,0.0,0.0
0.37;0.0,0.0,0.0;1.0,0.0,0.0,0.0
0.38;0.0,0.0,0.0;1.0,0.0,0.0,0.0
0.39;0.0,0.0,0.0;1.0,0.0,0.0,0.0
0.4;0.0,0.0,0.0;1.0,0.0,0.0,0.0
0.41;0.0,0.0,0.0;1.0,0.0,0.0,0.0
0.42;0.0,0.0,0.0;1.0,0.0,0.0,0.0
0.43;0.0,0.0,0.0;1.0,0.0,0.0,0.0
0.44;0.0,0.0,0.0;1.0,0.0,0.0,0.0
0.45;0.0,0.0,0.0;1.0,0.0,0.0,0.0
0.46;0.0,0.0,0.0;1.0,0.0,0.0,0.0
0.47;0.0,0.0,0.0;1.0,0.0,0.0,0.0
0.48;0.0,0.0,0.0;1.0,0.0,0.0,0.0
0.49;0.0,0.0,0.0;1.0,0.0,0.0,0.0
0.5;0.0,0.0,0.0;1.0,0.0,0.0,0.0
0.51;0.0,0.0,0.0;1.0,0.0,0.0,0.0
0.52;0.0,0.0,0.0;1.0,0.0,0.0,0.0
0.53;0.0,0.0,0.0;1.0,0.0,0.0,0.0
0.54;0.0,0.0,0.0;1.0,0.0,0.0,0.0
0.55;0.0,0.0,0.0;1.0,0.0,0.0,0.0
0.56;0.0,1.9719916963367723e-05,-9.317927833762951e-06;1.0,0.0,0.0,0.0
0.57;0.0,7.86033779149875e-05,-3.714116246555932e-05;1.0,0.0,0.0,0.0
0.58;0.0,0.0001762359606800601,-8.327388786710799e-05;1.0,0.0,0.0,0.0
0.59;0.0,0.0003122032212559134,-0.00014752025890629739;1.0,0.0,0.0,0.0
0.6;0.0,0.0004860907210968435,-0.00022968447592575103;1.0,0.0,0.0,0.0
0.61;0.0,0.0006974841235205531,-0.000329570728354156;1.0,0.0,0.0,0.0
0.62;0.0,0.0009459688444621861,-0.00044698314741253853;1.0,0.0,0.0,0.0
0.63;0.0,0.0012311305617913604,-0.0005817259079776704;1.0,0.0,0.0,0.0
0.64;0.0,0.001552554895170033,-0.0007336032576858997;1.0,0.0,0.0,0.0
0.65;0.0,0.0019098271150141954,-0.0009024193277582526;1.0,0.0,0.0,0.0
0.66;0.0,0.002302533481270075,-0.001087978365831077;1.0,0.0,0.0,0.0
0.67;0.0,0.0027302587404847145,-0.0012900843285024166;1.0,0.0,0.0,0.0
0.68;0.0,0.0031925884541124105,-0.001508541638031602;1.0,0.0,0.0,0.0
0.69;0.0,0.0036891091149300337,-0.0017431542510166764;1.0,0.0,0.0,0.0
0.7;0.0,0.00421940628439188,-0.0019937269389629364;1.0,0.0,0.0,0.0
0.71;0.0,0.004783064126968384,-0.002260062610730529;1.0,0.0,0.0,0.0
0.72;0.0,0.005379669368267059,-0.0025419669691473246;1.0,0.0,0.0,0.0
0.73;0.0,0.0060088071040809155,-0.0028392430394887924;1.0,0.0,0.0,0.0
0.74;0.0,0.006670063361525536,-0.0031516957096755505;1.0,0.0,0.0,0.0
0.75;0.0,0.007363024167716503,-0.003479128936305642;1.0,0.0,0.0,0.0
0.76;0.0,0.008087272755801678,-0.003821346443146467;1.0,0.0,0.0,0.0
0.77;0.0,0.008842396549880505,-0.004178152885288;1.0,0.0,0.0,0.0
0.78;0.0,0.009627982042729855,-0.004549352452158928;1.0,0.0,0.0,0.0
0.79;0.0,0.010443612933158875,-0.004934749100357294;1.0,0.0,0.0,0.0
0.8;0.0,0.011288873851299286,-0.005334146320819855;1.0,0.0,0.0,0.0
0.81;0.0,0.012163355946540833,-0.0057473513297736645;1.0,0.0,0.0,0.0
0.82;0.0,0.013066638261079788,-0.006174164358526468;1.0,0.0,0.0,0.0
0.83;0.0,0.013998308219015598,-0.0066143907606601715;1.0,0.0,0.0,0.0
0.84;0.0,0.014957952313125134,-0.0070678358897566795;1.0,0.0,0.0,0.0
0.85;0.0,0.015945160761475563,-0.00753430463373661;1.0,0.0,0.0,0.0
0.86;0.0,0.016959508880972862,-0.008013599552214146;1.0,0.0,0.0,0.0
0.87;0.0,0.018000587821006775,-0.008505522273480892;1.0,0.0,0.0,0.0
0.88;0.0,0.01906798593699932,-0.009009882807731628;1.0,0.0,0.0,0.0
0.89;0.0,0.020161284133791924,-0.009526480920612812;1.0,0.0,0.0,0.0
0.9;0.0,0.021280068904161453,-0.010055122897028923;1.0,0.0,0.0,0.0
0.91;0.0,0.02242393046617508,-0.010595612227916718;1.0,0.0,0.0,0.0
0.92;0.0,0.023592445999383926,-0.011147752404212952;1.0,0.0,0.0,0.0
0.93;0.0,0.024785207584500313,-0.011711347848176956;1.0,0.0,0.0,0.0
0.94;0.0,0.02600179985165596,-0.012286204844713211;1.0,0.0,0.0,0.0
0.95;0.0,0.02724180929362774,-0.012872125022113323;1.0,0.0,0.0,0.0
0.96;0.0,0.028504811227321625,-0.013468911871314049;1.0,0.0,0.0,0.0
0.97;0.0,0.029790407046675682,-0.014076372608542442;1.0,0.0,0.0,0.0
0.98;0.0,0.031098173931241035,-0.01469430886209011;1.0,0.0,0.0,0.0
0.99;0.0,0.03242769464850426,-0.015322526916861534;1.0,0.0,0.0,0.0
1.0;0.0,0.033778559416532516,-0.015960829332470894;1.0,0.0,0.0,0.0
1.01;0.0,0.03515035659074783,-0.01660902239382267;1.0,0.0,0.0,0.0
1.02;0.0,0.03654266893863678,-0.017266906797885895;1.0,0.0,0.0,0.0
1.03;0.0,0.03795507177710533,-0.017934288829565048;1.0,0.0,0.0,0.0
1.04;0.0,0.03938717022538185,-0.01861097291111946;1.0,0.0,0.0,0.0
1.05;0.0,0.04083852842450142,-0.019296759739518166;1.0,0.0,0.0,0.0
1.06;0.0,0.0423087552189827,-0.01999146305024624;1.0,0.0,0.0,0.0
1.07;0.0,0.04379742220044136,-0.020694877952337265;1.0,0.0,0.0,0.0
1.08;0.0,0.045304104685783386,-0.021406807005405426;1.0,0.0,0.0,0.0
1.09;0.0,0.046828415244817734,-0.02212706208229065;1.0,0.0,0.0,0.0
1.1;0.0,0.04836992174386978,-0.022855445742607117;1.0,0.0,0.0,0.0
1.11;0.0,0.0499282032251358,-0.02359175495803356;1.0,0.0,0.0,0.0
1.12;0.0,0.05150286853313446,-0.02433580346405506;1.0,0.0,0.0,0.0
1.13;0.0,0.053093478083610535,-0.025087391957640648;1.0,0.0,0.0,0.0
1.14;0.0,0.05469962954521179,-0.025846317410469055;1.0,0.0,0.0,0.0
1.15;0.0,0.056320920586586,-0.02661239728331566;1.0,0.0,0.0,0.0
1.16;0.0,0.057956911623477936,-0.027385428547859192;1.0,0.0,0.0,0.0
1.17;0.0,0.05960719659924507,-0.028165213763713837;1.0,0.0,0.0,0.0
1.18;0.0,0.06127137690782547,-0.028951559215784073;1.0,0.0,0.0,0.0
1.19;0.0,0.06294902414083481,-0.02974427118897438;1.0,0.0,0.0,0.0
1.2;0.0,0.06463971734046936,-0.030543142929673195;1.0,0.0,0.0,0.0
1.21;0.0,0.06634305417537689,-0.03134799748659134;1.0,0.0,0.0,0.0
1.22;0.0,0.06805862486362457,-0.03215862438082695;1.0,0.0,0.0,0.0
1.23;0.0,0.06978598982095718,-0.03297483175992966;1.0,0.0,0.0,0.0
1.24;0.0,0.07152476906776428,-0.03379642590880394;1.0,0.0,0.0,0.0
1.25;0.0,0.07327452301979065,-0.03462320938706398;1.0,0.0,0.0,0.0
1.26;0.0,0.07503484189510345,-0.03545498475432396;1.0,0.0,0.0,0.0
1.27;0.0,0.07680531591176987,-0.03629155829548836;1.0,0.0,0.0,0.0
1.28;0.0,0.07858553528785706,-0.037132732570171356;1.0,0.0,0.0,0.0
1.29;0.0,0.0803750678896904,-0.037978313863277435;1.0,0.0,0.0,0.0
1.3;0.0,0.08217352628707886,-0.038828108459711075;1.0,0.0,0.0,0.0
1.31;0.0,0.08398047089576721,-0.03968191146850586;1.0,0.0,0.0,0.0
1.32;0.0,0.08579549193382263,-0.04053953289985657;1.0,0.0,0.0,0.0
1.33;0.0,0.08761818706989288,-0.041400786489248276;1.0,0.0,0.0,0.0
1.34;0.0,0.08944813907146454,-0.04226546362042427;1.0,0.0,0.0,0.0
1.35;0.0,0.09128493070602417,-0.04313337057828903;1.0,0.0,0.0,0.0
1.36;0.0,0.09312812238931656,-0.04400430619716644;1.0,0.0,0.0,0.0
1.37;0.0,0.09497734159231186,-0.04487808793783188;1.0,0.0,0.0,0.0
1.38;0.0,0.09683216363191605,-0.04575451463460922;1.0,0.0,0.0,0.0
1.39;0.0,0.0986921489238739,-0.04663338512182236;1.0,0.0,0.0,0.0
1.4;0.0,0.10055691748857498,-0.04751450940966606;1.0,0.0,0.0,0.0
1.41;0.0,0.10242602229118347,-0.04839768260717392;1.0,0.0,0.0,0.0
1.42;0.0,0.10429906845092773,-0.049282729625701904;1.0,0.0,0.0,0.0
1.43;0.0,0.10617564618587494,-0.050169430673122406;1.0,0.0,0.0,0.0
1.44;0.0,0.10805530101060867,-0.0510575994849205;1.0,0.0,0.0,0.0
1.45;0.0,0.10993768274784088,-0.051947057247161865;1.0,0.0,0.0,0.0
1.46;0.0,0.11182234436273575,-0.05283758044242859;1.0,0.0,0.0,0.0
1.47;0.0,0.11370885372161865,-0.05372897535562515;1.0,0.0,0.0,0.0
1.48;0.0,0.11559681594371796,-0.05462107062339783;1.0,0.0,0.0,0.0
1.49;0.0,0.11748582869768143,-0.0555136539041996;1.0,0.0,0.0,0.0
1.5;0.0,0.11937543749809265,-0.056406520307064056;1.0,0.0,0.0,0.0
1.51;0.0,0.12126526236534119,-0.05729948729276657;1.0,0.0,0.0,0.0
1.52;0.0,0.1231548860669136,-0.058192357420921326;1.0,0.0,0.0,0.0
1.53;0.0,0.12504389882087708,-0.0590849444270134;1.0,0.0,0.0,0.0
1.54;0.0,0.12693186104297638,-0.059977032244205475;1.0,0.0,0.0,0.0
1.55;0.0,0.12881839275360107,-0.06086844578385353;1.0,0.0,0.0,0.0
1.56;0.0,0.13070304691791534,-0.061758965253829956;1.0,0.0,0.0,0.0
1.57;0.0,0.13258540630340576,-0.06264840811491013;1.0,0.0,0.0,0.0
1.58;0.0,0.1344650685787201,-0.06353658437728882;1.0,0.0,0.0,0.0
1.59;0.0,0.1363416612148285,-0.06442328542470932;1.0,0.0,0.0,0.0
1.6;0.0,0.13821470737457275,-0.06530832499265671;1.0,0.0,0.0,0.0
1.61;0.0,0.14008381962776184,-0.06619150936603546;1.0,0.0,0.0,0.0
1.62;0.0,0.14194859564304352,-0.06707264482975006;1.0,0.0,0.0,0.0
1.63;0.0,0.14380855858325958,-0.067951500415802;1.0,0.0,0.0,0.0
1.64;0.0,0.14566338062286377,-0.06882792711257935;1.0,0.0,0.0,0.0
1.65;0.0,0.14751258492469788,-0.06970170140266418;1.0,0.0,0.0,0.0
1.66;0.0,0.14935579895973206,-0.07057265192270279;1.0,0.0,0.0,0.0
1.67;0.0,0.15119260549545288,-0.07144055515527725;1.0,0.0,0.0,0.0
1.68;0.0,0.15302252769470215,-0.07230523228645325;1.0,0.0,0.0,0.0
1.69;0.0,0.1548452377319336,-0.07316647469997406;1.0,0.0,0.0,0.0
1.7;0.0,0.156660258769989,-0.07402410358190536;1.0,0.0,0.0,0.0
1.71;0.0,0.15846718847751617,-0.07487790286540985;1.0,0.0,0.0,0.0
1.72;0.0,0.16026565432548523,-0.07572770118713379;1.0,0.0,0.0,0.0
1.73;0.0,0.16205519437789917,-0.07657328248023987;1.0,0.0,0.0,0.0
1.74;0.0,0.16383540630340576,-0.07741446793079376;1.0,0.0,0.0,0.0
1.75;0.0,0.16560588777065277,-0.07825102657079697;1.0,0.0,0.0,0.0
1.76;0.0,0.16736620664596558,-0.07908280193805695;1.0,0.0,0.0,0.0
1.77;0.0,0.16911596059799194,-0.07990958541631699;1.0,0.0,0.0,0.0
1.78;0.0,0.17085471749305725,-0.08073117583990097;1.0,0.0,0.0,0.0
1.79;0.0,0.17258211970329285,-0.08154739439487457;1.0,0.0,0.0,0.0
1.8;0.0,0.17429767549037933,-0.08235802501440048;1.0,0.0,0.0,0.0
1.81;0.0,0.17600099742412567,-0.08316286653280258;1.0,0.0,0.0,0.0
1.82;0.0,0.17769169807434082,-0.08396174758672714;1.0,0.0,0.0,0.0
1.83;0.0,0.17936936020851135,-0.08475446701049805;1.0,0.0,0.0,0.0
1.84;0.0,0.18103352189064026,-0.08554080873727798;1.0,0.0,0.0,0.0
1.85;0.0,0.1826838105916977,-0.08632059395313263;1.0,0.0,0.0,0.0
1.86;0.0,0.18431979417800903,-0.08709360659122467;1.0,0.0,0.0,0.0
1.87;0.0,0.18594107031822205,-0.08785969763994217;1.0,0.0,0.0,0.0
1.88;0.0,0.1875472366809845,-0.08861862123012543;1.0,0.0,0.0,0.0
1.89;0.0,0.18913784623146057,-0.08937021344900131;1.0,0.0,0.0,0.0
1.9;0.0,0.19071249663829803,-0.09011425822973251;1.0,0.0,0.0,0.0
1.91;0.0,0.19227081537246704,-0.09085056185722351;1.0,0.0,0.0,0.0
1.92;0.0,0.1938123106956482,-0.09157894551753998;1.0,0.0,0.0,0.0
1.93;0.0,0.19533661007881165,-0.0922992005944252;1.0,0.0,0.0,0.0
1.94;0.0,0.19684331119060516,-0.09301114082336426;1.0,0.0,0.0,0.0
1.95;0.0,0.19833196699619293,-0.09371455758810043;1.0,0.0,0.0,0.0
1.96;0.0,0.1998021900653839,-0.0944092646241188;1.0,0.0,0.0,0.0
1.97;0.0,0.20125357806682587,-0.09509504586458206;1.0,0.0,0.0,0.0
1.98;0.0,0.2026856392621994,-0.09577172994613647;1.0,0.0,0.0,0.0
1.99;0.0,0.20409804582595825,-0.09643911570310593;1.0,0.0,0.0,0.0
2.0;0.0,0.2054903656244278,-0.0970969945192337;1.0,0.0,0.0,0.0
2.01;0.0,0.2068621665239334,-0.09774518013000488;1.0,0.0,0.0,0.0
2.02;0.0,0.20821303129196167,-0.09838348627090454;1.0,0.0,0.0,0.0
2.03;0.0,0.20954255759716034,-0.09901171922683716;1.0,0.0,0.0,0.0
2.04;0.0,0.210850328207016,-0.09962964802980423;1.0,0.0,0.0,0.0
2.05;0.0,0.2121359258890152,-0.10023710876703262;1.0,0.0,0.0,0.0
2.06;0.0,0.21339893341064453,-0.10083390772342682;1.0,0.0,0.0,0.0
2.07;0.0,0.21463891863822937,-0.10141979902982712;1.0,0.0,0.0,0.0
2.08;0.0,0.21585550904273987,-0.10199467837810516;1.0,0.0,0.0,0.0
2.09;0.0,0.2170482873916626,-0.10255827009677887;1.0,0.0,0.0,0.0
2.1;0.0,0.21821677684783936,-0.10311039537191391;1.0,0.0,0.0,0.0
2.11;0.0,0.21936064958572388,-0.10365089774131775;1.0,0.0,0.0,0.0
2.12;0.0,0.22047942876815796,-0.10417953133583069;1.0,0.0,0.0,0.0
2.13;0.0,0.22157272696495056,-0.10469613969326019;1.0,0.0,0.0,0.0
2.14;0.0,0.22264015674591064,-0.10520049929618835;1.0,0.0,0.0,0.0
2.15;0.0,0.2236812710762024,-0.10569243133068085;1.0,0.0,0.0,0.0
2.16;0.0,0.2246955931186676,-0.10617171227931976;1.0,0.0,0.0,0.0
2.17;0.0,0.22568273544311523,-0.10663817822933197;1.0,0.0,0.0,0.0
2.18;0.0,0.2266424298286438,-0.10709162056446075;1.0,0.0,0.0,0.0
2.19;0.0,0.22757405042648315,-0.1075318455696106;1.0,0.0,0.0,0.0
2.2;0.0,0.2284773886203766,-0.10795867443084717;1.0,0.0,0.0,0.0
2.21;0.0,0.22935187816619873,-0.10837188363075256;1.0,0.0,0.0,0.0
2.22;0.0,0.23019710183143616,-0.10877126455307007;1.0,0.0,0.0,0.0
2.23;0.0,0.2310127317905426,-0.10915668308734894;1.0,0.0,0.0,0.0
2.24;0.0,0.23179832100868225,-0.10952788591384888;1.0,0.0,0.0,0.0
2.25;0.0,0.23255348205566406,-0.10988467931747437;1.0,0.0,0.0,0.0
2.26;0.0,0.23327770829200745,-0.11022688448429108;1.0,0.0,0.0,0.0
2.27;0.0,0.23397067189216614,-0.11055430769920349;1.0,0.0,0.0,0.0
2.28;0.0,0.23463189601898193,-0.11086677014827728;1.0,0.0,0.0,0.0
2.29;0.0,0.23526105284690857,-0.11116406321525574;1.0,0.0,0.0,0.0
2.3;0.0,0.23585766553878784,-0.11144594848155975;1.0,0.0,0.0,0.0
2.31;0.0,0.2364213466644287,-0.11171227693557739;1.0,0.0,0.0,0.0
2.32;0.0,0.23695161938667297,-0.11196285486221313;1.0,0.0,0.0,0.0
2.33;0.0,0.2374480962753296,-0.11219745874404907;1.0,0.0,0.0,0.0
2.34;0.0,0.2379104495048523,-0.11241595447063446;1.0,0.0,0.0,0.0
2.35;0.0,0.2383381724357605,-0.11261805891990662;1.0,0.0,0.0,0.0
2.36;0.0,0.23873090744018555,-0.11280359327793121;1.0,0.0,0.0,0.0
2.37;0.0,0.23908817768096924,-0.11297242343425751;1.0,0.0,0.0,0.0
2.38;0.0,0.23940959572792053,-0.1131243109703064;1.0,0.0,0.0,0.0
2.39;0.0,0.2396947741508484,-0.11325903236865997;1.0,0.0,0.0,0.0
2.4;0.0,0.239943265914917,-0.1133764386177063;1.0,0.0,0.0,0.0
2.41;0.0,0.24015462398529053,-0.11347635090351105;1.0,0.0,0.0,0.0
2.42;0.0,0.24032852053642273,-0.11355851590633392;1.0,0.0,0.0,0.0
2.43;0.0,0.24046450853347778,-0.1136227548122406;1.0,0.0,0.0,0.0
2.44;0.0,0.24056214094161987,-0.11366888880729675;1.0,0.0,0.0,0.0
2.45;0.0,0.24062100052833557,-0.11369670927524567;1.0,0.0,0.0,0.0
2.46;0.0,0.24064072966575623,-0.11370601505041122;1.0,0.0,0.0,0.0
2.47;0.0,0.24061495065689087,-0.11369383335113525;1.0,0.0,0.0,0.0
2.48;0.0,0.24053800106048584,-0.11365747451782227;1.0,0.0,0.0,0.0
2.49;0.0,0.24041055142879486,-0.11359725147485733;1.0,0.0,0.0,0.0
2.5;0.0,0.2402331829071045,-0.11351343989372253;1.0,0.0,0.0,0.0
2.51;0.0,0.24000650644302368,-0.11340633779764175;1.0,0.0,0.0,0.0
2.52;0.0,0.23973117768764496,-0.11327623575925827;1.0,0.0,0.0,0.0
2.53;0.0,0.23940779268741608,-0.11312343180179596;1.0,0.0,0.0,0.0
2.54;0.0,0.23903696238994598,-0.1129482090473175;1.0,0.0,0.0,0.0
2.55;0.0,0.23861932754516602,-0.11275088042020798;1.0,0.0,0.0,0.0
2.56;0.0,0.2381555140018463,-0.11253172159194946;1.0,0.0,0.0,0.0
2.57;0.0,0.23764611780643463,-0.11229102313518524;1.0,0.0,0.0,0.0
2.58;0.0,0.2370917648077011,-0.11202908307313919;1.0,0.0,0.0,0.0
2.59;0.0,0.23649311065673828,-0.11174619942903519;1.0,0.0,0.0,0.0
2.6;0.0,0.2358507215976715,-0.1114426702260971;1.0,0.0,0.0,0.0
2.61;0.0,0.23516523838043213,-0.11111877113580704;1.0,0.0,0.0,0.0
2.62;0.0,0.23443730175495148,-0.11077480018138885;1.0,0.0,0.0,0.0
2.63;0.0,0.2336674928665161,-0.11041106283664703;1.0,0.0,0.0,0.0
2.64;0.0,0.23285645246505737,-0.11002784222364426;1.0,0.0,0.0,0.0
2.65;0.0,0.2320048213005066,-0.1096254363656044;1.0,0.0,0.0,0.0
2.66;0.0,0.23111319541931152,-0.10920412093400955;1.0,0.0,0.0,0.0
2.67;0.0,0.2301822006702423,-0.10876420885324478;1.0,0.0,0.0,0.0
2.68;0.0,0.2292124330997467,-0.10830599069595337;1.0,0.0,0.0,0.0
2.69;0.0,0.22820456326007843,-0.1078297570347786;1.0,0.0,0.0,0.0
2.7;0.0,0.22715915739536285,-0.10733579099178314;1.0,0.0,0.0,0.0
2.71;0.0,0.2260768711566925,-0.10682439804077148;1.0,0.0,0.0,0.0
2.72;0.0,0.22495831549167633,-0.1062958687543869;1.0,0.0,0.0,0.0
2.73;0.0,0.22380410134792328,-0.10575048625469208;1.0,0.0,0.0,0.0
2.74;0.0,0.22261486947536469,-0.10518855601549149;1.0,0.0,0.0,0.0
2.75;0.0,0.2213912308216095,-0.1046103686094284;1.0,0.0,0.0,0.0
2.76;0.0,0.22013379633426666,-0.10401620715856552;1.0,0.0,0.0,0.0
2.77;0.0,0.21884319186210632,-0.1034063771367073;1.0,0.0,0.0,0.0
2.78;0.0,0.21752001345157623,-0.10278116166591644;1.0,0.0,0.0,0.0
2.79;0.0,0.21616491675376892,-0.1021408662199974;1.0,0.0,0.0,0.0
2.8;0.0,0.21477852761745453,-0.10148577392101288;1.0,0.0,0.0,0.0
2.81;0.0,0.2133614420890808,-0.10081618279218674;1.0,0.0,0.0,0.0
2.82;0.0,0.2119142711162567,-0.10013237595558167;1.0,0.0,0.0,0.0
2.83;0.0,0.21043765544891357,-0.09943465143442154;1.0,0.0,0.0,0.0
2.84;0.0,0.20893222093582153,-0.09872330725193024;1.0,0.0,0.0,0.0
2.85;0.0,0.20739854872226715,-0.09799864143133163;1.0,0.0,0.0,0.0
2.86;0.0,0.20583732426166534,-0.09726092964410782;1.0,0.0,0.0,0.0
2.87;0.0,0.20424909889698029,-0.09651046991348267;1.0,0.0,0.0,0.0
2.88;0.0,0.2026345282793045,-0.09574756771326065;1.0,0.0,0.0,0.0
2.89;0.0,0.20099425315856934,-0.09497250616550446;1.0,0.0,0.0,0.0
2.9;0.0,0.19932882487773895,-0.09418557584285736;1.0,0.0,0.0,0.0
2.91;0.0,0.19763892889022827,-0.09338708221912384;1.0,0.0,0.0,0.0
2.92;0.0,0.19592516124248505,-0.09257729351520538;1.0,0.0,0.0,0.0
2.93;0.0,0.19418814778327942,-0.09175654500722885;1.0,0.0,0.0,0.0
2.94;0.0,0.19242849946022034,-0.09092508256435394;1.0,0.0,0.0,0.0
2.95;0.0,0.19064682722091675,-0.09008321911096573;1.0,0.0,0.0,0.0
2.96;0.0,0.18884378671646118,-0.08923125267028809;1.0,0.0,0.0,0.0
2.97;0.0,0.1870199739933014,-0.0883694738149643;1.0,0.0,0.0,0.0
2.98;0.0,0.18517599999904633,-0.08749817311763763;1.0,0.0,0.0,0.0
2.99;0.0,0.18331249058246613,-0.08661764115095139;1.0,0.0,0.0,0.0
3.0;0.0,0.18143008649349213,-0.08572817593812943;1.0,0.0,0.0,0.0
3.01;0.0,0.17952938377857208,-0.08483007550239563;1.0,0.0,0.0,0.0
3.02;0.0,0.17761100828647614,-0.08392361551523209;1.0,0.0,0.0,0.0
3.03;0.0,0.17567558586597443,-0.08300909399986267;1.0,0.0,0.0,0.0
3.04;0.0,0.1737237423658371,-0.08208682388067245;1.0,0.0,0.0,0.0
3.05;0.0,0.1717560589313507,-0.08115708082914352;1.0,0.0,0.0,0.0
3.06;0.0,0.16977322101593018,-0.08022014796733856;1.0,0.0,0.0,0.0
3.07;0.0,0.16777577996253967,-0.07927633821964264;1.0,0.0,0.0,0.0
3.08;0.0,0.16576442122459412,-0.07832594215869904;1.0,0.0,0.0,0.0
3.09;0.0,0.16373972594738007,-0.07736923545598984;1.0,0.0,0.0,0.0
3.1;0.0,0.16170230507850647,-0.07640653103590012;1.0,0.0,0.0,0.0
3.11;0.0,0.15965279936790466,-0.07543811202049255;1.0,0.0,0.0,0.0
3.12;0.0,0.1575918048620224,-0.07446427643299103;1.0,0.0,0.0,0.0
3.13;0.0,0.1555199921131134,-0.07348530739545822;1.0,0.0,0.0,0.0
3.14;0.0,0.15343792736530304,-0.07250150293111801;1.0,0.0,0.0,0.0
3.15;0.0,0.15134626626968384,-0.07151316851377487;1.0,0.0,0.0,0.0
3.16;0.0,0.14924561977386475,-0.07052057981491089;1.0,0.0,0.0,0.0
3.17;0.0,0.14713656902313232,-0.06952403485774994;1.0,0.0,0.0,0.0
3.18;0.0,0.1450197994709015,-0.0685238242149353;1.0,0.0,0.0,0.0
3.19;0.0,0.14289590716362,-0.06752025336027145;1.0,0.0,0.0,0.0
3.2;0.0,0.1407654881477356,-0.06651360541582108;1.0,0.0,0.0,0.0
3.21;0.0,0.13862916827201843,-0.06550416350364685;1.0,0.0,0.0,0.0
3.22;0.0,0.13648758828639984,-0.06449224054813385;1.0,0.0,0.0,0.0
3.23;0.0,0.13434137403964996,-0.06347811967134476;1.0,0.0,0.0,0.0
3.24;0.0,0.13219110667705536,-0.06246209889650345;1.0,0.0,0.0,0.0
3.25;0.0,0.13003745675086975,-0.06144445762038231;1.0,0.0,0.0,0.0
3.26;0.0,0.1278809905052185,-0.06042550504207611;1.0,0.0,0.0,0.0
3.27;0.0,0.12572236359119415,-0.059405528008937836;1.0,0.0,0.0,0.0
3.28;0.0,0.12356217950582504,-0.058384813368320465;1.0,0.0,0.0,0.0
3.29;0.0,0.12140107154846191,-0.05736365541815758;1.0,0.0,0.0,0.0
3.3;0.0,0.11923965811729431,-0.05634235963225365;1.0,0.0,0.0,0.0
3.31;0.0,0.11707854270935059,-0.05532120168209076;1.0,0.0,0.0,0.0
3.32;0.0,0.11491836607456207,-0.05430048331618309;1.0,0.0,0.0,0.0
3.33;0.0,0.11275975406169891,-0.05328051373362541;1.0,0.0,0.0,0.0
3.34;0.0,0.11060327291488647,-0.05226154625415802;1.0,0.0,0.0,0.0
3.35;0.0,0.10844961553812027,-0.051243916153907776;1.0,0.0,0.0,0.0
3.36;0.0,0.10629936307668686,-0.05022789537906647;1.0,0.0,0.0,0.0
3.37;0.0,0.10415312647819519,-0.04921376332640648;1.0,0.0,0.0,0.0
3.38;0.0,0.10201156139373779,-0.048201847821474075;1.0,0.0,0.0,0.0
3.39;0.0,0.09987527132034302,-0.047192420810461044;1.0,0.0,0.0,0.0
3.4;0.0,0.09774483740329742,-0.04618576541543007;1.0,0.0,0.0,0.0
3.41;0.0,0.09562093764543533,-0.04518218711018562;1.0,0.0,0.0,0.0
3.42;0.0,0.0935041531920433,-0.044181980192661285;1.0,0.0,0.0,0.0
3.43;0.0,0.09139511734247208,-0.04318543151021004;1.0,0.0,0.0,0.0
3.44;0.0,0.08929446339607239,-0.04219285026192665;1.0,0.0,0.0,0.0
3.45;0.0,0.08720279484987259,-0.04120450094342232;1.0,0.0,0.0,0.0
3.46;0.0,0.08512075990438461,-0.040220707654953;1.0,0.0,0.0,0.0
3.47;0.0,0.08304891735315323,-0.039241742342710495;1.0,0.0,0.0,0.0
3.48;0.0,0.08098795264959335,-0.03826790302991867;1.0,0.0,0.0,0.0
3.49;0.0,0.07893843948841095,-0.03729948773980141;1.0,0.0,0.0,0.0
3.5;0.0,0.07690103352069855,-0.03633677586913109;1.0,0.0,0.0,0.0
3.51;0.0,0.0748763233423233,-0.035380084067583084;1.0,0.0,0.0,0.0
3.52;0.0,0.07286495715379715,-0.03442967310547829;1.0,0.0,0.0,0.0
3.53;0.0,0.07086752355098724,-0.03348586708307266;1.0,0.0,0.0,0.0
3.54;0.0,0.06888464093208313,-0.0325489342212677;1.0,0.0,0.0,0.0
3.55;0.0,0.06691700220108032,-0.03161919116973877;1.0,0.0,0.0,0.0
3.56;0.0,0.0649651437997818,-0.030696913599967957;1.0,0.0,0.0,0.0
3.57;0.0,0.06302972137928009,-0.029782399535179138;1.0,0.0,0.0,0.0
3.58;0.0,0.06111136078834534,-0.02887594699859619;1.0,0.0,0.0,0.0
3.59;0.0,0.059210628271102905,-0.027977831661701202;1.0,0.0,0.0,0.0
3.6;0.0,0.0573282390832901,-0.02708837389945984;1.0,0.0,0.0,0.0
3.61;0.0,0.055464744567871094,-0.026207856833934784;1.0,0.0,0.0,0.0
3.62;0.0,0.05362077057361603,-0.025336533784866333;1.0,0.0,0.0,0.0
3.63;0.0,0.05179695785045624,-0.02447475492954254;1.0,0.0,0.0,0.0
3.64;0.0,0.049993887543678284,-0.023622795939445496;1.0,0.0,0.0,0.0
3.65;0.0,0.04821223020553589,-0.022780925035476685;1.0,0.0,0.0,0.0
3.66;0.0,0.046452596783638,-0.02194947749376297;1.0,0.0,0.0,0.0
3.67;0.0,0.04471558332443237,-0.021128706634044647;1.0,0.0,0.0,0.0
3.68;0.0,0.043001800775527954,-0.020318925380706787;1.0,0.0,0.0,0.0
3.69;0.0,0.04131190478801727,-0.019520439207553864;1.0,0.0,0.0,0.0
3.7;0.0,0.039646491408348083,-0.018733501434326172;1.0,0.0,0.0,0.0
3.71;0.0,0.03800618648529053,-0.017958447337150574;1.0,0.0,0.0,0.0
3.72;0.0,0.03639166057109833,-0.017195552587509155;1.0,0.0,0.0,0.0
3.73;0.0,0.034803420305252075,-0.01644507795572281;1.0,0.0,0.0,0.0
3.74;0.0,0.03324216604232788,-0.015707366168498993;1.0,0.0,0.0,0.0
3.75;0.0,0.03170850872993469,-0.014982692897319794;1.0,0.0,0.0,0.0
3.76;0.0,0.03020307421684265,-0.014271356165409088;1.0,0.0,0.0,0.0
3.77;0.0,0.0287264883518219,-0.013573646545410156;1.0,0.0,0.0,0.0
3.78;0.0,0.02727930247783661,-0.012889832258224487;1.0,0.0,0.0,0.0
3.79;0.0,0.025862202048301697,-0.012220248579978943;1.0,0.0,0.0,0.0
3.8;0.0,0.02447579801082611,-0.011565141379833221;1.0,0.0,0.0,0.0
3.81;0.0,0.0231207013130188,-0.010924845933914185;1.0,0.0,0.0,0.0
3.82;0.0,0.021797537803649902,-0.010299637913703918;1.0,0.0,0.0,0.0
3.83;0.0,0.020506948232650757,-0.009689800441265106;1.0,0.0,0.0,0.0
3.84;0.0,0.01924949884414673,-0.009095646440982819;1.0,0.0,0.0,0.0
3.85;0.0,0.018025875091552734,-0.008517466485500336;1.0,0.0,0.0,0.0
3.86;0.0,0.016836613416671753,-0.00795552134513855;1.0,0.0,0.0,0.0
3.87;0.0,0.01568242907524109,-0.007410168647766113;1.0,0.0,0.0,0.0
3.88;0.0,0.014563888311386108,-0.006881624460220337;1.0,0.0,0.0,0.0
3.89;0.0,0.013481587171554565,-0.006370216608047485;1.0,0.0,0.0,0.0
3.9;0.0,0.01243618130683899,-0.005876258015632629;1.0,0.0,0.0,0.0
3.91;0.0,0.011428266763687134,-0.005400016903877258;1.0,0.0,0.0,0.0
3.92;0.0,0.010458558797836304,-0.004941806197166443;1.0,0.0,0.0,0.0
3.93;0.0,0.009527534246444702,-0.0045018792152404785;1.0,0.0,0.0,0.0
3.94;0.0,0.008635938167572021,-0.004080593585968018;1.0,0.0,0.0,0.0
3.95;0.0,0.0077842772006988525,-0.003678157925605774;1.0,0.0,0.0,0.0
3.96;0.0,0.006973236799240112,-0.0032949447631835938;1.0,0.0,0.0,0.0
3.97;0.0,0.006203442811965942,-0.0029312074184417725;1.0,0.0,0.0,0.0
3.98;0.0,0.005475491285324097,-0.002587258815765381;1.0,0.0,0.0,0.0
3.99;0.0,0.0047900378704071045,-0.0022633373737335205;1.0,0.0,0.0,0.0
4.0;0.0,0.004147648811340332,-0.0019598007202148438;1.0,0.0,0.0,0.0
4.01;0.0,0.0035489797592163086,-0.0016769468784332275;1.0,0.0,0.0,0.0
4.02;0.0,0.0029945969581604004,-0.0014149993658065796;1.0,0.0,0.0,0.0
4.03;0.0,0.002485215663909912,-0.0011743009090423584;1.0,0.0,0.0,0.0
4.04;0.0,0.00202140212059021,-0.0009551346302032471;1.0,0.0,0.0,0.0
4.05;0.0,0.0016038119792938232,-0.0007577985525131226;1.0,0.0,0.0,0.0
4.06;0.0,0.0012329518795013428,-0.000582575798034668;1.0,0.0,0.0,0.0
4.07;0.0,0.0009095370769500732,-0.0004297792911529541;1.0,0.0,0.0,0.0
4.08;0.0,0.0006341934204101562,-0.00029969215393066406;1.0,0.0,0.0,0.0
4.09;0.0,0.0004075467586517334,-0.00019259750843048096;1.0,0.0,0.0,0.0
4.1;0.0,0.0002301633358001709,-0.00010877847671508789;1.0,0.0,0.0,0.0
4.11;0.0,0.00010269880294799805,-4.8533082008361816e-05;1.0,0.0,0.0,0.0
4.12;0.0,2.580881118774414e-05,-1.2189149856567383e-05;1.0,0.0,0.0,0.0
4.13;0.0,0.0,0.0;1.0,0.0,0.0,0.0
4.14;0.0,0.0,0.0;1.0,0.0,0.0,0.0
4.15;0.0,0.0,0.0;1.0,0.0,0.0,0.0
4.16;0.0,0.0,0.0;1.0,0.0,0.0,0.0
4.17;0.0,0.0,0.0;1.0,0.0,0.0,0.0
4.18;0.0,0.0,0.0;1.0,0.0,0.0,0.0
4.19;0.0,0.0,0.0;1.0,0.0,0.0,0.0
4.2;0.0,0.0,0.0;1.0,0.0,0.0,0.0
4.21;0.0,0.0,0.0;1.0,0.0,0.0,0.0
4.22;0.0,0.0,0.0;1.0,0.0,0.0,0.0
4.23;0.0,0.0,0.0;1.0,0.0,0.0,0.0
4.24;0.0,0.0,0.0;1.0,0.0,0.0,0.0
4.25;0.0,0.0,0.0;1.0,0.0,0.0,0.0
4.26;0.0,0.0,0.0;1.0,0.0,0.0,0.0
4.27;0.0,0.0,0.0;1.0,0.0,0.0,0.0
4.28;0.0,0.0,0.0;1.0,0.0,0.0,0.0
4.29;0.0,0.0,0.0;1.0,0.0,0.0,0.0
4.3;0.0,0.0,0.0;1.0,0.0,0.0,0.0
4.31;0.0,0.0,0.0;1.0,0.0,0.0,0.0
4.32;0.0,0.0,0.0;1.0,0.0,0.0,0.0
4.33;0.0,0.0,0.0;1.0,0.0,0.0,0.0
4.34;0.0,0.0,0.0;1.0,0.0,0.0,0.0
4.35;0.0,0.0,0.0;1.0,0.0,0.0,0.0
4.36;0.0,0.0,0.0;1.0,0.0,0.0,0.0
4.37;0.0,0.0,0.0;1.0,0.0,0.0,0.0
4.38;0.0,0.0,0.0;1.0,0.0,0.0,0.0
4.39;0.0,0.0,0.0;1.0,0.0,0.0,0.0
4.4;0.0,0.0,0.0;1.0,0.0,0.0,0.0
4.41;0.0,0.0,0.0;1.0,0.0,0.0,0.0
4.42;0.0,0.0,0.0;1.0,0.0,0.0,0.0
4.43;0.0,0.0,0.0;1.0,0.0,0.0,0.0
4.44;0.0,0.0,0.0;1.0,0.0,0.0,0.0
4.45;0.0,0.0,0.0;1.0,0.0,0.0,0.0
4.46;0.0,0.0,0.0;1.0,0.0,0.0,0.0
4.47;0.0,0.0,0.0;1.0,0.0,0.0,0.0
4.48;0.0,0.0,0.0;1.0,0.0,0.0,0.0
4.49;0.0,0.0,0.0;1.0,0.0,0.0,0.0
4.5;0.0,0.0,0.0;1.0,0.0,0.0,0.0
4.51;0.0,0.0,0.0;1.0,0.0,0.0,0.0
4.52;0.0,0.0,0.0;1.0,0.0,0.0,0.0
4.53;0.0,0.0,0.0;1.0,0.0,0.0,0.0
4.54;0.0,0.0,0.0;1.0,0.0,0.0,0.0
4.55;0.0,0.0,0.0;1.0,0.0,0.0,0.0
4.56;0.0,0.0,0.0;1.0,0.0,0.0,0.0
4.57;0.0,0.0,0.0;1.0,0.0,0.0,0.0
4.58;0.0,0.0,0.0;1.0,0.0,0.0,0.0
4.59;0.0,0.0,0.0;1.0,0.0,0.0,0.0
4.6;0.0,0.0,0.0;1.0,0.0,0.0,0.0
4.61;0.0,0.0,0.0;1.0,0.0,0.0,0.0
4.62;0.0,0.0,0.0;1.0,0.0,0.0,0.0
4.63;0.0,0.0,0.0;1.0,0.0,0.0,0.0
4.64;0.0,0.0,0.0;1.0,0.0,0.0,0.0
4.65;0.0,0.0,0.0;1.0,0.0,0.0,0.0
4.66;0.0,0.0,0.0;1.0,0.0,0.0,0.0
4.67;0.0,0.0,0.0;1.0,0.0,0.0,0.0
4.68;0.0,0.0,0.0;1.0,0.0,0.0,0.0
4.69;0.0,0.0,0.0;1.0,0.0,0.0,0.0
4.7;0.0,0.0,0.0;1.0,0.0,0.0,0.0
4.71;0.0,0.0,0.0;1.0,0.0,0.0,0.0
4.72;0.0,0.0,0.0;1.0,0.0,0.0,0.0
4.73;0.0,0.0,0.0;1.0,0.0,0.0,0.0
4.74;0.0,0.0,0.0;1.0,0.0,0.0,0.0
4.75;0.0,0.0,0.0;1.0,0.0,0.0,0.0
4.76;0.0,0.0,0.0;1.0,0.0,0.0,0.0
4.77;0.0,0.0,0.0;1.0,0.0,0.0,0.0
4.78;0.0,0.0,0.0;1.0,0.0,0.0,0.0
4.79;0.0,0.0,0.0;1.0,0.0,0.0,0.0
4.8;0.0,0.0,0.0;1.0,0.0,0.0,0.0
4.81;0.0,0.0,0.0;1.0,0.0,0.0,0.0
4.82;0.0,0.0,0.0;1.0,0.0,0.0,0.0
4.83;0.0,0.0,0.0;1.0,0.0,0.0,0.0
4.84;0.0,0.0,0.0;1.0,0.0,0.0,0.0
4.85;0.0,0.0,0.0;1.0,0.0,0.0,0.0
4.86;0.0,0.0,0.0;1.0,0.0,0.0,0.0
4.87;0.0,0.0,0.0;1.0,0.0,0.0,0.0
4.88;0.0,0.0,0.0;1.0,0.0,0.0,0.0
4.89;0.0,0.0,0.0;1.0,0.0,0.0,0.0
4.9;0.0,0.0,0.0;1.0,0.0,0.0,0.0
4.91;0.0,0.0,0.0;1.0,0.0,0.0,0.0
4.92;0.0,0.0,0.0;1.0,0.0,0.0,0.0
4.93;0.0,0.0,0.0;1.0,0.0,0.0,0.0
4.94;0.0,0.0,0.0;1.0,0.0,0.0,0.0
4.95;0.0,0.0,0.0;1.0,0.0,0.0,0.0
4.96;0.0,0.0,0.0;1.0,0.0,0.0,0.0
4.97;0.0,0.0,0.0;1.0,0.0,0.0,0.0
4.98;0.0,0.0,0.0;1.0,0.0,0.0,0.0
4.99;0.0,0.0,0.0;1.0,0.0,0.0,0.0
5.0;0.0,0.0,0.0;1.0,0.0,0.0,0.0
5.01;0.0,0.0,0.0;1.0,0.0,0.0,0.0
5.02;0.0,0.0,0.0;1.0,0.0,0.0,0.0
5.03;0.0,0.0,0.0;1.0,0.0,0.0,0.0
5.04;0.0,0.0,0.0;1.0,0.0,0.0,0.0
5.05;0.0,0.0,0.0;1.0,0.0,0.0,0.0
5.06;0.0,0.0,0.0;1.0,0.0,0.0,0.0
5.07;0.0,0.0,0.0;1.0,0.0,0.0,0.0
5.08;0.0,0.0,0.0;1.0,0.0,0.0,0.0
5.09;0.0,0.0,0.0;1.0,0.0,0.0,0.0
5.1;0.0,0.0,0.0;1.0,0.0,0.0,0.0
5.11;0.0,0.0,0.0;1.0,0.0,0.0,0.0
5.12;0.0,0.0,0.0;1.0,0.0,0.0,0.0
5.13;0.0,0.0,0.0;1.0,0.0,0.0,0.0
5.14;0.0,0.0,0.0;1.0,0.0,0.0,0.0
5.15;0.0,0.0,0.0;1.0,0.0,0.0,0.0
5.16;0.0,0.0,0.0;1.0,0.0,0.0,0.0
5.17;0.0,0.0,0.0;1.0,0.0,0.0,0.0
5.18;0.0,0.0,0.0;1.0,0.0,0.0,0.0
5.19;0.0,0.0,0.0;1.0,0.0,0.0,0.0
5.2;0.0,0.0,0.0;1.0,0.0,0.0,0.0
5.21;0.0,0.0,0.0;1.0,0.0,0.0,0.0
5.22;0.0,0.0,0.0;1.0,0.0,0.0,0.0
5.23;0.0,0.0,0.0;1.0,0.0,0.0,0.0
5.24;0.0,0.0,0.0;1.0,0.0,0.0,0.0
5.25;0.0,0.0,0.0;1.0,0.0,0.0,0.0
5.26;0.0,0.0,0.0;1.0,0.0,0.0,0.0
5.27;0.0,0.0,0.0;1.0,0.0,0.0,0.0
5.28;0.0,0.0,0.0;1.0,0.0,0.0,0.0
5.29;0.0,0.0,0.0;1.0,0.0,0.0,0.0
5.3;0.0,0.0,0.0;1.0,0.0,0.0,0.0
5.31;0.0,0.0,0.0;1.0,0.0,0.0,0.0
5.32;0.0,0.0,0.0;1.0,0.0,0.0,0.0
5.33;0.0,0.0,0.0;1.0,0.0,0.0,0.0
5.34;0.0,0.0,0.0;1.0,0.0,0.0,0.0
5.35;0.0,0.0,0.0;1.0,0.0,0.0,0.0
5.36;0.0,0.0,0.0;1.0,0.0,0.0,0.0
5.37;0.0,0.0,0.0;1.0,0.0,0.0,0.0
5.38;0.0,0.0,0.0;1.0,0.0,0.0,0.0
5.39;0.0,0.0,0.0;1.0,0.0,0.0,0.0
5.4;0.0,0.0,0.0;1.0,0.0,0.0,0.0
5.41;0.0,0.0,0.0;1.0,0.0,0.0,0.0
5.42;0.0,0.0,0.0;1.0,0.0,0.0,0.0
5.43;0.0,0.0,0.0;1.0,0.0,0.0,0.0
5.44;0.0,0.0,0.0;1.0,0.0,0.0,0.0
5.45;0.0,0.0,0.0;1.0,0.0,0.0,0.0
5.46;0.0,0.0,0.0;1.0,0.0,0.0,0.0
5.47;0.0,0.0,0.0;1.0,0.0,0.0,0.0
5.48;0.0,0.0,0.0;1.0,0.0,0.0,0.0
5.49;0.0,0.0,0.0;1.0,0.0,0.0,0.0
5.5;0.0,0.0,0.0;1.0,0.0,0.0,0.0
5.51;0.0,0.0,0.0;1.0,0.0,0.0,0.0
5.52;0.0,0.0,0.0;1.0,0.0,0.0,0.0
5.53;0.0,0.0,0.0;1.0,0.0,0.0,0.0
5.54;0.0,0.0,0.0;1.0,0.0,0.0,0.0
5.55;0.0,0.0,0.0;1.0,0.0,0.0,0.0
5.56;0.0,0.0,0.0;1.0,0.0,0.0,0.0
5.57;0.0,0.0,0.0;1.0,0.0,0.0,0.0
5.58;0.0,0.0,0.0;1.0,0.0,0.0,0.0
5.59;0.0,0.0,0.0;1.0,0.0,0.0,0.0
5.6;0.0,0.0,0.0;1.0,0.0,0.0,0.0
5.61;0.0,0.0,0.0;1.0,0.0,0.0,0.0
5.62;0.0,0.0,0.0;1.0,0.0,0.0,0.0
5.63;0.0,0.0,0.0;1.0,0.0,0.0,0.0
5.64;0.0,0.0,0.0;1.0,0.0,0.0,0.0
5.65;0.0,0.0,0.0;1.0,0.0,0.0,0.0
5.66;0.0,0.0,0.0;1.0,0.0,0.0,0.0
5.67;0.0,0.0,0.0;1.0,0.0,0.0,0.0
5.68;0.0,0.0,0.0;1.0,0.0,0.0,0.0
5.69;0.0,0.0,0.0;1.0,0.0,0.0,0.0
5.7;0.0,0.0,0.0;1.0,0.0,0.0,0.0
5.71;0.0,0.0,0.0;1.0,0.0,0.0,0.0
5.72;0.0,0.0,0.0;1.0,0.0,0.0,0.0
5.73;0.0,0.0,0.0;1.0,0.0,0.0,0.0
5.74;0.0,0.0,0.0;1.0,0.0,0.0,0.0
5.75;0.0,0.0,0.0;1.0,0.0,0.0,0.0
5.76;0.0,0.0,0.0;1.0,0.0,0.0,0.0
5.77;0.0,0.0,0.0;1.0,0.0,0.0,0.0
5.78;0.0,0.0,0.0;1.0,0.0,0.0,0.0
5.79;0.0,0.0,0.0;1.0,0.0,0.0,0.0
5.8;0.0,0.0,0.0;1.0,0.0,0.0,0.0
5.81;0.0,0.0,0.0;1.0,0.0,0.0,0.0
5.82;0.0,0.0,0.0;1.0,0.0,0.0,0.0
5.83;0.0,0.0,0.0;1.0,0.0,0.0,0.0
5.84;0.0,0.0,0.0;1.0,0.0,0.0,0.0
5.85;0.0,0.0,0.0;1.0,0.0,0.0,0.0
5.86;0.0,0.0,0.0;1.0,0.0,0.0,0.0
5.87;0.0,0.0,0.0;1.0,0.0,0.0,0.0
5.88;0.0,0.0,0.0;1.0,0.0,0.0,0.0
5.89;0.0,0.0,0.0;1.0,0.0,0.0,0.0
5.9;0.0,0.0,0.0;1.0,0.0,0.0,0.0
5.91;0.0,0.0,0.0;1.0,0.0,0.0,0.0
5.92;0.0,0.0,0.0;1.0,0.0,0.0,0.0
5.93;0.0,0.0,0.0;1.0,0.0,0.0,0.0
5.94;0.0,0.0,0.0;1.0,0.0,0.0,0.0
5.95;0.0,0.0,0.0;1.0,0.0,0.0,0.0
5.96;0.0,0.0,0.0;1.0,0.0,0.0,0.0
5.97;0.0,0.0,0.0;1.0,0.0,0.0,0.0
5.98;0.0,0.0,0.0;1.0,0.0,0.0,0.0
5.99;0.0,0.0,0.0;1.0,0.0,0.0,0.0
6.0;0.0,0.0,0.0;1.0,0.0,0.0,0.0
6.01;0.0,0.0,0.0;1.0,0.0,0.0,0.0
6.02;0.0,0.0,0.0;1.0,0.0,0.0,0.0
6.03;0.0,0.0,0.0;1.0,0.0,0.0,0.0
6.04;0.0,0.0,0.0;1.0,0.0,0.0,0.0
6.05;0.0,0.0,0.0;1.0,0.0,0.0,0.0
6.06;0.0,0.0,0.0;1.0,0.0,0.0,0.0
6.07;0.0,0.0,0.0;1.0,0.0,0.0,0.0
6.08;0.0,0.0,0.0;1.0,0.0,0.0,0.0
6.09;0.0,0.0,0.0;1.0,0.0,0.0,0.0
6.1;0.0,0.0,0.0;1.0,0.0,0.0,0.0
6.11;0.0,0.0,0.0;1.0,0.0,0.0,0.0
6.12;0.0,0.0,0.0;1.0,0.0,0.0,0.0
6.13;0.0,0.0,0.0;1.0,0.0,0.0,0.0
6.14;0.0,0.0,0.0;1.0,0.0,0.0,0.0
6.15;0.0,0.0,0.0;1.0,0.0,0.0,0.0
6.16;0.0,0.0,0.0;1.0,0.0,0.0,0.0
6.17;0.0,0.0,0.0;1.0,0.0,0.0,0.0
6.18;0.0,0.0,0.0;1.0,0.0,0.0,0.0
6.19;0.0,0.0,0.0;1.0,0.0,0.0,0.0
6.2;0.0,0.0,0.0;1.0,0.0,0.0,0.0
6.21;0.0,0.0,0.0;1.0,0.0,0.0,0.0
6.22;0.0,0.0,0.0;1.0,0.0,0.0,0.0
6.23;0.0,0.0,0.0;1.0,0.0,0.0,0.0
6.24;0.0,0.0,0.0;1.0,0.0,0.0,0.0
6.25;0.0,0.0,0.0;1.0,0.0,0.0,0.0
6.26;0.0,0.0,0.0;1.0,0.0,0.0,0.0
6.27;0.0,0.0,0.0;1.0,0.0,0.0,0.0
6.28;0.0,0.0,0.0;1.0,0.0,0.0,0.0
6.29;0.0,0.0,0.0;1.0,0.0,0.0,0.0
6.3;0.0,0.0,0.0;1.0,0.0,0.0,0.0
6.31;0.0,0.0,0.0;1.0,0.0,0.0,0.0
6.32;0.0,0.0,0.0;1.0,0.0,0.0,0.0
6.33;0.0,0.0,0.0;1.0,0.0,0.0,0.0
6.34;0.0,0.0,0.0;1.0,0.0,0.0,0.0
6.35;0.0,0.0,0.0;1.0,0.0,0.0,0.0
6.36;0.0,0.0,0.0;1.0,0.0,0.0,0.0
6.37;0.0,0.0,0.0;1.0,0.0,0.0,0.0
6.38;0.0,0.0,0.0;1.0,0.0,0.0,0.0
6.39;0.0,0.0,0.0;1.0,0.0,0.0,0.0
6.4;0.0,0.0,0.0;1.0,0.0,0.0,0.0
6.41;0.0,0.0,0.0;1.0,0.0,0.0,0.0
6.42;0.0,0.0,0.0;1.0,0.0,0.0,0.0
6.43;0.0,0.0,0.0;1.0,0.0,0.0,0.0
6.44;0.0,0.0,0.0;1.0,0.0,0.0,0.0
6.45;0.0,0.0,0.0;1.0,0.0,0.0,0.0
6.46;0.0,0.0,0.0;1.0,0.0,0.0,0.0
6.47;0.0,0.0,0.0;1.0,0.0,0.0,0.0
6.48;0.0,0.0,0.0;1.0,0.0,0.0,0.0
6.49;0.0,0.0,0.0;1.0,0.0,0.0,0.0
6.5;0.0,0.0,0.0;1.0,0.0,0.0,0.0
6.51;0.0,0.0,0.0;1.0,0.0,0.0,0.0
6.52;0.0,0.0,0.0;1.0,0.0,0.0,0.0
6.53;0.0,0.0,0.0;1.0,0.0,0.0,0.0
6.54;0.0,0.0,0.0;1.0,0.0,0.0,0.0
6.55;0.0,0.0,0.0;1.0,0.0,0.0,0.0
6.56;0.0,0.0,0.0;1.0,0.0,0.0,0.0
6.57;0.0,0.0,0.0;1.0,0.0,0.0,0.0
6.58;0.0,0.0,0.0;1.0,0.0,0.0,0.0
6.59;0.0,0.0,0.0;1.0,0.0,0.0,0.0
6.6;0.0,0.0,0.0;1.0,0.0,0.0,0.0
6.61;0.0,0.0,0.0;1.0,0.0,0.0,0.0
6.62;0.0,0.0,0.0;1.0,0.0,0.0,0.0
6.63;0.0,0.0,0.0;1.0,0.0,0.0,0.0
6.64;0.0,0.0,0.0;1.0,0.0,0.0,0.0
6.65;0.0,0.0,0.0;1.0,0.0,0.0,0.0
6.66;0.0,0.0,0.0;1.0,0.0,0.0,0.0
6.67;0.0,0.0,0.0;1.0,0.0,0.0,0.0
6.68;0.0,0.0,0.0;1.0,0.0,0.0,0.0
6.69;0.0,2.2087548131821677e-05,-1.7113588910433464e-05;1.0,0.0,0.0,0.0
6.7;0.0,8.803238597465679e-05,-6.820811540819705e-05;1.0,0.0,0.0,0.0
6.71;0.0,0.00019735780369956046,-0.00015291423187591136;1.0,0.0,0.0,0.0
6.72;0.0,0.0003495870914775878,-0.00027086256886832416;1.0,0.0,0.0,0.0
6.73;0.0,0.0005442436086013913,-0.0004216837987769395;1.0,0.0,0.0,0.0
6.74;0.0,0.0007808504742570221,-0.0006050084484741092;1.0,0.0,0.0,0.0
6.75;0.0,0.0010589312296360731,-0.0008204674813896418;1.0,0.0,0.0,0.0
6.76;0.0,0.0013780087465420365,-0.0010676910169422626;1.0,0.0,0.0,0.0
6.77;0.0,0.0017376067116856575,-0.0013463101349771023;1.0,0.0,0.0,0.0
6.78;0.0,0.0021372486371546984,-0.001655955333262682;1.0,0.0,0.0,0.0
6.79;0.0,0.002576457103714347,-0.0019962573423981667;1.0,0.0,0.0,0.0
6.8;0.0,0.0030547557398676872,-0.0023668461944907904;1.0,0.0,0.0,0.0
6.81;0.0,0.00357166794128716,-0.0027673537842929363;1.0,0.0,0.0,0.0
6.82;0.0,0.004126717336475849,-0.003197409911081195;1.0,0.0,0.0,0.0
6.83;0.0,0.0047194259241223335,-0.0036566446069628;1.0,0.0,0.0,0.0
6.84;0.0,0.005349318031221628,-0.004144689533859491;1.0,0.0,0.0,0.0
6.85;0.0,0.006015918217599392,-0.004661175888031721;1.0,0.0,0.0,0.0
6.86;0.0,0.006718745920807123,-0.005205732304602861;1.0,0.0,0.0,0.0
6.87;0.0,0.007457328028976917,-0.005777990911155939;1.0,0.0,0.0,0.0
6.88;0.0,0.008231188170611858,-0.0063775829039514065;1.0,0.0,0.0,0.0
6.89;0.0,0.009039845317602158,-0.007004136685281992;1.0,0.0,0.0,0.0
6.9;0.0,0.00988282822072506,-0.007657285779714584;1.0,0.0,0.0,0.0
6.91;0.0,0.010759656317532063,-0.008336657658219337;1.0,0.0,0.0,0.0
6.92;0.0,0.011669853702187538,-0.009041884914040565;1.0,0.0,0.0,0.0
6.93;0.0,0.012612945400178432,-0.009772599674761295;1.0,0.0,0.0,0.0
6.94;0.0,0.013588450849056244,-0.010528428480029106;1.0,0.0,0.0,0.0
6.95;0.0,0.014595896936953068,-0.011309005320072174;1.0,0.0,0.0,0.0
6.96;0.0,0.01563480868935585,-0.012113960459828377;1.0,0.0,0.0,0.0
6.97;0.0,0.016704702749848366,-0.012942923232913017;1.0,0.0,0.0,0.0
6.98;0.0,0.017805106937885284,-0.013795522972941399;1.0,0.0,0.0,0.0
6.99;0.0,0.018935546278953552,-0.014671395532786846;1.0,0.0,0.0,0.0
7.0;0.0,0.02009553834795952,-0.01557016558945179;1.0,0.0,0.0,0.0
7.01;0.0,0.021284611895680428,-0.016491468995809555;1.0,0.0,0.0,0.0
7.02;0.0,0.022502288222312927,-0.01743493229150772;1.0,0.0,0.0,0.0
7.03;0.0,0.023748088628053665,-0.01840018853545189;1.0,0.0,0.0,0.0
7.04;0.0,0.025021538138389587,-0.019386865198612213;1.0,0.0,0.0,0.0
7.05;0.0,0.02632216364145279,-0.020394599065184593;1.0,0.0,0.0,0.0
7.06;0.0,0.02764947898685932,-0.021423012018203735;1.0,0.0,0.0,0.0
7.07;0.0,0.029003018513321877,-0.02247174270451069;1.0,0.0,0.0,0.0
7.08;0.0,0.030382299795746803,-0.023540422320365906;1.0,0.0,0.0,0.0
7.09;0.0,0.03178684413433075,-0.024628672748804092;1.0,0.0,0.0,0.0
7.1;0.0,0.03321617841720581,-0.02573613077402115;1.0,0.0,0.0,0.0
7.11;0.0,0.03466982766985893,-0.026862429454922676;1.0,0.0,0.0,0.0
7.12;0.0,0.036147307604551315,-0.02800719253718853;1.0,0.0,0.0,0.0
7.13;0.0,0.03764814883470535,-0.029170051217079163;1.0,0.0,0.0,0.0
7.14;0.0,0.03917187452316284,-0.030350644141435623;1.0,0.0,0.0,0.0
7.15;0.0,0.04071800410747528,-0.031548596918582916;1.0,0.0,0.0,0.0
7.16;0.0,0.04228605702519417,-0.0327635332942009;1.0,0.0,0.0,0.0
7.17;0.0,0.0438755601644516,-0.033995095640420914;1.0,0.0,0.0,0.0
7.18;0.0,0.04548605531454086,-0.035242918878793716;1.0,0.0,0.0,0.0
7.19;0.0,0.04711703583598137,-0.036506615579128265;1.0,0.0,0.0,0.0
7.2;0.0,0.04876803979277611,-0.03778582438826561;1.0,0.0,0.0,0.0
7.21;0.0,0.050438590347766876,-0.0390801727771759;1.0,0.0,0.0,0.0
7.22;0.0,0.052128203213214874,-0.040389303117990494;1.0,0.0,0.0,0.0
7.23;0.0,0.053836412727832794,-0.04171283543109894;1.0,0.0,0.0,0.0
7.24;0.0,0.05556274205446243,-0.043050408363342285;1.0,0.0,0.0,0.0
7.25;0.0,0.05730670690536499,-0.04440164566040039;1.0,0.0,0.0,0.0
7.26;0.0,0.059067826718091965,-0.04576617479324341;1.0,0.0,0.0,0.0
7.27;0.0,0.06084563210606575,-0.04714363068342209;1.0,0.0,0.0,0.0
7.28;0.0,0.06263965368270874,-0.04853364825248718;1.0,0.0,0.0,0.0
7.29;0.0,0.06444939970970154,-0.049935851246118546;1.0,0.0,0.0,0.0
7.3;0.0,0.06627441197633743,-0.051349882036447525;1.0,0.0,0.0,0.0
7.31;0.0,0.06811419129371643,-0.05277536064386368;1.0,0.0,0.0,0.0
7.32;0.0,0.06996826827526093,-0.05421191081404686;1.0,0.0,0.0,0.0
7.33;0.0,0.07183618098497391,-0.055659182369709015;1.0,0.0,0.0,0.0
7.34;0.0,0.07371743768453598,-0.0571167916059494;1.0,0.0,0.0,0.0
7.35;0.0,0.07561157643795013,-0.05858438089489937;1.0,0.0,0.0,0.0
7.36;0.0,0.07751809060573578,-0.06006156653165817;1.0,0.0,0.0,0.0
7.37;0.0,0.0794365257024765,-0.06154797971248627;1.0,0.0,0.0,0.0
7.38;0.0,0.0813664048910141,-0.0630432665348053;1.0,0.0,0.0,0.0
7.39;0.0,0.08330725133419037,-0.06454704701900482;1.0,0.0,0.0,0.0
7.4;0.0,0.08525857329368591,-0.06605894863605499;1.0,0.0,0.0,0.0
7.41;0.0,0.08721993118524551,-0.06757862120866776;1.0,0.0,0.0,0.0
7.42;0.0,0.08919081091880798,-0.06910566240549088;1.0,0.0,0.0,0.0
7.43;0.0,0.09117073565721512,-0.0706397294998169;1.0,0.0,0.0,0.0
7.44;0.0,0.09315924346446991,-0.07218044251203537;1.0,0.0,0.0,0.0
7.45;0.0,0.09515586495399475,-0.07372744381427765;1.0,0.0,0.0,0.0
7.46;0.0,0.09716011583805084,-0.0752803385257721;1.0,0.0,0.0,0.0
7.47;0.0,0.09917151182889938,-0.07683879137039185;1.0,0.0,0.0,0.0
7.48;0.0,0.10118958353996277,-0.07840240746736526;1.0,0.0,0.0,0.0
7.49;0.0,0.1032138466835022,-0.0799708217382431;1.0,0.0,0.0,0.0
7.5;0.0,0.10524383187294006,-0.08154366910457611;1.0,0.0,0.0,0.0
7.51;0.0,0.10727907717227936,-0.08312058448791504;1.0,0.0,0.0,0.0
7.52;0.0,0.10931906849145889,-0.08470118790864944;1.0,0.0,0.0,0.0
7.53;0.0,0.11136336624622345,-0.08628512918949127;1.0,0.0,0.0,0.0
7.54;0.0,0.11341147124767303,-0.08787201344966888;1.0,0.0,0.0,0.0
7.55;0.0,0.11546289920806885,-0.08946149051189423;1.0,0.0,0.0,0.0
7.56;0.0,0.11751721054315567,-0.09105317294597626;1.0,0.0,0.0,0.0
7.57;0.0,0.11957389116287231,-0.09264670312404633;1.0,0.0,0.0,0.0
7.58;0.0,0.12163248658180237,-0.09424170851707458;1.0,0.0,0.0,0.0
7.59;0.0,0.12369251251220703,-0.09583783894777298;1.0,0.0,0.0,0.0
7.6;0.0,0.1257534921169281,-0.09743468463420868;1.0,0.0,0.0,0.0
7.61;0.0,0.12781493365764618,-0.09903191775083542;1.0,0.0,0.0,0.0
7.62;0.0,0.12987640500068665,-0.10062915086746216;1.0,0.0,0.0,0.0
7.63;0.0,0.13193736970424652,-0.10222601145505905;1.0,0.0,0.0,0.0
7.64;0.0,0.13399738073349,-0.10382211208343506;1.0,0.0,0.0,0.0
7.65;0.0,0.13605596125125885,-0.10541711747646332;1.0,0.0,0.0,0.0
7.66;0.0,0.1381126344203949,-0.10701065510511398;1.0,0.0,0.0,0.0
7.67;0.0,0.1401669681072235,-0.1086023673415184;1.0,0.0,0.0,0.0
7.68;0.0,0.14221841096878052,-0.11019182950258255;1.0,0.0,0.0,0.0
7.69;0.0,0.1442665010690689,-0.11177871376276016;1.0,0.0,0.0,0.0
7.7;0.0,0.14631080627441406,-0.11336264759302139;1.0,0.0,0.0,0.0
7.71;0.0,0.1483507752418518,-0.1149432361125946;1.0,0.0,0.0,0.0
7.72;0.0,0.1503860354423523,-0.11652016639709473;1.0,0.0,0.0,0.0
7.73;0.0,0.15241602063179016,-0.11809300631284714;1.0,0.0,0.0,0.0
7.74;0.0,0.1544402837753296,-0.11966142058372498;1.0,0.0,0.0,0.0
7.75;0.0,0.15645834803581238,-0.12122504413127899;1.0,0.0,0.0,0.0
7.76;0.0,0.15846973657608032,-0.12278348952531815;1.0,0.0,0.0,0.0
7.77;0.0,0.1604740023612976,-0.12433639168739319;1.0,0.0,0.0,0.0
7.78;0.0,0.16247060894966125,-0.12588338553905487;1.0,0.0,0.0,0.0
7.79;0.0,0.16445915400981903,-0.12742412090301514;1.0,0.0,0.0,0.0
7.8;0.0,0.16643907129764557,-0.12895818054676056;1.0,0.0,0.0,0.0
7.81;0.0,0.16840994358062744,-0.13048520684242249;1.0,0.0,0.0,0.0
7.82;0.0,0.17037129402160645,-0.13200488686561584;1.0,0.0,0.0,0.0
7.83;0.0,0.17232263088226318,-0.13351678848266602;1.0,0.0,0.0,0.0
7.84;0.0,0.17426344752311707,-0.13502058386802673;1.0,0.0,0.0,0.0
7.85;0.0,0.17619335651397705,-0.13651585578918457;1.0,0.0,0.0,0.0
7.86;0.0,0.17811176180839539,-0.13800227642059326;1.0,0.0,0.0,0.0
7.87;0.0,0.18001830577850342,-0.13947945833206177;1.0,0.0,0.0,0.0
7.88;0.0,0.18191243708133698,-0.14094702899456024;1.0,0.0,0.0,0.0
7.89;0.0,0.18379366397857666,-0.14240464568138123;1.0,0.0,0.0,0.0
7.9;0.0,0.18566158413887024,-0.14385190606117249;1.0,0.0,0.0,0.0
7.91;0.0,0.18751567602157593,-0.14528849720954895;1.0,0.0,0.0,0.0
7.92;0.0,0.18935546278953552,-0.14671394228935242;1.0,0.0,0.0,0.0
7.93;0.0,0.19118046760559082,-0.1481279730796814;1.0,0.0,0.0,0.0
7.94;0.0,0.19299021363258362,-0.14953018724918365;1.0,0.0,0.0,0.0
7.95;0.0,0.1947842389345169,-0.15092021226882935;1.0,0.0,0.0,0.0
7.96;0.0,0.1965620219707489,-0.15229764580726624;1.0,0.0,0.0,0.0
7.97;0.0,0.19832317531108856,-0.15366218984127045;1.0,0.0,0.0,0.0
7.98;0.0,0.20006714761257172,-0.15501342713832855;1.0,0.0,0.0,0.0
7.99;0.0,0.20179346203804016,-0.1563510000705719;1.0,0.0,0.0,0.0
8.0;0.0,0.20350167155265808,-0.15767453610897064;1.0,0.0,0.0,0.0
8.01;0.0,0.20519129931926727,-0.15898366272449493;1.0,0.0,0.0,0.0
8.02;0.0,0.20686185359954834,-0.16027802228927612;1.0,0.0,0.0,0.0
8.03;0.0,0.2085128277540207,-0.16155722737312317;1.0,0.0,0.0,0.0
8.04;0.0,0.2101438343524933,-0.16282092034816742;1.0,0.0,0.0,0.0
8.05;0.0,0.21175430715084076,-0.16406872868537903;1.0,0.0,0.0,0.0
8.06;0.0,0.2133438140153885,-0.16530029475688934;1.0,0.0,0.0,0.0
8.07;0.0,0.21491186320781708,-0.16651524603366852;1.0,0.0,0.0,0.0
8.08;0.0,0.2164580076932907,-0.1677131950855255;1.0,0.0,0.0,0.0
8.09;0.0,0.2179817259311676,-0.16889378428459167;1.0,0.0,0.0,0.0
8.1;0.0,0.21948258578777313,-0.17005664110183716;1.0,0.0,0.0,0.0
8.11;0.0,0.22096005082130432,-0.1712014228105545;1.0,0.0,0.0,0.0
8.12;0.0,0.22241368889808655,-0.17232771217823029;1.0,0.0,0.0,0.0
8.13;0.0,0.2238430231809616,-0.17343518137931824;1.0,0.0,0.0,0.0
8.14;0.0,0.2252476066350937,-0.17452342808246613;1.0,0.0,0.0,0.0
8.15;0.0,0.22662687301635742,-0.17559212446212769;1.0,0.0,0.0,0.0
8.16;0.0,0.22798043489456177,-0.1766408234834671;1.0,0.0,0.0,0.0
8.17;0.0,0.22930771112442017,-0.17766925692558289;1.0,0.0,0.0,0.0
8.18;0.0,0.23060834407806396,-0.17867697775363922;1.0,0.0,0.0,0.0
8.19;0.0,0.23188179731369019,-0.17966367304325104;1.0,0.0,0.0,0.0
8.2;0.0,0.23312756419181824,-0.18062889575958252;1.0,0.0,0.0,0.0
8.21;0.0,0.23434525728225708,-0.18157237768173218;1.0,0.0,0.0,0.0
8.22;0.0,0.23553434014320374,-0.1824936866760254;1.0,0.0,0.0,0.0
8.23;0.0,0.2366943657398224,-0.1833924651145935;1.0,0.0,0.0,0.0
8.24;0.0,0.23782479763031006,-0.1842682957649231;1.0,0.0,0.0,0.0
8.25;0.0,0.23892521858215332,-0.18512092530727386;1.0,0.0,0.0,0.0
8.26;0.0,0.2399950623512268,-0.1859498918056488;1.0,0.0,0.0,0.0
8.27;0.0,0.24103400111198425,-0.18675483763217926;1.0,0.0,0.0,0.0
8.28;0.0,0.2420414388179779,-0.18753540515899658;1.0,0.0,0.0,0.0
8.29;0.0,0.24301695823669434,-0.1882912516593933;1.0,0.0,0.0,0.0
8.3;0.0,0.24396002292633057,-0.18902194499969482;1.0,0.0,0.0,0.0
8.31;0.0,0.24487021565437317,-0.18972721695899963;1.0,0.0,0.0,0.0
8.32;0.0,0.24574702978134155,-0.19040653109550476;1.0,0.0,0.0,0.0
8.33;0.0,0.2465900480747223,-0.19105970859527588;1.0,0.0,0.0,0.0
8.34;0.0,0.24739870429039001,-0.19168627262115479;1.0,0.0,0.0,0.0
8.35;0.0,0.2481725811958313,-0.19228583574295044;1.0,0.0,0.0,0.0
8.36;0.0,0.24891114234924316,-0.19285809993743896;1.0,0.0,0.0,0.0
8.37;0.0,0.24961397051811218,-0.19340267777442932;1.0,0.0,0.0,0.0
8.38;0.0,0.25028058886528015,-0.19391915202140808;1.0,0.0,0.0,0.0
8.39;0.0,0.2509104907512665,-0.19440722465515137;1.0,0.0,0.0,0.0
8.4;0.0,0.2515031695365906,-0.19486644864082336;1.0,0.0,0.0,0.0
8.41;0.0,0.252058207988739,-0.19529646635055542;1.0,0.0,0.0,0.0
8.42;0.0,0.2525751292705536,-0.19569703936576843;1.0,0.0,0.0,0.0
8.43;0.0,0.2530534267425537,-0.19606760144233704;1.0,0.0,0.0,0.0
8.44;0.0,0.25349265336990356,-0.19640791416168213;1.0,0.0,0.0,0.0
8.45;0.0,0.25389230251312256,-0.1967175304889679;1.0,0.0,0.0,0.0
8.46;0.0,0.2542518675327301,-0.19699618220329285;1.0,0.0,0.0,0.0
8.47;0.0,0.25457093119621277,-0.1972433626651764;1.0,0.0,0.0,0.0
8.48;0.0,0.25484907627105713,-0.19745883345603943;1.0,0.0,0.0,0.0
8.49;0.0,0.25508564710617065,-0.19764217734336853;1.0,0.0,0.0,0.0
8.5;0.0,0.25528034567832947,-0.19779300689697266;1.0,0.0,0.0,0.0
8.51;0.0,0.2554325461387634,-0.19791093468666077;1.0,0.0,0.0,0.0
8.52;0.0,0.2555418610572815,-0.1979956030845642;1.0,0.0,0.0,0.0
8.53;0.0,0.25560784339904785,-0.1980467438697815;1.0,0.0,0.0,0.0
8.54;0.0,0.25562986731529236,-0.19806383550167084;1.0,0.0,0.0,0.0
8.55;0.0,0.2556082606315613,-0.19804708659648895;1.0,0.0,0.0,0.0
8.56;0.0,0.25554370880126953,-0.1979970633983612;1.0,0.0,0.0,0.0
8.57;0.0,0.25543665885925293,-0.19791413843631744;1.0,0.0,0.0,0.0
8.58;0.0,0.25528761744499207,-0.19779866933822632;1.0,0.0,0.0,0.0
8.59;0.0,0.25509706139564514,-0.1976509988307953;1.0,0.0,0.0,0.0
8.6;0.0,0.2548653781414032,-0.197471484541893;1.0,0.0,0.0,0.0
8.61;0.0,0.2545930743217468,-0.1972605139017105;1.0,0.0,0.0,0.0
8.62;0.0,0.25428059697151184,-0.19701839983463287;1.0,0.0,0.0,0.0
8.63;0.0,0.25392842292785645,-0.19674555957317352;1.0,0.0,0.0,0.0
8.64;0.0,0.25353702902793884,-0.19644229114055634;1.0,0.0,0.0,0.0
8.65;0.0,0.25310683250427246,-0.19610896706581116;1.0,0.0,0.0,0.0
8.66;0.0,0.2526383101940155,-0.19574597477912903;1.0,0.0,0.0,0.0
8.67;0.0,0.25213196873664856,-0.1953536421060562;1.0,0.0,0.0,0.0
8.68;0.0,0.25158819556236267,-0.19493234157562256;1.0,0.0,0.0,0.0
8.69;0.0,0.2510075271129608,-0.19448241591453552;1.0,0.0,0.0,0.0
8.7;0.0,0.2503903806209564,-0.19400423765182495;1.0,0.0,0.0,0.0
8.71;0.0,0.2497372031211853,-0.1934981644153595;1.0,0.0,0.0,0.0
8.72;0.0,0.24904850125312805,-0.19296453893184662;1.0,0.0,0.0,0.0
8.73;0.0,0.2483246922492981,-0.19240373373031616;1.0,0.0,0.0,0.0
8.74;0.0,0.24756625294685364,-0.19181610643863678;1.0,0.0,0.0,0.0
8.75;0.0,0.24677368998527527,-0.19120199978351593;1.0,0.0,0.0,0.0
8.76;0.0,0.24594737589359283,-0.19056178629398346;1.0,0.0,0.0,0.0
8.77;0.0,0.2450878620147705,-0.18989580869674683;1.0,0.0,0.0,0.0
8.78;0.0,0.24419556558132172,-0.18920443952083588;1.0,0.0,0.0,0.0
8.79;0.0,0.24327093362808228,-0.18848805129528046;1.0,0.0,0.0,0.0
8.8;0.0,0.24231445789337158,-0.18774695694446564;1.0,0.0,0.0,0.0
8.81;0.0,0.24132658541202545,-0.18698155879974365;1.0,0.0,0.0,0.0
8.82;0.0,0.2403077930212021,-0.18619216978549957;1.0,0.0,0.0,0.0
8.83;0.0,0.2392585277557373,-0.18537919223308563;1.0,0.0,0.0,0.0
8.84;0.0,0.2381792515516281,-0.1845429688692093;1.0,0.0,0.0,0.0
8.85;0.0,0.23707042634487152,-0.183683842420578;1.0,0.0,0.0,0.0
8.86;0.0,0.23593251407146454,-0.1828022003173828;1.0,0.0,0.0,0.0
8.87;0.0,0.23476597666740417,-0.1818983554840088;1.0,0.0,0.0,0.0
8.88;0.0,0.23357129096984863,-0.18097269535064697;1.0,0.0,0.0,0.0
8.89;0.0,0.23234890401363373,-0.18002557754516602;1.0,0.0,0.0,0.0
8.9;0.0,0.23109927773475647,-0.17905735969543457;1.0,0.0,0.0,0.0
8.91;0.0,0.22982287406921387,-0.1780683994293213;1.0,0.0,0.0,0.0
8.92;0.0,0.22852015495300293,-0.17705903947353363;1.0,0.0,0.0,0.0
8.93;0.0,0.22719158232212067,-0.17602963745594025;1.0,0.0,0.0,0.0
8.94;0.0,0.22583763301372528,-0.17498059570789337;1.0,0.0,0.0,0.0
8.95;0.0,0.2244587242603302,-0.17391222715377808;1.0,0.0,0.0,0.0
8.96;0.0,0.22305536270141602,-0.172824889421463;1.0,0.0,0.0,0.0
8.97;0.0,0.22162801027297974,-0.17171895503997803;1.0,0.0,0.0,0.0
8.98;0.0,0.2201770842075348,-0.17059478163719177;1.0,0.0,0.0,0.0
8.99;0.0,0.21870310604572296,-0.1694527119398117;1.0,0.0,0.0,0.0
9.0;0.0,0.21720649302005768,-0.16829313337802887;1.0,0.0,0.0,0.0
9.01;0.0,0.21568770706653595,-0.16711637377738953;1.0,0.0,0.0,0.0
9.02;0.0,0.21414723992347717,-0.16592280566692352;1.0,0.0,0.0,0.0
9.03;0.0,0.21258553862571716,-0.16471277177333832;1.0,0.0,0.0,0.0
9.04;0.0,0.21100305020809174,-0.16348665952682495;1.0,0.0,0.0,0.0
9.05;0.0,0.2094002515077591,-0.1622447967529297;1.0,0.0,0.0,0.0
9.06;0.0,0.20777760446071625,-0.16098755598068237;1.0,0.0,0.0,0.0
9.07;0.0,0.2061355710029602,-0.15971530973911285;1.0,0.0,0.0,0.0
9.08;0.0,0.20447459816932678,-0.1584283709526062;1.0,0.0,0.0,0.0
9.09;0.0,0.20279517769813538,-0.15712714195251465;1.0,0.0,0.0,0.0
9.1;0.0,0.2010977417230606,-0.15581196546554565;1.0,0.0,0.0,0.0
9.11;0.0,0.19938276708126068,-0.15448318421840668;1.0,0.0,0.0,0.0
9.12;0.0,0.1976507008075714,-0.15314117074012756;1.0,0.0,0.0,0.0
9.13;0.0,0.195902019739151,-0.15178628265857697;1.0,0.0,0.0,0.0
9.14;0.0,0.19413718581199646,-0.15041887760162354;1.0,0.0,0.0,0.0
9.15;0.0,0.1923566460609436,-0.14903929829597473;1.0,0.0,0.0,0.0
9.16;0.0,0.19056089222431183,-0.1476479321718216;1.0,0.0,0.0,0.0
9.17;0.0,0.18875032663345337,-0.1462451070547104;1.0,0.0,0.0,0.0
9.18;0.0,0.1869254857301712,-0.14483119547367096;1.0,0.0,0.0,0.0
9.19;0.0,0.18508678674697876,-0.14340654015541077;1.0,0.0,0.0,0.0
9.2;0.0,0.18323469161987305,-0.14197154343128204;1.0,0.0,0.0,0.0
9.21;0.0,0.18136967718601227,-0.14052650332450867;1.0,0.0,0.0,0.0
9.22;0.0,0.17949219048023224,-0.13907182216644287;1.0,0.0,0.0,0.0
9.23;0.0,0.17760270833969116,-0.13760784268379211;1.0,0.0,0.0,0.0
9.24;0.0,0.17570167779922485,-0.13613490760326385;1.0,0.0,0.0,0.0
9.25;0.0,0.17378957569599152,-0.13465340435504913;1.0,0.0,0.0,0.0
9.26;0.0,0.17186684906482697,-0.1331636607646942;1.0,0.0,0.0,0.0
9.27;0.0,0.1699339747428894,-0.13166604936122894;1.0,0.0,0.0,0.0
9.28;0.0,0.16799139976501465,-0.13016092777252197;1.0,0.0,0.0,0.0
9.29;0.0,0.1660395860671997,-0.12864865362644196;1.0,0.0,0.0,0.0
9.3;0.0,0.16407901048660278,-0.12712958455085754;1.0,0.0,0.0,0.0
9.31;0.0,0.1621101349592209,-0.1256040781736374;1.0,0.0,0.0,0.0
9.32;0.0,0.16013339161872864,-0.12407248467206955;1.0,0.0,0.0,0.0
9.33;0.0,0.15814925730228424,-0.12253516912460327;1.0,0.0,0.0,0.0
9.34;0.0,0.1561582088470459,-0.12099248915910721;1.0,0.0,0.0,0.0
9.35;0.0,0.15416070818901062,-0.11944480240345001;1.0,0.0,0.0,0.0
9.36;0.0,0.15215718746185303,-0.11789246648550034;1.0,0.0,0.0,0.0
9.37;0.0,0.15014813840389252,-0.11633583903312683;1.0,0.0,0.0,0.0
9.38;0.0,0.1481339931488037,-0.11477527022361755;1.0,0.0,0.0,0.0
9.39;0.0,0.146115243434906,-0.11321112513542175;1.0,0.0,0.0,0.0
9.4;0.0,0.14409233629703522,-0.11164376139640808;1.0,0.0,0.0,0.0
9.41;0.0,0.14206573367118835,-0.11007354408502579;1.0,0.0,0.0,0.0
9.42;0.0,0.14003592729568481,-0.10850081592798233;1.0,0.0,0.0,0.0
9.43;0.0,0.13800331950187683,-0.10692594945430756;1.0,0.0,0.0,0.0
9.44;0.0,0.135968416929245,-0.10534929484128952;1.0,0.0,0.0,0.0
9.45;0.0,0.13393165171146393,-0.10377119481563568;1.0,0.0,0.0,0.0
9.46;0.0,0.13189351558685303,-0.10219203680753708;1.0,0.0,0.0,0.0
9.47;0.0,0.1298544555902481,-0.10061214864253998;1.0,0.0,0.0,0.0
9.48;0.0,0.12781493365764618,-0.09903191775083542;1.0,0.0,0.0,0.0
9.49;0.0,0.12577539682388306,-0.09745167195796967;1.0,0.0,0.0,0.0
9.5;0.0,0.12373635172843933,-0.09587180614471436;1.0,0.0,0.0,0.0
9.51;0.0,0.12169820815324783,-0.09429263323545456;1.0,0.0,0.0,0.0
9.52;0.0,0.11966145038604736,-0.09271454066038132;1.0,0.0,0.0,0.0
9.53;0.0,0.11762654781341553,-0.09113788604736328;1.0,0.0,0.0,0.0
9.54;0.0,0.11559395492076874,-0.08956301957368851;1.0,0.0,0.0,0.0
9.55;0.0,0.11356411874294281,-0.08799028396606445;1.0,0.0,0.0,0.0
9.56;0.0,0.11153754591941833,-0.08642008155584335;1.0,0.0,0.0,0.0
9.57;0.0,0.10951460152864456,-0.08485269546508789;1.0,0.0,0.0,0.0
9.58;0.0,0.10749586671590805,-0.08328857272863388;1.0,0.0,0.0,0.0
9.59;0.0,0.10548172146081924,-0.081727996468544;1.0,0.0,0.0,0.0
9.6;0.0,0.10347268730401993,-0.0801713764667511;1.0,0.0,0.0,0.0
9.61;0.0,0.10146917402744293,-0.07861903309822083;1.0,0.0,0.0,0.0
9.62;0.0,0.09947165846824646,-0.07707134634256363;1.0,0.0,0.0,0.0
9.63;0.0,0.09748059511184692,-0.07552866637706757;1.0,0.0,0.0,0.0
9.64;0.0,0.09549648314714432,-0.07399135828018188;1.0,0.0,0.0,0.0
9.65;0.0,0.09351973980665207,-0.07245975732803345;1.0,0.0,0.0,0.0
9.66;0.0,0.09155087172985077,-0.07093425840139389;1.0,0.0,0.0,0.0
9.67;0.0,0.08959026634693146,-0.06941518187522888;1.0,0.0,0.0,0.0
9.68;0.0,0.0876384899020195,-0.06790290772914886;1.0,0.0,0.0,0.0
9.69;0.0,0.08569588512182236,-0.0663977861404419;1.0,0.0,0.0,0.0
9.7;0.0,0.0837630107998848,-0.06490017473697662;1.0,0.0,0.0,0.0
9.71;0.0,0.08184029906988144,-0.0634104385972023;1.0,0.0,0.0,0.0
9.72;0.0,0.07992815971374512,-0.06192890554666519;1.0,0.0,0.0,0.0
9.73;0.0,0.07802714407444,-0.060455985367298126;1.0,0.0,0.0,0.0
9.74;0.0,0.07613766193389893,-0.05899199843406677;1.0,0.0,0.0,0.0
9.75;0.0,0.07426020503044128,-0.057537324726581573;1.0,0.0,0.0,0.0
9.76;0.0,0.07239516079425812,-0.0560922846198082;1.0,0.0,0.0,0.0
9.77;0.0,0.0705430805683136,-0.054657287895679474;1.0,0.0,0.0,0.0
9.78;0.0,0.06870438158512115,-0.05323264002799988;1.0,0.0,0.0,0.0
9.79;0.0,0.0668795257806778,-0.05181872099637985;1.0,0.0,0.0,0.0
9.8;0.0,0.06506897509098053,-0.05041590332984924;1.0,0.0,0.0,0.0
9.81;0.0,0.06327323615550995,-0.0490245446562767;1.0,0.0,0.0,0.0
9.82;0.0,0.06149269640445709,-0.0476449579000473;1.0,0.0,0.0,0.0
9.83;0.0,0.05972784757614136,-0.046277567744255066;1.0,0.0,0.0,0.0
9.84;0.0,0.05797916650772095,-0.04492267966270447;1.0,0.0,0.0,0.0
9.85;0.0,0.05624710023403168,-0.043580666184425354;1.0,0.0,0.0,0.0
9.86;0.0,0.05453211069107056,-0.04225187003612518;1.0,0.0,0.0,0.0
9.87;0.0,0.05283467471599579,-0.04093669354915619;1.0,0.0,0.0,0.0
9.88;0.0,0.05115525424480438,-0.03963544964790344;1.0,0.0,0.0,0.0
9.89;0.0,0.04949431121349335,-0.03834852576255798;1.0,0.0,0.0,0.0
9.9;0.0,0.047852277755737305,-0.037076279520988464;1.0,0.0,0.0,0.0
9.91;0.0,0.04622960090637207,-0.03581903874874115;1.0,0.0,0.0,0.0
9.92;0.0,0.044626787304878235,-0.0345771461725235;1.0,0.0,0.0,0.0
9.93;0.0,0.04304434359073639,-0.03335107862949371;1.0,0.0,0.0,0.0
9.94;0.0,0.0414825975894928,-0.032141029834747314;1.0,0.0,0.0,0.0
9.95;0.0,0.03994213044643402,-0.030947446823120117;1.0,0.0,0.0,0.0
9.96;0.0,0.03842337429523468,-0.02977071702480316;1.0,0.0,0.0,0.0
9.97;0.0,0.03692673146724701,-0.028611108660697937;1.0,0.0,0.0,0.0
9.98;0.0,0.03545278310775757,-0.02746906876564026;1.0,0.0,0.0,0.0
9.99;0.0,0.03400185704231262,-0.026344895362854004;1.0,0.0,0.0,0.0
10.0;0.0,0.03257448971271515,-0.025238946080207825;1.0,0.0,0.0,0.0
10.01;0.0,0.03117111325263977,-0.02415160834789276;1.0,0.0,0.0,0.0
10.02;0.0,0.029792219400405884,-0.023083239793777466;1.0,0.0,0.0,0.0
10.03;0.0,0.028438270092010498,-0.022034168243408203;1.0,0.0,0.0,0.0
10.04;0.0,0.02710968255996704,-0.021004796028137207;1.0,0.0,0.0,0.0
10.05;0.0,0.02580699324607849,-0.019995450973510742;1.0,0.0,0.0,0.0
10.06;0.0,0.0245305597782135,-0.019006460905075073;1.0,0.0,0.0,0.0
10.07;0.0,0.023280978202819824,-0.018038257956504822;1.0,0.0,0.0,0.0
10.08;0.0,0.022058576345443726,-0.01709112524986267;1.0,0.0,0.0,0.0
10.09;0.0,0.020863860845565796,-0.016165494918823242;1.0,0.0,0.0,0.0
10.1;0.0,0.01969730854034424,-0.015261650085449219;1.0,0.0,0.0,0.0
10.11;0.0,0.018559426069259644,-0.01437997817993164;1.0,0.0,0.0,0.0
10.12;0.0,0.01745063066482544,-0.013520851731300354;1.0,0.0,0.0,0.0
10.13;0.0,0.016371309757232666,-0.012684598565101624;1.0,0.0,0.0,0.0
10.14;0.0,0.015322089195251465,-0.01187165081501007;1.0,0.0,0.0,0.0
10.15;0.0,0.014303267002105713,-0.011082261800765991;1.0,0.0,0.0,0.0
10.16;0.0,0.013315409421920776,-0.010316863656044006;1.0,0.0,0.0,0.0
10.17;0.0,0.012358903884887695,-0.009575769305229187;1.0,0.0,0.0,0.0
10.18;0.0,0.011434316635131836,-0.008859336376190186;1.0,0.0,0.0,0.0
10.19;0.0,0.01054200530052185,-0.008168011903762817;1.0,0.0,0.0,0.0
10.2;0.0,0.009682446718215942,-0.007502049207687378;1.0,0.0,0.0,0.0
10.21;0.0,0.00885617733001709,-0.006861835718154907;1.0,0.0,0.0,0.0
10.22;0.0,0.00806361436843872,-0.006247758865356445;1.0,0.0,0.0,0.0
10.23;0.0,0.007305115461349487,-0.0056600868701934814;1.0,0.0,0.0,0.0
10.24;0.0,0.006581395864486694,-0.005099296569824219;1.0,0.0,0.0,0.0
10.25;0.0,0.005892664194107056,-0.0045656561851501465;1.0,0.0,0.0,0.0
10.26;0.0,0.0052394866943359375,-0.004059553146362305;1.0,0.0,0.0,0.0
10.27;0.0,0.004622340202331543,-0.003581434488296509;1.0,0.0,0.0,0.0
10.28;0.0,0.0040416419506073,-0.0031315088272094727;1.0,0.0,0.0,0.0
10.29;0.0,0.003497868776321411,-0.002710193395614624;1.0,0.0,0.0,0.0
10.3;0.0,0.0029915571212768555,-0.0023178458213806152;1.0,0.0,0.0,0.0
10.31;0.0,0.0025230348110198975,-0.001954883337020874;1.0,0.0,0.0,0.0
10.32;0.0,0.002092808485031128,-0.0016215741634368896;1.0,0.0,0.0,0.0
10.33;0.0,0.0017014145851135254,-0.0013182759284973145;1.0,0.0,0.0,0.0
10.34;0.0,0.0013492703437805176,-0.0010454654693603516;1.0,0.0,0.0,0.0
10.35;0.0,0.0010367929935455322,-0.0008033215999603271;1.0,0.0,0.0,0.0
10.36;0.0,0.0007644891738891602,-0.0005923211574554443;1.0,0.0,0.0,0.0
10.37;0.0,0.0005328357219696045,-0.00041288137435913086;1.0,0.0,0.0,0.0
10.38;0.0,0.0003421902656555176,-0.0002651810646057129;1.0,0.0,0.0,0.0
10.39;0.0,0.00019317865371704102,-0.00014972686767578125;1.0,0.0,0.0,0.0
10.4;0.0,8.612871170043945e-05,-6.67273998260498e-05;1.0,0.0,0.0,0.0
10.41;0.0,2.1636486053466797e-05,-1.6748905181884766e-05;1.0,0.0,0.0,0.0
10.42;0.0,0.0,0.0;1.0,0.0,0.0,0.0
10.43;0.0,0.0,0.0;1.0,0.0,0.0,0.0
10.44;0.0,0.0,0.0;1.0,0.0,0.0,0.0
10.45;0.0,0.0,0.0;1.0,0.0,0.0,0.0
10.46;0.0,0.0,0.0;1.0,0.0,0.0,0.0
10.47;0.0,0.0,0.0;1.0,0.0,0.0,0.0
10.48;0.0,0.0,0.0;1.0,0.0,0.0,0.0
10.49;0.0,0.0,0.0;1.0,0.0,0.0,0.0
10.5;0.0,0.0,0.0;1.0,0.0,0.0,0.0
10.51;0.0,0.0,0.0;1.0,0.0,0.0,0.0
10.52;0.0,0.0,0.0;1.0,0.0,0.0,0.0
10.53;0.0,0.0,0.0;1.0,0.0,0.0,0.0
10.54;0.0,0.0,0.0;1.0,0.0,0.0,0.0
10.55;0.0,0.0,0.0;1.0,0.0,0.0,0.0
10.56;0.0,0.0,0.0;1.0,0.0,0.0,0.0
10.57;0.0,0.0,0.0;1.0,0.0,0.0,0.0
10.58;0.0,0.0,0.0;1.0,0.0,0.0,0.0
10.59;0.0,0.0,0.0;1.0,0.0,0.0,0.0
10.6;0.0,0.0,0.0;1.0,0.0,0.0,0.0
10.61;0.0,0.0,0.0;1.0,0.0,0.0,0.0
10.62;0.0,0.0,0.0;1.0,0.0,0.0,0.0
10.63;0.0,0.0,0.0;1.0,0.0,0.0,0.0
10.64;0.0,0.0,0.0;1.0,0.0,0.0,0.0
10.65;0.0,0.0,0.0;1.0,0.0,0.0,0.0
10.66;0.0,0.0,0.0;1.0,0.0,0.0,0.0
10.67;0.0,0.0,0.0;1.0,0.0,0.0,0.0
10.68;0.0,0.0,0.0;1.0,0.0,0.0,0.0
10.69;0.0,0.0,0.0;1.0,0.0,0.0,0.0
10.7;0.0,0.0,0.0;1.0,0.0,0.0,0.0
10.71;0.0,0.0,0.0;1.0,0.0,0.0,0.0
10.72;0.0,0.0,0.0;1.0,0.0,0.0,0.0
10.73;0.0,0.0,0.0;1.0,0.0,0.0,0.0
10.74;0.0,0.0,0.0;1.0,0.0,0.0,0.0
10.75;0.0,0.0,0.0;1.0,0.0,0.0,0.0
10.76;0.0,0.0,0.0;1.0,0.0,0.0,0.0
10.77;0.0,0.0,0.0;1.0,0.0,0.0,0.0
10.78;0.0,0.0,0.0;1.0,0.0,0.0,0.0
10.79;0.0,0.0,0.0;1.0,0.0,0.0,0.0
10.8;0.0,0.0,0.0;1.0,0.0,0.0,0.0
10.81;0.0,0.0,0.0;1.0,0.0,0.0,0.0
10.82;0.0,0.0,0.0;1.0,0.0,0.0,0.0
10.83;0.0,0.0,0.0;1.0,0.0,0.0,0.0
10.84;0.0,0.0,0.0;1.0,0.0,0.0,0.0
10.85;0.0,0.0,0.0;1.0,0.0,0.0,0.0
10.86;0.0,0.0,0.0;1.0,0.0,0.0,0.0
10.87;0.0,0.0,0.0;1.0,0.0,0.0,0.0
10.88;0.0,0.0,0.0;1.0,0.0,0.0,0.0
10.89;0.0,0.0,0.0;1.0,0.0,0.0,0.0
10.9;0.0,0.0,0.0;1.0,0.0,0.0,0.0
10.91;0.0,0.0,0.0;1.0,0.0,0.0,0.0
10.92;0.0,0.0,0.0;1.0,0.0,0.0,0.0
10.93;0.0,0.0,0.0;1.0,0.0,0.0,0.0
10.94;0.0,0.0,0.0;1.0,0.0,0.0,0.0
10.95;0.0,0.0,0.0;1.0,0.0,0.0,0.0
10.96;0.0,0.0,0.0;1.0,0.0,0.0,0.0
10.97;0.0,0.0,0.0;1.0,0.0,0.0,0.0
10.98;0.0,0.0,0.0;1.0,0.0,0.0,0.0
10.99;0.0,0.0,0.0;1.0,0.0,0.0,0.0
11.0;0.0,0.0,0.0;1.0,0.0,0.0,0.0
11.01;0.0,0.0,0.0;1.0,0.0,0.0,0.0
11.02;0.0,0.0,0.0;1.0,0.0,0.0,0.0
11.03;0.0,0.0,0.0;1.0,0.0,0.0,0.0
11.04;0.0,0.0,0.0;1.0,0.0,0.0,0.0
11.05;0.0,0.0,0.0;1.0,0.0,0.0,0.0
11.06;0.0,0.0,0.0;1.0,0.0,0.0,0.0
11.07;0.0,0.0,0.0;1.0,0.0,0.0,0.0
11.08;0.0,0.0,0.0;1.0,0.0,0.0,0.0
11.09;0.0,0.0,0.0;1.0,0.0,0.0,0.0
11.1;0.0,0.0,0.0;1.0,0.0,0.0,0.0
11.11;0.0,0.0,0.0;1.0,0.0,0.0,0.0
11.12;0.0,0.0,0.0;1.0,0.0,0.0,0.0
11.13;0.0,0.0,0.0;1.0,0.0,0.0,0.0
11.14;0.0,0.0,0.0;1.0,0.0,0.0,0.0
11.15;0.0,0.0,0.0;1.0,0.0,0.0,0.0
11.16;0.0,0.0,0.0;1.0,0.0,0.0,0.0
11.17;0.0,0.0,0.0;1.0,0.0,0.0,0.0
11.18;0.0,0.0,0.0;1.0,0.0,0.0,0.0
11.19;0.0,0.0,0.0;1.0,0.0,0.0,0.0
11.2;0.0,0.0,0.0;1.0,0.0,0.0,0.0
11.21;0.0,0.0,0.0;1.0,0.0,0.0,0.0
11.22;0.0,0.0,0.0;1.0,0.0,0.0,0.0
11.23;0.0,0.0,0.0;1.0,0.0,0.0,0.0
11.24;0.0,0.0,0.0;1.0,0.0,0.0,0.0
11.25;0.0,0.0,0.0;1.0,0.0,0.0,0.0
11.26;0.0,0.0,0.0;1.0,0.0,0.0,0.0
11.27;0.0,0.0,0.0;1.0,0.0,0.0,0.0
11.28;0.0,0.0,0.0;1.0,0.0,0.0,0.0
11.29;0.0,0.0,0.0;1.0,0.0,0.0,0.0
11.3;0.0,0.0,0.0;1.0,0.0,0.0,0.0
11.31;0.0,0.0,0.0;1.0,0.0,0.0,0.0
11.32;0.0,0.0,0.0;1.0,0.0,0.0,0.0
11.33;0.0,0.0,0.0;1.0,0.0,0.0,0.0
11.34;0.0,0.0,0.0;1.0,0.0,0.0,0.0
11.35;0.0,0.0,0.0;1.0,0.0,0.0,0.0
11.36;0.0,0.0,0.0;1.0,0.0,0.0,0.0
11.37;0.0,0.0,0.0;1.0,0.0,0.0,0.0
11.38;0.0,0.0,0.0;1.0,0.0,0.0,0.0
11.39;0.0,0.0,0.0;1.0,0.0,0.0,0.0
11.4;0.0,0.0,0.0;1.0,0.0,0.0,0.0
11.41;0.0,0.0,0.0;1.0,0.0,0.0,0.0
11.42;0.0,0.0,0.0;1.0,0.0,0.0,0.0
11.43;0.0,0.0,0.0;1.0,0.0,0.0,0.0
11.44;0.0,0.0,0.0;1.0,0.0,0.0,0.0
11.45;0.0,0.0,0.0;1.0,0.0,0.0,0.0
11.46;0.0,0.0,0.0;1.0,0.0,0.0,0.0
11.47;0.0,0.0,0.0;1.0,0.0,0.0,0.0
11.48;0.0,0.0,0.0;1.0,0.0,0.0,0.0
11.49;0.0,0.0,0.0;1.0,0.0,0.0,0.0
11.5;0.0,0.0,0.0;1.0,0.0,0.0,0.0
11.51;0.0,0.0,0.0;1.0,0.0,0.0,0.0
11.52;0.0,0.0,0.0;1.0,0.0,0.0,0.0
11.53;0.0,0.0,0.0;1.0,0.0,0.0,0.0
11.54;0.0,0.0,0.0;1.0,0.0,0.0,0.0
11.55;0.0,0.0,0.0;1.0,0.0,0.0,0.0
11.56;0.0,0.0,0.0;1.0,0.0,0.0,0.0
11.57;0.0,0.0,0.0;1.0,0.0,0.0,0.0
11.58;0.0,0.0,0.0;1.0,0.0,0.0,0.0
11.59;0.0,0.0,0.0;1.0,0.0,0.0,0.0
11.6;0.0,0.0,0.0;1.0,0.0,0.0,0.0
11.61;0.0,0.0,0.0;1.0,0.0,0.0,0.0
11.62;0.0,0.0,0.0;1.0,0.0,0.0,0.0
11.63;0.0,0.0,0.0;1.0,0.0,0.0,0.0
11.64;0.0,0.0,0.0;1.0,0.0,0.0,0.0
11.65;0.0,0.0,0.0;1.0,0.0,0.0,0.0
11.66;0.0,0.0,0.0;1.0,0.0,0.0,0.0
11.67;0.0,0.0,0.0;1.0,0.0,0.0,0.0
11.68;0.0,0.0,0.0;1.0,0.0,0.0,0.0
11.69;0.0,0.0,0.0;1.0,0.0,0.0,0.0
11.7;0.0,0.0,0.0;1.0,0.0,0.0,0.0
11.71;0.0,0.0,0.0;1.0,0.0,0.0,0.0
11.72;0.0,0.0,0.0;1.0,0.0,0.0,0.0
11.73;0.0,0.0,0.0;1.0,0.0,0.0,0.0
11.74;0.0,0.0,0.0;1.0,0.0,0.0,0.0
11.75;0.0,0.0,0.0;1.0,0.0,0.0,0.0
11.76;0.0,0.0,0.0;1.0,0.0,0.0,0.0
11.77;0.0,0.0,0.0;1.0,0.0,0.0,0.0
11.78;0.0,0.0,0.0;1.0,0.0,0.0,0.0
11.79;0.0,0.0,0.0;1.0,0.0,0.0,0.0
11.8;0.0,0.0,0.0;1.0,0.0,0.0,0.0
11.81;0.0,0.0,0.0;1.0,0.0,0.0,0.0
11.82;0.0,0.0,0.0;1.0,0.0,0.0,0.0
11.83;0.0,0.0,0.0;1.0,0.0,0.0,0.0
11.84;0.0,0.0,0.0;1.0,0.0,0.0,0.0
11.85;0.0,0.0,0.0;1.0,0.0,0.0,0.0
11.86;0.0,0.0,0.0;1.0,0.0,0.0,0.0
11.87;0.0,0.0,0.0;1.0,0.0,0.0,0.0
11.88;0.0,0.0,0.0;1.0,0.0,0.0,0.0
11.89;0.0,0.0,0.0;1.0,0.0,0.0,0.0
11.9;0.0,0.0,0.0;1.0,0.0,0.0,0.0
11.91;0.0,0.0,0.0;1.0,0.0,0.0,0.0
11.92;0.0,0.0,0.0;1.0,0.0,0.0,0.0
11.93;0.0,0.0,0.0;1.0,0.0,0.0,0.0
11.94;0.0,0.0,0.0;1.0,0.0,0.0,0.0
11.95;0.0,0.0,0.0;1.0,0.0,0.0,0.0
11.96;0.0,0.0,0.0;1.0,0.0,0.0,0.0
11.97;0.0,0.0,0.0;1.0,0.0,0.0,0.0
11.98;0.0,0.0,0.0;1.0,0.0,0.0,0.0
11.99;0.0,0.0,0.0;1.0,0.0,0.0,0.0
